-------------------------------------------------------------
----------------------- !PROPERTIES! ------------------------
-------------------------------------------------------------
# -----------------------------------------------------------
$ SCF_Energy
   description: The SCF energy
   geom. index: 1
   prop. index: 1
        SCF Energy:    -2205.0665582816
# -----------------------------------------------------------
$ DFT_Energy
   description: The DFT energy
   geom. index: 1
   prop. index: 1
   Number of Alpha Electrons                126.0000016262 
   Number of Beta  Electrons                126.0000016262 
   Total number of  Electrons               252.0000032524 
   Exchange energy                         -193.0640115750 
   Correlation energy                       -10.6429463604 
   Correlation energy NL                      0.0000000000 
   Exchange-Correlation energy             -203.7069579354 
   Embedding correction                       0.0000000000 
   Total DFT Energy (No VdW correction)   -2205.0665582816 
# -----------------------------------------------------------
$ Mayer_Pop
   description: The Mayer population analysis
   geom. index: 1
   prop. index: 1
     Number of atoms                     : 47
     Threshold for printing              : 0.1000000
     Number of bond orders printed       : 50
  NA   - Mulliken gross atomic population
  ZA   - Total nuclear charge
  QA   - Mulliken gross atomic charge
  VA   - Mayer's total valence
  BVA  - Mayer's bonded valence
  FA   - Mayer's free valence
  ATOM       NA         ZA         QA         VA         BVA        FA
  0   0     5.9743     6.0000     0.0257     3.8446     3.8446     0.0000
  1   0     6.0510     6.0000    -0.0510     3.7904     3.7904    -0.0000
  2   0     5.6992     6.0000     0.3008     3.8848     3.8848     0.0000
  3   0     6.0589     6.0000    -0.0589     3.8303     3.8303    -0.0000
  4   0     6.0238     6.0000    -0.0238     3.8293     3.8293    -0.0000
  5   0     5.9524     6.0000     0.0476     3.8206     3.8206    -0.0000
  6   0     5.8517     6.0000     0.1483     4.0063     4.0063     0.0000
  7   0     5.8536     6.0000     0.1464     3.9690     3.9690     0.0000
  8   0     7.3106     7.0000    -0.3106     2.9973     2.9973     0.0000
  9   0    15.2205    16.0000     0.7795     5.2008     5.2008     0.0000
 10   0     8.4404     8.0000    -0.4404     1.9641     1.9641    -0.0000
 11   0     8.4629     8.0000    -0.4629     1.9314     1.9314     0.0000
 12   0     6.0955     6.0000    -0.0955     3.8350     3.8350     0.0000
 13   0     5.4302     6.0000     0.5698     4.4199     4.4199    -0.0000
 14   0     9.1944     9.0000    -0.1944     1.1615     1.1615     0.0000
 15   0     9.1751     9.0000    -0.1751     1.1860     1.1860    -0.0000
 16   0     9.1735     9.0000    -0.1735     1.1868     1.1868     0.0000
 17   0     7.1872     7.0000    -0.1872     3.1623     3.1623    -0.0000
 18   0     5.9422     6.0000     0.0578     4.2402     4.2402    -0.0000
 19   0     7.1568     7.0000    -0.1568     3.0911     3.0911     0.0000
 20   0     5.9135     6.0000     0.0865     4.0019     4.0019    -0.0000
 21   0     6.0395     6.0000    -0.0395     3.7589     3.7589    -0.0000
 22   0     5.9093     6.0000     0.0907     3.9813     3.9813    -0.0000
 23   0     7.1303     7.0000    -0.1303     3.1166     3.1166     0.0000
 24   0     5.8524     6.0000     0.1476     3.9834     3.9834    -0.0000
 25   0     7.1395     7.0000    -0.1395     2.9665     2.9665    -0.0000
 26   0     7.1027     7.0000    -0.1027     2.9707     2.9707     0.0000
 27   0     5.9991     6.0000     0.0009     3.9762     3.9762    -0.0000
 28   0     8.1341     8.0000    -0.1341     2.4485     2.4485    -0.0000
 29   0     5.4393     6.0000     0.5607     4.1179     4.1179    -0.0000
 30   0     9.2138     9.0000    -0.2138     1.1372     1.1372     0.0000
 31   0     9.2384     9.0000    -0.2384     1.1070     1.1070     0.0000
 32   0     9.1942     9.0000    -0.1942     1.1729     1.1729    -0.0000
 33   0     1.0132     1.0000    -0.0132     1.0162     1.0162     0.0000
 34   0     1.0162     1.0000    -0.0162     0.9904     0.9904    -0.0000
 35   0     1.0221     1.0000    -0.0221     0.9906     0.9906     0.0000
 36   0     1.0343     1.0000    -0.0343     0.9938     0.9938     0.0000
 37   0     0.9718     1.0000     0.0282     0.9777     0.9777    -0.0000
 38   0     0.9470     1.0000     0.0530     1.0168     1.0168     0.0000
 39   0     1.0192     1.0000    -0.0192     0.9998     0.9998     0.0000
 40   0     0.8453     1.0000     0.1547     1.0014     1.0014     0.0000
 41   0     0.9177     1.0000     0.0823     1.0026     1.0026    -0.0000
 42   0     0.9042     1.0000     0.0958     1.0074     1.0074    -0.0000
 43   0     0.8452     1.0000     0.1548     0.9917     0.9917    -0.0000
 44   0     0.9588     1.0000     0.0412     1.0112     1.0112    -0.0000
 45   0     0.9813     1.0000     0.0187     0.9994     0.9994     0.0000
 46   0     0.9635     1.0000     0.0365     1.0029     1.0029    -0.0000
      Bond orders larger than 0.1000000
           Atom A     A.N. of A          Atom B    A.N. of B              Bond order
                0             6               1            6                1.353203
                0             6               5            6                1.396556
                0             6              33            1                0.976192
                1             6               2            6                1.339316
                1             6              34            1                0.987471
                2             6               3            6                1.373157
                2             6              32            9                1.089327
                3             6               4            6                1.357693
                3             6              35            1                0.989368
                4             6               5            6                1.375695
                4             6              36            1                0.992722
                5             6               6            6                0.959887
                6             6               7            6                1.098320
                6             6              17            7                0.980898
                6             6              37            1                0.884764
                7             6               8            7                0.968528
                7             6              38            1                0.900352
                7             6              39            1                0.903441
                8             7               9           16                0.907742
                8             7              40            1                0.895396
                9            16              10            8                1.706795
                9            16              11            8                1.635562
                9            16              12            6                0.843115
               12             6              13            6                1.004815
               12             6              41            1                0.910296
               12             6              42            1                0.903188
               13             6              14            9                1.086296
               13             6              15            9                1.122691
               13             6              16            9                1.123174
               17             7              18            6                1.158615
               17             7              43            1                0.904611
               18             6              19            7                1.409386
               18             6              23            7                1.451042
               19             7              20            6                1.510483
               20             6              21            6                1.363266
               20             6              44            1                0.976766
               21             6              22            6                1.323060
               21             6              24            6                1.020727
               22             6              23            7                1.530448
               22             6              45            1                0.984793
               24             6              25            7                1.579247
               24             6              27            6                0.106847
               24             6              28            8                1.210692
               25             7              26            7                1.267354
               26             7              27            6                1.590779
               27             6              28            8                1.170504
               27             6              29            6                1.005736
               29             6              30            9                1.086436
               29             6              31            9                1.051298
               29             6              46            1                0.946686
# -----------------------------------------------------------
$ Calculation_Info
   description: Details of the calculation
   geom. index: 1
   prop. index: 1
     Multiplicity:                          1
     Charge:                                0
     number of atoms:                       47
     number of electrons:                   0
     number of frozen core electrons:       1
     number of correlated electrons:        0
     number of basis functions:             536
     number of aux C basis functions:       0
     number of aux J basis functions:       1773
     number of aux JK basis functions:      0
     number of aux CABS basis functions:    0
     Total Energy                           -2205.066558
# -----------------------------------------------------------
$ SCF_Electric_Properties
   description: The SCF Calculated Electric Properties
   geom. index: 1
   prop. index: 1
       Filename                          : 244.scfp 
       Do Dipole Moment Calculation      : true 
       Do Quadrupole Moment Calculation  : false 
       Do Polarizability Calculation     : true 
** Dipole moment part of electric properties **
        Magnitude of dipole moment (Debye) :        7.8242167518
        Electronic Contribution:
                  0    
      0       8.751739
      1      19.132365
      2      -6.600310
        Nuclear Contribution:
                  0    
      0      -8.259378
      1     -18.778345
      2       9.618206
        Total Dipole moment:
                  0    
      0       0.492361
      1       0.354021
      2       3.017896
** Polarizabilities part of electric properties **
        Isotropic polarizability :      257.3262767951
        The raw cartesian tensor (atomic units):
                  0          1          2    
      0     326.261131  19.434601  -4.620917
      1      19.434601 229.448905   9.497536
      2      -4.620917   9.497536 216.268794
        Diagonalised polarizability tensor :
                  0    
      0     209.699358
      1     232.196333
      2     330.083139
# -------------------------------------------------------------
----------------------- !GEOMETRIES! ------------------------
# -------------------------------------------------------------
------------------------ !GEOMETRY! -------------------------
    Number of atoms:    47 
    Geometry Index:     1 
    Coordinates:
               0 C     -1.536228000000   -2.561552000000   -0.826288000000
               1 C     -0.960420000000   -3.662842000000   -1.419169000000
               2 C     -0.160343000000   -4.537582000000   -0.675731000000
               3 C      0.043328000000   -4.282511000000    0.655809000000
               4 C     -0.543240000000   -3.168592000000    1.240512000000
               5 C     -1.332838000000   -2.303644000000    0.510800000000
               6 C     -1.924212000000   -1.135703000000    1.204694000000
               7 C     -2.804239000000   -0.275807000000    0.387611000000
               8 N     -2.254608000000    0.353737000000   -0.762987000000
               9 S     -3.517861000000    1.282095000000   -1.519511000000
              10 O     -3.027847000000    1.971274000000   -2.741487000000
              11 O     -4.690310000000    0.394713000000   -1.824517000000
              12 C     -4.037314000000    2.504766000000   -0.345715000000
              13 C     -5.140095000000    3.341041000000   -0.961342000000
              14 F     -5.505387000000    4.276355000000   -0.002317000000
              15 F     -4.708572000000    3.959100000000   -2.124633000000
              16 F     -6.215585000000    2.527712000000   -1.252221000000
              17 N     -0.982426000000   -0.457856000000    2.061220000000
              18 C      0.314564000000   -0.116315000000    1.618647000000
              19 N      0.677490000000   -0.449787000000    0.372784000000
              20 C      1.918230000000   -0.146896000000   -0.112821000000
              21 C      2.820681000000    0.505592000000    0.664085000000
              22 C      2.456773000000    0.852647000000    1.946395000000
              23 N      1.209345000000    0.531041000000    2.390044000000
              24 C      4.152842000000    0.833641000000    0.150882000000
              25 N      4.620633000000    0.543628000000   -1.086325000000
              26 N      5.859550000000    0.994856000000   -1.182287000000
              27 C      6.184510000000    1.571285000000   -0.012629000000
              28 O      5.133904000000    1.452068000000    0.755948000000
              29 C      7.499790000000    2.224272000000    0.339135000000
              30 F      8.016613000000    1.691047000000    1.504460000000
              31 F      7.204074000000    3.564231000000    0.622118000000
              32 F      0.408191000000   -5.614737000000   -1.236992000000
              33 H     -2.143098000000   -1.919058000000   -1.437903000000
              34 H     -1.112043000000   -3.875933000000   -2.465952000000
              35 H      0.661821000000   -4.961683000000    1.223710000000
              36 H     -0.339664000000   -3.026481000000    2.301398000000
              37 H     -2.646584000000   -1.629801000000    1.966106000000
              38 H     -3.671648000000   -0.891514000000    0.060157000000
              39 H     -3.195636000000    0.534775000000    1.068419000000
              40 H     -1.436470000000    0.975369000000   -0.553864000000
              41 H     -3.158750000000    3.151578000000   -0.127228000000
              42 H     -4.464602000000    2.052723000000    0.576485000000
              43 H     -1.208527000000   -0.178547000000    3.064275000000
              44 H      2.173824000000   -0.437839000000   -1.137203000000
              45 H      3.170825000000    1.373267000000    2.572241000000
              46 H      8.191561000000    2.171868000000   -0.506087000000
