-------------------------------------------------------------
----------------------- !PROPERTIES! ------------------------
-------------------------------------------------------------
# -----------------------------------------------------------
$ SCF_Energy
   description: The SCF energy
   geom. index: 1
   prop. index: 1
        SCF Energy:    -1078.1524884671
# -----------------------------------------------------------
$ DFT_Energy
   description: The DFT energy
   geom. index: 1
   prop. index: 1
   Number of Alpha Electrons                 91.0002212124 
   Number of Beta  Electrons                 91.0002212124 
   Total number of  Electrons               182.0004424248 
   Exchange energy                         -117.4926652379 
   Correlation energy                        -7.2263168718 
   Correlation energy NL                      0.0000000000 
   Exchange-Correlation energy             -124.7189821097 
   Embedding correction                       0.0000000000 
   Total DFT Energy (No VdW correction)   -1078.1524884671 
# -----------------------------------------------------------
$ Mayer_Pop
   description: The Mayer population analysis
   geom. index: 1
   prop. index: 1
     Number of atoms                     : 51
     Threshold for printing              : 0.1000000
     Number of bond orders printed       : 54
  NA   - Mulliken gross atomic population
  ZA   - Total nuclear charge
  QA   - Mulliken gross atomic charge
  VA   - Mayer's total valence
  BVA  - Mayer's bonded valence
  FA   - Mayer's free valence
  ATOM       NA         ZA         QA         VA         BVA        FA
  0   0     5.9096     6.0000     0.0904     3.8834     3.8834     0.0000
  1   0     6.0113     6.0000    -0.0113     3.9566     3.9566     0.0000
  2   0     6.1328     6.0000    -0.1328     3.7808     3.7808    -0.0000
  3   0     5.7979     6.0000     0.2021     3.7560     3.7560    -0.0000
  4   0     6.0104     6.0000    -0.0104     3.7351     3.7351     0.0000
  5   0     6.0496     6.0000    -0.0496     3.8218     3.8218     0.0000
  6   0     6.0309     6.0000    -0.0309     3.8588     3.8588    -0.0000
  7   0     5.9300     6.0000     0.0700     4.1000     4.1000     0.0000
  8   0     8.3318     8.0000    -0.3318     2.1531     2.1531     0.0000
  9   0     5.8109     6.0000     0.1891     3.8046     3.8046     0.0000
 10   0     6.1772     6.0000    -0.1772     3.7361     3.7361     0.0000
 11   0     5.8024     6.0000     0.1976     3.9143     3.9143    -0.0000
 12   0     5.8130     6.0000     0.1870     3.9886     3.9886    -0.0000
 13   0     6.1531     6.0000    -0.1531     3.6542     3.6542    -0.0000
 14   0     5.9075     6.0000     0.0925     3.6894     3.6894    -0.0000
 15   0     8.2446     8.0000    -0.2446     2.1794     2.1794     0.0000
 16   0     8.3311     8.0000    -0.3311     2.1846     2.1846    -0.0000
 17   0     5.8269     6.0000     0.1731     3.9366     3.9366    -0.0000
 18   0     5.9144     6.0000     0.0856     3.9065     3.9065    -0.0000
 19   0     5.9268     6.0000     0.0732     3.9937     3.9937     0.0000
 20   0     5.8769     6.0000     0.1231     3.9227     3.9227    -0.0000
 21   0     6.0849     6.0000    -0.0849     4.0114     4.0114    -0.0000
 22   0     6.2164     6.0000    -0.2164     4.2585     4.2585    -0.0000
 23   0     5.9136     6.0000     0.0864     3.9212     3.9212     0.0000
 24   0     5.9316     6.0000     0.0684     3.9453     3.9453    -0.0000
 25   0     0.9796     1.0000     0.0204     0.9908     0.9908    -0.0000
 26   0     0.9900     1.0000     0.0100     0.9960     0.9960    -0.0000
 27   0     0.9727     1.0000     0.0273     0.9874     0.9874     0.0000
 28   0     1.0630     1.0000    -0.0630     0.9830     0.9830    -0.0000
 29   0     1.0298     1.0000    -0.0298     0.9901     0.9901     0.0000
 30   0     1.0486     1.0000    -0.0486     0.9824     0.9824    -0.0000
 31   0     1.0523     1.0000    -0.0523     1.0150     1.0150    -0.0000
 32   0     1.0807     1.0000    -0.0807     0.9961     0.9961    -0.0000
 33   0     0.8008     1.0000     0.1992     0.9898     0.9898    -0.0000
 34   0     0.9792     1.0000     0.0208     0.9811     0.9811     0.0000
 35   0     0.9755     1.0000     0.0245     0.9833     0.9833    -0.0000
 36   0     0.9732     1.0000     0.0268     0.9852     0.9852    -0.0000
 37   0     0.9856     1.0000     0.0144     1.0039     1.0039     0.0000
 38   0     0.9935     1.0000     0.0065     0.9989     0.9989     0.0000
 39   0     0.9879     1.0000     0.0121     1.0025     1.0025     0.0000
 40   0     1.0007     1.0000    -0.0007     0.9987     0.9987     0.0000
 41   0     1.0072     1.0000    -0.0072     0.9956     0.9956     0.0000
 42   0     1.0154     1.0000    -0.0154     1.0187     1.0187    -0.0000
 43   0     0.9834     1.0000     0.0166     0.9884     0.9884    -0.0000
 44   0     1.0402     1.0000    -0.0402     0.9926     0.9926    -0.0000
 45   0     0.9777     1.0000     0.0223     0.9847     0.9847    -0.0000
 46   0     0.9871     1.0000     0.0129     0.9951     0.9951    -0.0000
 47   0     0.9971     1.0000     0.0029     0.9872     0.9872     0.0000
 48   0     0.9701     1.0000     0.0299     0.9863     0.9863    -0.0000
 49   0     0.9643     1.0000     0.0357     0.9850     0.9850    -0.0000
 50   0     1.0087     1.0000    -0.0087     0.9939     0.9939    -0.0000
      Bond orders larger than 0.1000000
           Atom A     A.N. of A          Atom B    A.N. of B              Bond order
                0             6               1            6                1.058671
                0             6              25            1                0.955372
                0             6              26            1                0.953965
                0             6              27            1                0.947481
                1             6               2            6                1.336318
                1             6               6            6                1.423068
                2             6               3            6                1.322301
                2             6              28            1                0.993338
                3             6               4            6                1.375500
                3             6              14            6                1.031148
                4             6               5            6                1.357833
                4             6               7            6                0.960797
                5             6               6            6                1.338692
                5             6              29            1                0.986773
                6             6              30            1                0.979366
                7             6               8            8                0.903771
                7             6              18            6                1.071809
                7             6              19            6                1.032878
                8             8               9            6                1.122924
                9             6              10            6                1.262543
                9             6              14            6                1.321522
               10             6              11            6                1.302991
               10             6              13            6                0.112513
               10             6              31            1                1.012338
               11             6              12            6                1.399171
               11             6              16            8                1.114719
               12             6              13            6                1.295028
               12             6              15            8                1.194339
               13             6              14            6                1.269180
               13             6              32            1                0.988897
               15             8              33            1                0.932895
               16             8              17            6                0.984029
               17             6              34            1                0.966727
               17             6              35            1                0.957981
               17             6              36            1                0.972602
               18             6              37            1                0.946656
               18             6              38            1                0.948275
               18             6              39            1                0.949220
               19             6              20            6                1.093100
               19             6              40            1                0.921058
               19             6              41            1                0.922907
               20             6              21            6                1.015701
               20             6              42            1                0.913163
               20             6              43            1                0.883042
               21             6              22            6                1.928333
               21             6              44            1                0.955552
               22             6              23            6                1.081573
               22             6              24            6                1.086269
               23             6              45            1                0.949388
               23             6              46            1                0.961395
               23             6              47            1                0.945146
               24             6              48            1                0.944853
               24             6              49            1                0.942636
               24             6              50            1                0.942811
# -----------------------------------------------------------
$ Calculation_Info
   description: Details of the calculation
   geom. index: 1
   prop. index: 1
     Multiplicity:                          1
     Charge:                                0
     number of atoms:                       51
     number of electrons:                   0
     number of frozen core electrons:       1
     number of correlated electrons:        0
     number of basis functions:             480
     number of aux C basis functions:       0
     number of aux J basis functions:       1511
     number of aux JK basis functions:      0
     number of aux CABS basis functions:    0
     Total Energy                           -1078.152488
# -----------------------------------------------------------
$ SCF_Electric_Properties
   description: The SCF Calculated Electric Properties
   geom. index: 1
   prop. index: 1
       Filename                          : 91.scfp 
       Do Dipole Moment Calculation      : true 
       Do Quadrupole Moment Calculation  : false 
       Do Polarizability Calculation     : true 
** Dipole moment part of electric properties **
        Magnitude of dipole moment (Debye) :        2.1567030108
        Electronic Contribution:
                  0    
      0      30.745992
      1       3.494215
      2      -0.337121
        Nuclear Contribution:
                  0    
      0     -31.383549
      1      -3.422221
      2      -0.218109
        Total Dipole moment:
                  0    
      0      -0.637557
      1       0.071994
      2      -0.555231
** Polarizabilities part of electric properties **
        Isotropic polarizability :      261.6632579639
        The raw cartesian tensor (atomic units):
                  0          1          2    
      0     323.737324 -10.081390  15.279022
      1     -10.081390 161.218080  -4.661752
      2      15.279022  -4.661752 300.034370
        Diagonalised polarizability tensor :
                  0    
      0     160.495380
      1     292.549658
      2     331.944736
# -------------------------------------------------------------
----------------------- !GEOMETRIES! ------------------------
# -------------------------------------------------------------
------------------------ !GEOMETRY! -------------------------
    Number of atoms:    51 
    Geometry Index:     1 
    Coordinates:
               0 C      1.527809000000    0.301625000000   -5.110669000000
               1 C      0.989661000000    0.475937000000   -3.734204000000
               2 C      1.865007000000    0.316752000000   -2.645017000000
               3 C      1.398711000000    0.471121000000   -1.356746000000
               4 C      0.064885000000    0.782718000000   -1.105746000000
               5 C     -0.794020000000    0.940530000000   -2.172663000000
               6 C     -0.304937000000    0.781799000000   -3.459737000000
               7 C     -0.462351000000    0.908430000000    0.252063000000
               8 O      0.586037000000    0.888216000000    1.223607000000
               9 C      1.885059000000    0.577729000000    1.005974000000
              10 C      2.756926000000    0.478175000000    2.069123000000
              11 C      4.083927000000    0.165097000000    1.888458000000
              12 C      4.588550000000   -0.060624000000    0.632524000000
              13 C      3.692529000000    0.043867000000   -0.434702000000
              14 C      2.364239000000    0.356897000000   -0.257790000000
              15 O      5.927917000000   -0.378882000000    0.424232000000
              16 O      4.976897000000    0.061320000000    2.956967000000
              17 C      4.499598000000    0.285380000000    4.264876000000
              18 C     -1.192949000000    2.213584000000    0.439718000000
              19 C     -1.348411000000   -0.240670000000    0.690374000000
              20 C     -2.558309000000   -0.480835000000   -0.120688000000
              21 C     -3.284176000000   -1.647825000000    0.515803000000
              22 C     -4.522591000000   -1.511128000000    0.974679000000
              23 C     -5.238138000000   -2.654667000000    1.600159000000
              24 C     -5.200194000000   -0.193436000000    0.859318000000
              25 H      2.309299000000   -0.478637000000   -5.157371000000
              26 H      0.703411000000    0.130382000000   -5.823627000000
              27 H      2.003509000000    1.267980000000   -5.389829000000
              28 H      2.889450000000    0.073883000000   -2.888159000000
              29 H     -1.846327000000    1.193534000000   -2.093423000000
              30 H     -0.981513000000    0.905150000000   -4.317615000000
              31 H      2.428248000000    0.643570000000    3.092880000000
              32 H      4.091856000000   -0.135182000000   -1.422682000000
              33 H      6.218513000000   -0.529722000000   -0.532103000000
              34 H      3.985231000000   -0.608169000000    4.694047000000
              35 H      3.918268000000    1.212577000000    4.370831000000
              36 H      5.413329000000    0.424883000000    4.909199000000
              37 H     -0.484473000000    3.073289000000    0.616154000000
              38 H     -1.836219000000    2.188761000000    1.356520000000
              39 H     -1.769110000000    2.489641000000   -0.466342000000
              40 H     -1.657891000000   -0.003833000000    1.736708000000
              41 H     -0.770084000000   -1.181968000000    0.756863000000
              42 H     -3.280697000000    0.323352000000   -0.198207000000
              43 H     -2.220039000000   -0.903833000000   -1.104395000000
              44 H     -2.807949000000   -2.608197000000    0.606882000000
              45 H     -5.198836000000   -2.546853000000    2.704109000000
              46 H     -4.829172000000   -3.626636000000    1.264884000000
              47 H     -6.320924000000   -2.657731000000    1.337404000000
              48 H     -4.706941000000    0.592470000000    1.486536000000
              49 H     -5.312127000000    0.138044000000   -0.196693000000
              50 H     -6.240487000000   -0.263922000000    1.257514000000
