-------------------------------------------------------------
----------------------- !PROPERTIES! ------------------------
-------------------------------------------------------------
# -------------------------------------------------------------
----------------------- !GEOMETRIES! ------------------------
# -------------------------------------------------------------
------------------------ !GEOMETRY! -------------------------
    Number of atoms:    93 
    Geometry Index:     1 
    Coordinates:
               0  C      6.633576000000   -1.672397000000   -1.366756000000
               1  C      6.080209000000   -1.600051000000    0.072267000000
               2  C      5.278715000000   -2.841464000000    0.291244000000
               3  C      7.229137000000   -1.557579000000    1.041940000000
               4  C      5.232678000000   -0.376265000000    0.076630000000
               5  C      3.885812000000   -0.542250000000   -0.171986000000
               6  C      2.978628000000    0.488064000000   -0.234291000000
               7  C      3.517395000000    1.756098000000   -0.022493000000
               8  C      4.861655000000    1.952733000000    0.229107000000
               9  C      5.721360000000    0.869508000000    0.275561000000
              10  C      5.409945000000    3.306558000000    0.468815000000
              11  C      4.700663000000    3.849403000000    1.715487000000
              12  C      6.892302000000    3.233632000000    0.718471000000
              13  C      5.146889000000    4.213560000000   -0.715815000000
              14  O      2.688992000000    2.857713000000   -0.063725000000
              15  C      1.558897000000    0.315582000000   -0.546445000000
              16  N      0.869047000000   -0.640166000000   -0.799700000000
              17  C      0.739541000000   -1.963477000000   -0.981247000000
              18  C      1.499532000000   -2.566127000000   -2.180471000000
              19  C      1.044442000000   -3.977378000000   -2.379873000000
              20  C      0.406940000000   -4.594238000000   -1.176317000000
              21  C     -0.772543000000   -3.841441000000   -0.642947000000
              22  C     -0.700024000000   -2.401879000000   -1.200982000000
              23  N     -1.756001000000   -1.629001000000   -0.790732000000
              24  C     -1.961208000000   -0.459989000000   -0.460597000000
              25  C     -3.321828000000    0.000833000000   -0.061736000000
              26  C     -4.344583000000   -0.936102000000   -0.083749000000
              27  C     -5.604827000000   -0.520190000000    0.267448000000
              28  C     -5.812237000000    0.790351000000    0.625014000000
              29  C     -4.790642000000    1.735095000000    0.650894000000
              30  C     -3.513948000000    1.312272000000    0.294292000000
              31  C     -5.022074000000    3.144302000000    1.047541000000
              32  C     -3.975114000000    3.662264000000    2.001754000000
              33  C     -6.413353000000    3.263586000000    1.613531000000
              34  C     -4.986924000000    3.990419000000   -0.205099000000
              35  C     -6.729745000000   -1.490992000000    0.251040000000
              36  C     -6.847136000000   -2.000312000000   -1.169886000000
              37  C     -8.032855000000   -0.743957000000    0.548681000000
              38  C     -6.579696000000   -2.598128000000    1.266533000000
              39  O     -4.079890000000   -2.270808000000   -0.460439000000
              40  Co     0.000000000000    0.000000000000    0.000000000000
              41  H      5.770945000000   -1.618145000000   -2.048896000000
              42  H      7.202095000000   -0.735491000000   -1.515223000000
              43  H      7.245306000000   -2.577812000000   -1.519321000000
              44  H      4.709038000000   -3.149706000000   -0.616465000000
              45  H      5.944628000000   -3.694982000000    0.566744000000
              46  H      4.544092000000   -2.720602000000    1.098735000000
              47  H      6.852566000000   -1.525511000000    2.061710000000
              48  H      7.873937000000   -0.696306000000    0.752705000000
              49  H      7.793749000000   -2.515790000000    0.873109000000
              50  H      3.492043000000   -1.529167000000   -0.303275000000
              51  H      6.780045000000    0.969606000000    0.471608000000
              52  H      4.447835000000    4.923317000000    1.538789000000
              53  H      5.437026000000    3.845437000000    2.554684000000
              54  H      3.798965000000    3.282048000000    1.948944000000
              55  H      7.152743000000    2.600903000000    1.583666000000
              56  H      7.383568000000    2.812553000000   -0.197184000000
              57  H      7.327459000000    4.243932000000    0.860734000000
              58  H      6.049039000000    4.780454000000   -1.030471000000
              59  H      4.389178000000    4.971792000000   -0.425626000000
              60  H      4.728158000000    3.611784000000   -1.561959000000
              61  H      1.023178000000    1.341964000000   -0.537530000000
              62  H      1.143452000000   -2.612878000000   -0.116500000000
              63  H      2.586473000000   -2.614598000000   -2.003411000000
              64  H      1.261715000000   -1.974025000000   -3.075425000000
              65  H      1.921712000000   -4.643306000000   -2.639632000000
              66  H      0.313022000000   -4.002249000000   -3.219423000000
              67  H      1.206238000000   -4.687691000000   -0.384808000000
              68  H      0.024130000000   -5.614414000000   -1.449469000000
              69  H     -1.723361000000   -4.322228000000   -0.919396000000
              70  H     -0.638505000000   -3.708308000000    0.455044000000
              71  H     -0.756819000000   -2.605736000000   -2.344047000000
              72  H     -1.207550000000    0.305274000000   -0.443140000000
              73  H     -6.787459000000    1.149958000000    0.902140000000
              74  H     -2.703215000000    2.031255000000    0.309348000000
              75  H     -3.029261000000    3.741718000000    1.405825000000
              76  H     -4.273498000000    4.699308000000    2.261302000000
              77  H     -3.851585000000    3.077435000000    2.916872000000
              78  H     -6.588301000000    2.512412000000    2.397695000000
              79  H     -6.497440000000    4.314181000000    2.001016000000
              80  H     -7.112795000000    3.134063000000    0.763042000000
              81  H     -5.398235000000    3.450140000000   -1.091569000000
              82  H     -5.625248000000    4.890124000000   -0.047661000000
              83  H     -3.930255000000    4.247435000000   -0.455640000000
              84  H     -6.636664000000   -1.114923000000   -1.821006000000
              85  H     -7.872531000000   -2.344117000000   -1.337105000000
              86  H     -6.160913000000   -2.833083000000   -1.375988000000
              87  H     -8.205796000000    0.067053000000   -0.177502000000
              88  H     -8.090855000000   -0.437912000000    1.603125000000
              89  H     -8.849441000000   -1.506236000000    0.372450000000
              90  H     -6.051860000000   -2.285871000000    2.172369000000
              91  H     -7.569308000000   -3.049351000000    1.460992000000
              92  H     -5.973172000000   -3.401491000000    0.783551000000
