-------------------------------------------------------------
----------------------- !PROPERTIES! ------------------------
-------------------------------------------------------------
# -----------------------------------------------------------
$ SCF_Energy
   description: The SCF energy
   geom. index: 1
   prop. index: 1
        SCF Energy:     -939.3357071799
# -----------------------------------------------------------
$ DFT_Energy
   description: The DFT energy
   geom. index: 1
   prop. index: 1
   Number of Alpha Electrons                 77.9999942345 
   Number of Beta  Electrons                 77.9999942345 
   Total number of  Electrons               155.9999884690 
   Exchange energy                         -102.0110200220 
   Correlation energy                        -6.2384072955 
   Correlation energy NL                      0.0000000000 
   Exchange-Correlation energy             -108.2494273175 
   Embedding correction                       0.0000000000 
   Total DFT Energy (No VdW correction)    -939.3357071799 
# -----------------------------------------------------------
$ Mayer_Pop
   description: The Mayer population analysis
   geom. index: 1
   prop. index: 1
     Number of atoms                     : 41
     Threshold for printing              : 0.1000000
     Number of bond orders printed       : 44
  NA   - Mulliken gross atomic population
  ZA   - Total nuclear charge
  QA   - Mulliken gross atomic charge
  VA   - Mayer's total valence
  BVA  - Mayer's bonded valence
  FA   - Mayer's free valence
  ATOM       NA         ZA         QA         VA         BVA        FA
  0   0     5.9299     6.0000     0.0701     3.9785     3.9785     0.0000
  1   0     5.9624     6.0000     0.0376     3.9855     3.9855     0.0000
  2   0     5.9353     6.0000     0.0647     3.8817     3.8817     0.0000
  3   0     6.1434     6.0000    -0.1434     3.6778     3.6778    -0.0000
  4   0     5.7977     6.0000     0.2023     3.9269     3.9269    -0.0000
  5   0     7.0280     7.0000    -0.0280     3.4267     3.4267    -0.0000
  6   0     5.9596     6.0000     0.0404     3.8976     3.8976     0.0000
  7   0     6.0681     6.0000    -0.0681     3.7056     3.7056    -0.0000
  8   0     5.8959     6.0000     0.1041     4.2760     4.2760    -0.0000
  9   0     8.2968     8.0000    -0.2968     2.2565     2.2565    -0.0000
 10   0     5.9062     6.0000     0.0938     3.8346     3.8346    -0.0000
 11   0     6.0240     6.0000    -0.0240     3.8561     3.8561     0.0000
 12   0     5.9853     6.0000     0.0147     3.8603     3.8603     0.0000
 13   0     5.9732     6.0000     0.0268     3.8326     3.8326     0.0000
 14   0     5.9692     6.0000     0.0308     3.8039     3.8039     0.0000
 15   0     5.9699     6.0000     0.0301     3.8560     3.8560    -0.0000
 16   0     8.3306     8.0000    -0.3306     2.1254     2.1254    -0.0000
 17   0     5.9861     6.0000     0.0139     4.0801     4.0801    -0.0000
 18   0     6.0349     6.0000    -0.0349     3.8444     3.8444     0.0000
 19   0     6.1501     6.0000    -0.1501     4.1120     4.1120     0.0000
 20   0     5.8863     6.0000     0.1137     3.9068     3.9068    -0.0000
 21   0     5.8637     6.0000     0.1363     3.8800     3.8800    -0.0000
 22   0     0.9645     1.0000     0.0355     1.0104     1.0104    -0.0000
 23   0     1.0076     1.0000    -0.0076     0.9983     0.9983    -0.0000
 24   0     1.0036     1.0000    -0.0036     0.9952     0.9952     0.0000
 25   0     0.9910     1.0000     0.0090     0.9851     0.9851     0.0000
 26   0     1.0019     1.0000    -0.0019     1.0113     1.0113     0.0000
 27   0     0.8427     1.0000     0.1573     0.9825     0.9825     0.0000
 28   0     0.9959     1.0000     0.0041     1.0026     1.0026    -0.0000
 29   0     1.0444     1.0000    -0.0444     0.9850     0.9850     0.0000
 30   0     1.0317     1.0000    -0.0317     0.9741     0.9741    -0.0000
 31   0     1.0330     1.0000    -0.0330     0.9752     0.9752     0.0000
 32   0     1.0296     1.0000    -0.0296     0.9765     0.9765     0.0000
 33   0     1.0255     1.0000    -0.0255     1.0103     1.0103    -0.0000
 34   0     1.0366     1.0000    -0.0366     0.9939     0.9939     0.0000
 35   0     0.9913     1.0000     0.0087     0.9942     0.9942     0.0000
 36   0     0.9751     1.0000     0.0249     0.9909     0.9909    -0.0000
 37   0     0.9587     1.0000     0.0413     0.9918     0.9918     0.0000
 38   0     0.9898     1.0000     0.0102     1.0018     1.0018     0.0000
 39   0     0.9859     1.0000     0.0141     0.9955     0.9955     0.0000
 40   0     0.9945     1.0000     0.0055     1.0046     1.0046    -0.0000
      Bond orders larger than 0.1000000
           Atom A     A.N. of A          Atom B    A.N. of B              Bond order
                0             6               1            6                1.090734
                0             6              22            1                0.952062
                0             6              23            1                0.952501
                0             6              24            1                0.961432
                1             6               2            6                0.982220
                1             6              19            6                1.021664
                1             6              25            1                0.872598
                2             6               3            6                0.983051
                2             6              17            6                1.026523
                2             6              26            1                0.905724
                3             6               4            6                1.459252
                3             6               8            6                1.111935
                4             6               5            7                1.194382
                4             6              16            8                1.103405
                5             7               6            6                1.199990
                5             7              27            1                0.910077
                6             6               7            6                1.594340
                6             6              28            1                0.935938
                7             6               8            6                1.123267
                7             6              10            6                0.949077
                8             6               9            8                2.033627
               10             6              11            6                1.348602
               10             6              15            6                1.427074
               11             6              12            6                1.411916
               11             6              29            1                0.982451
               12             6              13            6                1.368317
               12             6              30            1                0.985172
               13             6              14            6                1.390222
               13             6              31            1                0.992430
               14             6              15            6                1.339308
               14             6              32            1                0.986621
               15             6              33            1                0.992951
               16             8              17            6                0.880769
               17             6              18            6                0.952909
               17             6              21            6                1.051599
               18             6              19            6                1.839111
               18             6              34            1                1.000693
               19             6              20            6                1.072592
               20             6              35            1                0.948204
               20             6              36            1                0.947034
               20             6              37            1                0.947922
               21             6              38            1                0.954145
               21             6              39            1                0.959232
               21             6              40            1                0.939496
# -----------------------------------------------------------
$ Calculation_Info
   description: Details of the calculation
   geom. index: 1
   prop. index: 1
     Multiplicity:                          1
     Charge:                                0
     number of atoms:                       41
     number of electrons:                   0
     number of frozen core electrons:       1
     number of correlated electrons:        0
     number of basis functions:             403
     number of aux C basis functions:       0
     number of aux J basis functions:       1287
     number of aux JK basis functions:      0
     number of aux CABS basis functions:    0
     Total Energy                           -939.335707
# -----------------------------------------------------------
$ SCF_Electric_Properties
   description: The SCF Calculated Electric Properties
   geom. index: 1
   prop. index: 1
       Filename                          : 180.scfp 
       Do Dipole Moment Calculation      : true 
       Do Quadrupole Moment Calculation  : false 
       Do Polarizability Calculation     : true 
** Dipole moment part of electric properties **
        Magnitude of dipole moment (Debye) :        5.0821322828
        Electronic Contribution:
                  0    
      0      13.450876
      1      -3.274001
      2       7.257634
        Nuclear Contribution:
                  0    
      0     -14.141649
      1       1.978714
      2      -5.900151
        Total Dipole moment:
                  0    
      0      -0.690773
      1      -1.295287
      2       1.357483
** Polarizabilities part of electric properties **
        Isotropic polarizability :      209.8970784515
        The raw cartesian tensor (atomic units):
                  0          1          2    
      0     285.309403   4.292717 -23.532914
      1       4.292717 172.211082 -15.272906
      2     -23.532914 -15.272906 172.170751
        Diagonalised polarizability tensor :
                  0    
      0     155.345377
      1     183.892207
      2     290.453652
# -------------------------------------------------------------
----------------------- !GEOMETRIES! ------------------------
# -------------------------------------------------------------
------------------------ !GEOMETRY! -------------------------
    Number of atoms:    41 
    Geometry Index:     1 
    Coordinates:
               0 C     -2.301666000000    0.609974000000   -2.262496000000
               1 C     -2.232818000000   -0.188174000000   -0.954866000000
               2 C     -1.647866000000    0.654573000000    0.145307000000
               3 C     -0.323825000000    0.108049000000    0.490331000000
               4 C     -0.487192000000   -0.828272000000    1.476116000000
               5 N      0.619573000000   -1.478562000000    1.962735000000
               6 C      1.840798000000   -1.202169000000    1.481381000000
               7 C      2.068930000000   -0.269001000000    0.488313000000
               8 C      0.952642000000    0.372539000000    0.012204000000
               9 O      1.079494000000    1.227028000000   -0.883819000000
              10 C      3.423520000000   -0.018068000000    0.011434000000
              11 C      4.277833000000   -1.094328000000   -0.262287000000
              12 C      5.556359000000   -0.929116000000   -0.710789000000
              13 C      6.040446000000    0.354547000000   -0.907325000000
              14 C      5.200205000000    1.414676000000   -0.638151000000
              15 C      3.907549000000    1.237937000000   -0.184481000000
              16 O     -1.838497000000   -0.949446000000    1.819559000000
              17 C     -2.499999000000    0.198595000000    1.310423000000
              18 C     -3.768040000000   -0.245875000000    0.719209000000
              19 C     -3.630905000000   -0.467923000000   -0.561051000000
              20 C     -4.716063000000   -0.939501000000   -1.525233000000
              21 C     -2.663281000000    1.269325000000    2.357221000000
              22 H     -1.304590000000    0.798380000000   -2.673753000000
              23 H     -2.942331000000    0.025068000000   -2.963945000000
              24 H     -2.874812000000    1.527662000000   -2.021301000000
              25 H     -1.650108000000   -1.119694000000   -1.110515000000
              26 H     -1.673827000000    1.724223000000   -0.033666000000
              27 H      0.478392000000   -2.191045000000    2.715593000000
              28 H      2.718697000000   -1.720549000000    1.870005000000
              29 H      3.928236000000   -2.119124000000   -0.118205000000
              30 H      6.200752000000   -1.782204000000   -0.916345000000
              31 H      7.050528000000    0.464488000000   -1.261201000000
              32 H      5.602341000000    2.406753000000   -0.799791000000
              33 H      3.265885000000    2.085070000000    0.020264000000
              34 H     -4.691337000000   -0.364107000000    1.310893000000
              35 H     -5.486784000000   -1.502760000000   -0.992313000000
              36 H     -4.203968000000   -1.635465000000   -2.219774000000
              37 H     -5.161110000000   -0.063286000000   -2.041147000000
              38 H     -2.568382000000    2.261519000000    1.888771000000
              39 H     -3.685787000000    1.191685000000    2.826577000000
              40 H     -1.858996000000    1.176579000000    3.115727000000
