-------------------------------------------------------------
----------------------- !PROPERTIES! ------------------------
-------------------------------------------------------------
# -------------------------------------------------------------
----------------------- !GEOMETRIES! ------------------------
# -------------------------------------------------------------
------------------------ !GEOMETRY! -------------------------
    Number of atoms:    42 
    Geometry Index:     1 
    Coordinates:
               0  C     -3.937307000000   -0.716209000000   -1.048192000000
               1  C     -2.721107000000   -0.537394000000   -0.164855000000
               2  C     -1.882106000000    0.566665000000   -0.707740000000
               3  C     -0.659469000000    0.009942000000   -1.341886000000
               4  C      0.410779000000    0.056061000000   -0.476071000000
               5  C      1.667518000000   -0.407346000000   -0.838211000000
               6  C      1.804632000000   -0.920052000000   -2.108908000000
               7  N      0.771368000000   -0.977059000000   -2.978051000000
               8  C     -0.440402000000   -0.524924000000   -2.614733000000
               9  O     -1.411525000000   -0.577191000000   -3.428133000000
              10  C      2.771366000000   -0.338161000000    0.112357000000
              11  C      2.640171000000   -0.709958000000    1.431102000000
              12  C      3.719732000000   -0.622542000000    2.283018000000
              13  C      4.959749000000   -0.172972000000    1.886585000000
              14  C      5.093404000000    0.200073000000    0.565653000000
              15  C      4.019683000000    0.116210000000   -0.293785000000
              16  O      6.036554000000   -0.095925000000    2.776271000000
              17  O     -0.031571000000    0.618175000000    0.714381000000
              18  C     -1.291950000000    1.240659000000    0.517029000000
              19  C     -2.273514000000    0.881733000000    1.566069000000
              20  C     -3.071045000000   -0.103707000000    1.197179000000
              21  C     -4.183224000000   -0.728679000000    2.001107000000
              22  C     -1.202829000000    2.724837000000    0.383297000000
              23  H     -4.832556000000   -0.237354000000   -0.582908000000
              24  H     -4.089573000000   -1.802807000000   -1.204691000000
              25  H     -3.748559000000   -0.237594000000   -2.020156000000
              26  H     -2.126613000000   -1.476752000000   -0.146930000000
              27  H     -2.398171000000    1.263109000000   -1.378290000000
              28  H      2.768468000000   -1.291010000000   -2.428080000000
              29  H      0.906200000000   -1.377500000000   -3.951236000000
              30  H      1.662066000000   -1.066919000000    1.753021000000
              31  H      3.614812000000   -0.917088000000    3.326670000000
              32  H      6.062123000000    0.560100000000    0.221247000000
              33  H      4.138404000000    0.416586000000   -1.345088000000
              34  H      6.614491000000   -0.940811000000    2.831204000000
              35  H     -2.368331000000    1.356876000000    2.564779000000
              36  H     -4.403754000000   -1.748985000000    1.649863000000
              37  H     -3.947174000000   -0.688730000000    3.066920000000
              38  H     -5.111706000000   -0.135468000000    1.848061000000
              39  H     -1.326755000000    3.038006000000   -0.679135000000
              40  H     -0.221001000000    3.050899000000    0.797957000000
              41  H     -1.981276000000    3.253205000000    0.980809000000
