-------------------------------------------------------------
----------------------- !PROPERTIES! ------------------------
-------------------------------------------------------------
# -----------------------------------------------------------
$ SCF_Energy
   description: The SCF energy
   geom. index: 1
   prop. index: 1
        SCF Energy:    -2229.1868030924
# -----------------------------------------------------------
$ DFT_Energy
   description: The DFT energy
   geom. index: 1
   prop. index: 1
   Number of Alpha Electrons                182.9999108813 
   Number of Beta  Electrons                182.9999108813 
   Total number of  Electrons               365.9998217626 
   Exchange energy                         -239.2469338665 
   Correlation energy                       -14.6135602000 
   Correlation energy NL                      0.0000000000 
   Exchange-Correlation energy             -253.8604940665 
   Embedding correction                       0.0000000000 
   Total DFT Energy (No VdW correction)   -2229.1868030924 
# -----------------------------------------------------------
$ Mayer_Pop
   description: The Mayer population analysis
   geom. index: 1
   prop. index: 1
     Number of atoms                     : 100
     Threshold for printing              : 0.1000000
     Number of bond orders printed       : 106
  NA   - Mulliken gross atomic population
  ZA   - Total nuclear charge
  QA   - Mulliken gross atomic charge
  VA   - Mayer's total valence
  BVA  - Mayer's bonded valence
  FA   - Mayer's free valence
  ATOM       NA         ZA         QA         VA         BVA        FA
  0   0     5.9062     6.0000     0.0938     3.9475     3.9475    -0.0000
  1   0     6.2766     6.0000    -0.2766     4.2491     4.2491    -0.0000
  2   0     6.0600     6.0000    -0.0600     3.9961     3.9961     0.0000
  3   0     5.8864     6.0000     0.1136     3.9781     3.9781    -0.0000
  4   0     5.8914     6.0000     0.1086     4.0196     4.0196    -0.0000
  5   0     6.1908     6.0000    -0.1908     4.2742     4.2742    -0.0000
  6   0     6.0495     6.0000    -0.0495     4.0320     4.0320    -0.0000
  7   0     5.9171     6.0000     0.0829     3.9810     3.9810    -0.0000
  8   0     5.8671     6.0000     0.1329     3.9653     3.9653     0.0000
  9   0     6.1816     6.0000    -0.1816     3.9254     3.9254    -0.0000
 10   0     5.9992     6.0000     0.0008     3.8656     3.8656    -0.0000
 11   0     5.8778     6.0000     0.1222     3.8277     3.8277    -0.0000
 12   0     5.9393     6.0000     0.0607     3.8503     3.8503     0.0000
 13   0     5.7665     6.0000     0.2335     3.8012     3.8012     0.0000
 14   0     6.0737     6.0000    -0.0737     3.8546     3.8546    -0.0000
 15   0     6.0269     6.0000    -0.0269     3.7881     3.7881     0.0000
 16   0     5.7294     6.0000     0.2706     3.8604     3.8604     0.0000
 17   0     6.0721     6.0000    -0.0721     3.7089     3.7089    -0.0000
 18   0     8.2711     8.0000    -0.2711     2.1620     2.1620    -0.0000
 19   0     8.2949     8.0000    -0.2949     2.1857     2.1857     0.0000
 20   0     5.7099     6.0000     0.2901     4.2124     4.2124    -0.0000
 21   0     8.1638     8.0000    -0.1638     2.3416     2.3416     0.0000
 22   0     6.2620     6.0000    -0.2620     3.7944     3.7944     0.0000
 23   0     5.9231     6.0000     0.0769     4.0430     4.0430     0.0000
 24   0     5.8782     6.0000     0.1218     3.9388     3.9388     0.0000
 25   0     6.0958     6.0000    -0.0958     4.0385     4.0385    -0.0000
 26   0     6.2101     6.0000    -0.2101     4.2181     4.2181     0.0000
 27   0     5.8766     6.0000     0.1234     3.9085     3.9085     0.0000
 28   0     5.9018     6.0000     0.0982     4.0244     4.0244    -0.0000
 29   0     5.8823     6.0000     0.1177     3.9668     3.9668     0.0000
 30   0     6.1033     6.0000    -0.1033     4.0261     4.0261     0.0000
 31   0     6.2309     6.0000    -0.2309     4.2309     4.2309     0.0000
 32   0     5.9142     6.0000     0.0858     3.9449     3.9449    -0.0000
 33   0     5.9162     6.0000     0.0838     3.9160     3.9160    -0.0000
 34   0     5.8762     6.0000     0.1238     3.6730     3.6730    -0.0000
 35   0     5.9553     6.0000     0.0447     4.1829     4.1829     0.0000
 36   0     8.2628     8.0000    -0.2628     2.2337     2.2337     0.0000
 37   0     5.9031     6.0000     0.0969     3.5263     3.5263    -0.0000
 38   0     5.8524     6.0000     0.1476     3.9214     3.9214    -0.0000
 39   0     6.0370     6.0000    -0.0370     3.7535     3.7535    -0.0000
 40   0     6.0094     6.0000    -0.0094     3.8262     3.8262     0.0000
 41   0     5.7578     6.0000     0.2422     3.7883     3.7883     0.0000
 42   0     6.0814     6.0000    -0.0814     3.8025     3.8025    -0.0000
 43   0     8.3180     8.0000    -0.3180     2.0729     2.0729    -0.0000
 44   0     8.2390     8.0000    -0.2390     2.2241     2.2241     0.0000
 45   0     8.2769     8.0000    -0.2769     2.1835     2.1835    -0.0000
 46   0     5.6938     6.0000     0.3062     4.1680     4.1680     0.0000
 47   0     8.2452     8.0000    -0.2452     2.2882     2.2882    -0.0000
 48   0     5.9176     6.0000     0.0824     3.9315     3.9315    -0.0000
 49   0     5.9054     6.0000     0.0946     3.9080     3.9080     0.0000
 50   0     1.0081     1.0000    -0.0081     0.9932     0.9932    -0.0000
 51   0     0.9688     1.0000     0.0312     0.9858     0.9858     0.0000
 52   0     0.9639     1.0000     0.0361     0.9875     0.9875    -0.0000
 53   0     1.0505     1.0000    -0.0505     1.0052     1.0052     0.0000
 54   0     1.0052     1.0000    -0.0052     0.9974     0.9974     0.0000
 55   0     1.0156     1.0000    -0.0156     0.9805     0.9805     0.0000
 56   0     1.0031     1.0000    -0.0031     0.9856     0.9856     0.0000
 57   0     1.0094     1.0000    -0.0094     0.9879     0.9879     0.0000
 58   0     1.0303     1.0000    -0.0303     1.0050     1.0050     0.0000
 59   0     1.0266     1.0000    -0.0266     1.0012     1.0012     0.0000
 60   0     0.9918     1.0000     0.0082     0.9731     0.9731     0.0000
 61   0     0.9761     1.0000     0.0239     0.9845     0.9845     0.0000
 62   0     1.0054     1.0000    -0.0054     0.9851     0.9851     0.0000
 63   0     0.9924     1.0000     0.0076     1.0257     1.0257    -0.0000
 64   0     1.0150     1.0000    -0.0150     0.9905     0.9905    -0.0000
 65   0     1.0211     1.0000    -0.0211     0.9937     0.9937     0.0000
 66   0     1.0468     1.0000    -0.0468     1.0189     1.0189    -0.0000
 67   0     0.7952     1.0000     0.2048     0.9873     0.9873    -0.0000
 68   0     0.9842     1.0000     0.0158     1.0243     1.0243     0.0000
 69   0     0.9794     1.0000     0.0206     1.0078     1.0078     0.0000
 70   0     0.9776     1.0000     0.0224     1.0082     1.0082     0.0000
 71   0     1.0182     1.0000    -0.0182     1.0080     1.0080    -0.0000
 72   0     1.0321     1.0000    -0.0321     0.9928     0.9928    -0.0000
 73   0     1.0007     1.0000    -0.0007     1.0070     1.0070    -0.0000
 74   0     0.9725     1.0000     0.0275     0.9881     0.9881     0.0000
 75   0     0.9702     1.0000     0.0298     0.9977     0.9977    -0.0000
 76   0     1.0083     1.0000    -0.0083     0.9765     0.9765    -0.0000
 77   0     1.0187     1.0000    -0.0187     0.9850     0.9850    -0.0000
 78   0     1.0062     1.0000    -0.0062     0.9737     0.9737     0.0000
 79   0     1.0149     1.0000    -0.0149     1.0028     1.0028    -0.0000
 80   0     1.0324     1.0000    -0.0324     0.9894     0.9894     0.0000
 81   0     0.9663     1.0000     0.0337     0.9858     0.9858    -0.0000
 82   0     1.0078     1.0000    -0.0078     0.9919     0.9919    -0.0000
 83   0     0.9714     1.0000     0.0286     0.9934     0.9934     0.0000
 84   0     0.9811     1.0000     0.0189     0.9895     0.9895    -0.0000
 85   0     0.9990     1.0000     0.0010     0.9932     0.9932    -0.0000
 86   0     0.9820     1.0000     0.0180     0.9922     0.9922    -0.0000
 87   0     0.9506     1.0000     0.0494     1.0511     1.0511    -0.0000
 88   0     0.9487     1.0000     0.0513     1.0239     1.0239    -0.0000
 89   0     1.0406     1.0000    -0.0406     0.9891     0.9891    -0.0000
 90   0     1.0252     1.0000    -0.0252     0.9945     0.9945     0.0000
 91   0     1.0208     1.0000    -0.0208     1.0333     1.0333     0.0000
 92   0     0.7812     1.0000     0.2188     0.9736     0.9736    -0.0000
 93   0     0.7887     1.0000     0.2113     0.9864     0.9864     0.0000
 94   0     0.9967     1.0000     0.0033     0.9936     0.9936    -0.0000
 95   0     0.9877     1.0000     0.0123     1.0037     1.0037     0.0000
 96   0     0.9808     1.0000     0.0192     0.9802     0.9802    -0.0000
 97   0     0.9952     1.0000     0.0048     0.9936     0.9936     0.0000
 98   0     0.9739     1.0000     0.0261     0.9853     0.9853    -0.0000
 99   0     0.9843     1.0000     0.0157     0.9987     0.9987    -0.0000
      Bond orders larger than 0.1000000
           Atom A     A.N. of A          Atom B    A.N. of B              Bond order
                0             6               1            6                1.097182
                0             6              50            1                0.943115
                0             6              51            1                0.941714
                0             6              52            1                0.941671
                1             6               2            6                1.902379
                1             6              49            6                1.063110
                2             6               3            6                1.053344
                2             6              53            1                0.953728
                3             6               4            6                1.087813
                3             6              54            1                0.915353
                3             6              55            1                0.890079
                4             6               5            6                1.079237
                4             6              56            1                0.896347
                4             6              57            1                0.914056
                5             6               6            6                1.880952
                5             6              48            6                1.103655
                6             6               7            6                1.067679
                6             6              58            1                0.948065
                7             6               8            6                1.080755
                7             6              59            1                0.910177
                7             6              60            1                0.901490
                8             6               9            6                1.067378
                8             6              61            1                0.898832
                8             6              62            1                0.913833
                9             6              10            6                1.692121
                9             6              11            6                0.106207
                9             6              46            6                0.985798
               10             6              11            6                0.978235
               10             6              63            1                1.007301
               11             6              12            6                0.889210
               11             6              22            6                0.901451
               11             6              45            8                0.994406
               12             6              13            6                1.336737
               12             6              17            6                1.394422
               13             6              14            6                1.364507
               13             6              19            8                1.016463
               14             6              15            6                1.340498
               14             6              17            6                0.103508
               14             6              64            1                0.999482
               15             6              16            6                1.372342
               15             6              65            1                0.999646
               16             6              17            6                1.233382
               16             6              18            8                1.143473
               17             6              66            1                0.980987
               18             8              67            1                0.932981
               19             8              20            6                1.032302
               20             6              21            8                2.181367
               20             6              22            6                0.863066
               22             6              23            6                1.020845
               22             6              34            6                0.978932
               23             6              24            6                1.096337
               23             6              68            1                0.911362
               23             6              69            1                0.911279
               24             6              25            6                1.028035
               24             6              70            1                0.886073
               24             6              71            1                0.905651
               25             6              26            6                1.906732
               25             6              72            1                0.958512
               26             6              27            6                1.079627
               26             6              28            6                1.063240
               27             6              73            1                0.925143
               27             6              74            1                0.935343
               27             6              75            1                0.932089
               28             6              29            6                1.076718
               28             6              76            1                0.911617
               28             6              77            1                0.918600
               29             6              30            6                1.060953
               29             6              78            1                0.907012
               29             6              79            1                0.909853
               30             6              31            6                1.892199
               30             6              80            1                0.957699
               31             6              32            6                1.098860
               31             6              33            6                1.073757
               32             6              81            1                0.941900
               32             6              82            1                0.941367
               32             6              83            1                0.942530
               33             6              84            1                0.950236
               33             6              85            1                0.948593
               33             6              86            1                0.962113
               34             6              35            6                1.059121
               34             6              87            1                0.860918
               34             6              88            1                0.860933
               35             6              36            8                2.033340
               35             6              37            6                0.993752
               37             6              38            6                1.342720
               37             6              42            6                1.250225
               38             6              39            6                1.283181
               38             6              44            8                1.173374
               39             6              40            6                1.394304
               39             6              42            6                0.100531
               39             6              89            1                0.983417
               40             6              41            6                1.295269
               40             6              90            1                0.999651
               41             6              42            6                1.358979
               41             6              43            8                1.054690
               42             6              91            1                1.019852
               43             8              92            1                0.931370
               44             8              93            1                0.921723
               45             8              46            6                1.065449
               46             6              47            8                2.064204
               48             6              94            1                0.926505
               48             6              95            1                0.929653
               48             6              96            1                0.932266
               49             6              97            1                0.951394
               49             6              98            1                0.953483
               49             6              99            1                0.962708
# -----------------------------------------------------------
$ Calculation_Info
   description: Details of the calculation
   geom. index: 1
   prop. index: 1
     Multiplicity:                          1
     Charge:                                0
     number of atoms:                       100
     number of electrons:                   0
     number of frozen core electrons:       1
     number of correlated electrons:        0
     number of basis functions:             950
     number of aux C basis functions:       0
     number of aux J basis functions:       3000
     number of aux JK basis functions:      0
     number of aux CABS basis functions:    0
     Total Energy                           -2229.186803
# -----------------------------------------------------------
$ SCF_Electric_Properties
   description: The SCF Calculated Electric Properties
   geom. index: 1
   prop. index: 1
       Filename                          : 139.scfp 
       Do Dipole Moment Calculation      : true 
       Do Quadrupole Moment Calculation  : false 
       Do Polarizability Calculation     : true 
** Dipole moment part of electric properties **
        Magnitude of dipole moment (Debye) :        9.0349604037
        Electronic Contribution:
                  0    
      0      -5.121093
      1     -36.225132
      2     -25.988866
        Nuclear Contribution:
                  0    
      0       3.475021
      1      33.081368
      2      25.783797
        Total Dipole moment:
                  0    
      0      -1.646072
      1      -3.143764
      2      -0.205069
** Polarizabilities part of electric properties **
        Isotropic polarizability :      477.9373043300
        The raw cartesian tensor (atomic units):
                  0          1          2    
      0     537.770918  30.228882 -17.058765
      1      30.228882 457.474291  32.748962
      2     -17.058765  32.748962 438.566704
        Diagonalised polarizability tensor :
                  0    
      0     406.101145
      1     479.484230
      2     548.226537
# -------------------------------------------------------------
----------------------- !GEOMETRIES! ------------------------
# -------------------------------------------------------------
------------------------ !GEOMETRY! -------------------------
    Number of atoms:    100 
    Geometry Index:     1 
    Coordinates:
               0 C      9.368589000000    2.898081000000   -0.188121000000
               1 C      9.090889000000    1.560264000000    0.353414000000
               2 C      8.083510000000    1.399005000000    1.229790000000
               3 C      7.277478000000    2.547387000000    1.635477000000
               4 C      5.842111000000    2.474244000000    1.238841000000
               5 C      5.086050000000    1.331292000000    1.770250000000
               6 C      4.038705000000    1.569375000000    2.591256000000
               7 C      3.213882000000    0.519266000000    3.181914000000
               8 C      1.752181000000    0.529636000000    2.877903000000
               9 C      1.421380000000    0.406216000000    1.440561000000
              10 C      0.731740000000   -0.616092000000    0.870532000000
              11 C      0.614930000000   -0.367449000000   -0.533988000000
              12 C      1.409004000000   -1.299932000000   -1.387058000000
              13 C      1.296597000000   -1.193833000000   -2.745840000000
              14 C      2.065409000000   -2.014743000000   -3.543592000000
              15 C      2.925857000000   -2.921751000000   -2.921321000000
              16 C      3.017363000000   -3.007825000000   -1.554417000000
              17 C      2.249603000000   -2.186943000000   -0.759019000000
              18 O      3.889740000000   -3.929570000000   -0.964616000000
              19 O      0.401171000000   -0.260467000000   -3.308900000000
              20 C     -0.366154000000    0.544319000000   -2.472314000000
              21 O     -0.702278000000    1.675213000000   -2.789712000000
              22 C     -0.715983000000   -0.149309000000   -1.159187000000
              23 C     -1.469858000000    0.837220000000   -0.273775000000
              24 C     -2.839034000000    1.164627000000   -0.758525000000
              25 C     -3.437696000000    2.137663000000    0.208990000000
              26 C     -4.543459000000    1.850519000000    0.884149000000
              27 C     -5.242555000000    0.531525000000    0.704819000000
              28 C     -5.064342000000    2.868054000000    1.821957000000
              29 C     -6.446141000000    3.351248000000    1.499692000000
              30 C     -7.455097000000    2.283041000000    1.522738000000
              31 C     -8.148300000000    1.973503000000    0.443664000000
              32 C     -7.910268000000    2.711350000000   -0.815083000000
              33 C     -9.155089000000    0.892080000000    0.503839000000
              34 C     -1.545845000000   -1.292715000000   -1.559363000000
              35 C     -2.040283000000   -2.229971000000   -0.573934000000
              36 O     -1.873619000000   -2.007267000000    0.650652000000
              37 C     -2.747590000000   -3.467055000000   -0.885187000000
              38 C     -3.024989000000   -3.864450000000   -2.164898000000
              39 C     -3.696455000000   -5.064048000000   -2.433649000000
              40 C     -4.097427000000   -5.879242000000   -1.418114000000
              41 C     -3.829321000000   -5.500627000000   -0.109069000000
              42 C     -3.168462000000   -4.317737000000    0.132765000000
              43 O     -4.251151000000   -6.352376000000    0.902060000000
              44 O     -2.655255000000   -3.100716000000   -3.233664000000
              45 O      1.298282000000    0.906047000000   -0.763959000000
              46 C      1.776603000000    1.365337000000    0.419580000000
              47 O      2.414890000000    2.467909000000    0.506423000000
              48 C      5.398735000000   -0.048377000000    1.400808000000
              49 C      9.939422000000    0.396184000000   -0.083728000000
              50 H     10.206483000000    2.857164000000   -0.901262000000
              51 H      9.637451000000    3.585864000000    0.644583000000
              52 H      8.433482000000    3.277522000000   -0.671850000000
              53 H      7.938589000000    0.401579000000    1.607916000000
              54 H      7.675453000000    3.502557000000    1.206891000000
              55 H      7.300398000000    2.589253000000    2.756867000000
              56 H      5.806612000000    2.495116000000    0.106337000000
              57 H      5.329255000000    3.429256000000    1.522097000000
              58 H      3.833884000000    2.618914000000    2.808507000000
              59 H      3.617404000000   -0.486485000000    2.902416000000
              60 H      3.311885000000    0.539969000000    4.319522000000
              61 H      1.365303000000    1.549418000000    3.197302000000
              62 H      1.250845000000   -0.255857000000    3.490671000000
              63 H      0.416475000000   -1.423157000000    1.523084000000
              64 H      2.007185000000   -1.963357000000   -4.630187000000
              65 H      3.517647000000   -3.554817000000   -3.565326000000
              66 H      2.306631000000   -2.240910000000    0.305739000000
              67 H      3.950356000000   -3.985728000000    0.044365000000
              68 H     -1.485547000000    0.416046000000    0.733473000000
              69 H     -0.875709000000    1.765919000000   -0.253204000000
              70 H     -2.778765000000    1.738904000000   -1.728920000000
              71 H     -3.515023000000    0.312598000000   -0.887841000000
              72 H     -2.971429000000    3.090165000000    0.368423000000
              73 H     -5.901120000000    0.379031000000    1.587664000000
              74 H     -5.773303000000    0.471081000000   -0.258539000000
              75 H     -4.455842000000   -0.277248000000    0.797740000000
              76 H     -5.055572000000    2.458779000000    2.870011000000
              77 H     -4.409533000000    3.763613000000    1.861153000000
              78 H     -6.792742000000    4.143143000000    2.190189000000
              79 H     -6.403287000000    3.831090000000    0.489776000000
              80 H     -7.629390000000    1.741582000000    2.470028000000
              81 H     -8.096240000000    3.799404000000   -0.646098000000
              82 H     -8.610344000000    2.371139000000   -1.620936000000
              83 H     -6.893647000000    2.586853000000   -1.194165000000
              84 H     -8.624550000000   -0.074471000000    0.362949000000
              85 H     -9.896052000000    1.069334000000   -0.300287000000
              86 H     -9.707817000000    0.863873000000    1.478455000000
              87 H     -0.999243000000   -1.806310000000   -2.405363000000
              88 H     -2.445466000000   -0.862682000000   -2.107702000000
              89 H     -3.912838000000   -5.373638000000   -3.454572000000
              90 H     -4.613113000000   -6.799369000000   -1.655113000000
              91 H     -2.978120000000   -4.059489000000    1.163864000000
              92 H     -5.173086000000   -6.253258000000    1.317962000000
              93 H     -2.859985000000   -3.397056000000   -4.173880000000
              94 H      4.465015000000   -0.627999000000    1.104138000000
              95 H      5.996561000000   -0.075630000000    0.447855000000
              96 H      5.907103000000   -0.653872000000    2.142336000000
              97 H     10.332660000000    0.621824000000   -1.080234000000
              98 H     10.787691000000    0.277353000000    0.642142000000
              99 H      9.285923000000   -0.495121000000   -0.043803000000
