-------------------------------------------------------------
----------------------- !PROPERTIES! ------------------------
-------------------------------------------------------------
# -------------------------------------------------------------
----------------------- !GEOMETRIES! ------------------------
# -------------------------------------------------------------
------------------------ !GEOMETRY! -------------------------
    Number of atoms:    47 
    Geometry Index:     1 
    Coordinates:
               0  C      4.527947000000    1.174357000000    2.167068000000
               1  C      3.841929000000    1.069570000000    0.856463000000
               2  C      4.575276000000    1.245204000000   -0.314688000000
               3  C      3.949189000000    1.150751000000   -1.517736000000
               4  C      2.610399000000    0.885510000000   -1.585515000000
               5  C      1.838147000000    0.702518000000   -0.434611000000
               6  C      2.495667000000    0.803408000000    0.766097000000
               7  O      0.485108000000    0.436564000000   -0.581760000000
               8  C      0.041107000000   -0.869945000000   -0.706763000000
               9  C     -1.309242000000   -1.097686000000   -0.854770000000
              10  C     -1.722350000000   -2.408561000000   -0.978246000000
              11  C     -0.807822000000   -3.454516000000   -0.953346000000
              12  C      0.552278000000   -3.226639000000   -0.804116000000
              13  C      0.957372000000   -1.913833000000   -0.681513000000
              14  O      1.462920000000   -4.274719000000   -0.779687000000
              15  C     -3.174444000000   -2.728247000000   -1.141350000000
              16  C     -2.281078000000    0.016658000000   -0.874236000000
              17  C     -2.475559000000    0.626899000000    0.455642000000
              18  C     -2.808054000000    1.943093000000    0.224555000000
              19  C     -2.790003000000    2.090266000000   -1.272902000000
              20  O     -1.879595000000    1.080270000000   -1.644582000000
              21  C     -3.076851000000    2.849364000000    1.219170000000
              22  C     -2.997922000000    2.371352000000    2.523112000000
              23  C     -2.665215000000    1.054115000000    2.768210000000
              24  C     -2.400984000000    0.166878000000    1.756477000000
              25  O     -2.065680000000   -1.154681000000    1.958778000000
              26  O      4.714041000000    1.332291000000   -2.674632000000
              27  H      4.108472000000    1.961106000000    2.818405000000
              28  H      4.549654000000    0.171034000000    2.656709000000
              29  H      5.599634000000    1.449406000000    2.012136000000
              30  H      5.643143000000    1.455180000000   -0.205927000000
              31  H      2.125007000000    0.813001000000   -2.541549000000
              32  H      1.924794000000    0.667135000000    1.676341000000
              33  H     -1.122814000000   -4.494085000000   -1.049993000000
              34  H      2.013550000000   -1.725284000000   -0.564857000000
              35  H      1.903541000000   -4.629664000000   -1.633353000000
              36  H     -3.470100000000   -2.633408000000   -2.210584000000
              37  H     -3.339951000000   -3.811691000000   -0.890294000000
              38  H     -3.815209000000   -2.147501000000   -0.471479000000
              39  H     -3.276126000000   -0.304768000000   -1.245067000000
              40  H     -3.778166000000    1.961918000000   -1.713585000000
              41  H     -2.336955000000    3.074996000000   -1.493929000000
              42  H     -3.340719000000    3.894078000000    1.027178000000
              43  H     -3.206483000000    3.069329000000    3.329216000000
              44  H     -2.603270000000    0.678448000000    3.795089000000
              45  H     -1.986767000000   -1.582190000000    2.873045000000
              46  H      4.812181000000    2.262717000000   -3.062621000000
