-------------------------------------------------------------
----------------------- !PROPERTIES! ------------------------
-------------------------------------------------------------
# -----------------------------------------------------------
$ SCF_Energy
   description: The SCF energy
   geom. index: 1
   prop. index: 1
        SCF Energy:    -1526.7344926301
# -----------------------------------------------------------
$ DFT_Energy
   description: The DFT energy
   geom. index: 1
   prop. index: 1
   Number of Alpha Electrons                 91.9999254408 
   Number of Beta  Electrons                 91.9999254408 
   Total number of  Electrons               183.9998508815 
   Exchange energy                         -134.5482390506 
   Correlation energy                        -7.6010613365 
   Correlation energy NL                      0.0000000000 
   Exchange-Correlation energy             -142.1493003870 
   Embedding correction                       0.0000000000 
   Total DFT Energy (No VdW correction)   -1526.7344926301 
# -----------------------------------------------------------
$ Mayer_Pop
   description: The Mayer population analysis
   geom. index: 1
   prop. index: 1
     Number of atoms                     : 40
     Threshold for printing              : 0.1000000
     Number of bond orders printed       : 44
  NA   - Mulliken gross atomic population
  ZA   - Total nuclear charge
  QA   - Mulliken gross atomic charge
  VA   - Mayer's total valence
  BVA  - Mayer's bonded valence
  FA   - Mayer's free valence
  ATOM       NA         ZA         QA         VA         BVA        FA
  0   0     5.8159     6.0000     0.1841     3.9821     3.9821    -0.0000
  1   0     5.7936     6.0000     0.2064     4.0145     4.0145     0.0000
  2   0     8.3546     8.0000    -0.3546     2.1543     2.1543     0.0000
  3   0     5.7791     6.0000     0.2209     3.8916     3.8916     0.0000
  4   0     6.0292     6.0000    -0.0292     3.8422     3.8422    -0.0000
  5   0     5.9631     6.0000     0.0369     3.7940     3.7940     0.0000
  6   0     5.9579     6.0000     0.0421     3.7756     3.7756    -0.0000
  7   0     6.0268     6.0000    -0.0268     3.8647     3.8647    -0.0000
  8   0     5.9999     6.0000     0.0001     3.8002     3.8002    -0.0000
  9   0     5.8132     6.0000     0.1868     3.7516     3.7516    -0.0000
 10   0     7.3613     7.0000    -0.3613     3.2036     3.2036     0.0000
 11   0     5.8035     6.0000     0.1965     4.2000     4.2000    -0.0000
 12   0     8.2665     8.0000    -0.2665     2.2752     2.2752    -0.0000
 13   0     6.0435     6.0000    -0.0435     3.7617     3.7617    -0.0000
 14   0     5.8223     6.0000     0.1777     4.1130     4.1130    -0.0000
 15   0     8.2939     8.0000    -0.2939     2.0716     2.0716     0.0000
 16   0     6.9383     7.0000     0.0617     3.0133     3.0133     0.0000
 17   0     6.0843     6.0000    -0.0843     4.0704     4.0704    -0.0000
 18   0     5.8184     6.0000     0.1816     3.7299     3.7299    -0.0000
 19   0     6.0367     6.0000    -0.0367     3.8449     3.8449    -0.0000
 20   0     5.9642     6.0000     0.0358     3.9043     3.9043    -0.0000
 21   0     5.9041     6.0000     0.0959     3.8137     3.8137     0.0000
 22   0     5.9781     6.0000     0.0219     3.8896     3.8896    -0.0000
 23   0     6.0329     6.0000    -0.0329     3.7895     3.7895     0.0000
 24   0    17.0932    17.0000    -0.0932     1.1233     1.1233     0.0000
 25   0     0.9594     1.0000     0.0406     1.0161     1.0161    -0.0000
 26   0     0.9880     1.0000     0.0120     0.9847     0.9847    -0.0000
 27   0     0.9714     1.0000     0.0286     0.9821     0.9821     0.0000
 28   0     1.0009     1.0000    -0.0009     0.9812     0.9812     0.0000
 29   0     1.0163     1.0000    -0.0163     0.9963     0.9963    -0.0000
 30   0     1.0149     1.0000    -0.0149     0.9766     0.9766     0.0000
 31   0     1.0306     1.0000    -0.0306     0.9774     0.9774    -0.0000
 32   0     1.0464     1.0000    -0.0464     0.9880     0.9880    -0.0000
 33   0     0.9706     1.0000     0.0294     0.9962     0.9962    -0.0000
 34   0     0.9662     1.0000     0.0338     0.9955     0.9955    -0.0000
 35   0     0.9796     1.0000     0.0204     0.9913     0.9913     0.0000
 36   0     1.0162     1.0000    -0.0162     1.0002     1.0002    -0.0000
 37   0     1.0310     1.0000    -0.0310     0.9973     0.9973     0.0000
 38   0     1.0250     1.0000    -0.0250     0.9980     0.9980     0.0000
 39   0     1.0089     1.0000    -0.0089     1.0034     1.0034    -0.0000
      Bond orders larger than 0.1000000
           Atom A     A.N. of A          Atom B    A.N. of B              Bond order
                0             6               1            6                1.078033
                0             6              10            7                0.965649
                0             6              25            1                0.929404
                0             6              26            1                0.936298
                1             6               2            8                0.971541
                1             6              27            1                0.949307
                1             6              28            1                0.935579
                2             8               3            6                1.086272
                3             6               4            6                1.383258
                3             6               8            6                1.313286
                4             6               5            6                1.357096
                4             6              29            1                0.988732
                5             6               6            6                1.376551
                5             6              30            1                0.993385
                6             6               7            6                1.334246
                6             6              31            1                0.990783
                7             6               8            6                1.434122
                7             6              32            1                0.985063
                8             6               9            6                0.957632
                9             6              10            7                0.928595
                9             6              14            6                1.021892
                9             6              33            1                0.868032
               10             7              11            6                1.150536
               11             6              12            8                2.075742
               11             6              13            6                0.872397
               13             6              14            6                1.055490
               13             6              17            6                0.985411
               13             6              34            1                0.873898
               14             6              15            8                0.933239
               14             6              35            1                0.932536
               15             8              16            7                0.951024
               16             7              17            6                1.897946
               17             6              18            6                1.004011
               18             6              19            6                1.362820
               18             6              23            6                1.345857
               19             6              20            6                1.368668
               19             6              36            1                0.980960
               20             6              21            6                1.375541
               20             6              37            1                0.992081
               21             6              22            6                1.382149
               21             6              24           17                0.975002
               22             6              23            6                1.350687
               22             6              38            1                0.994494
               23             6              39            1                0.995944
# -----------------------------------------------------------
$ Calculation_Info
   description: Details of the calculation
   geom. index: 1
   prop. index: 1
     Multiplicity:                          1
     Charge:                                0
     number of atoms:                       40
     number of electrons:                   0
     number of frozen core electrons:       1
     number of correlated electrons:        0
     number of basis functions:             429
     number of aux C basis functions:       0
     number of aux J basis functions:       1392
     number of aux JK basis functions:      0
     number of aux CABS basis functions:    0
     Total Energy                           -1526.734493
# -----------------------------------------------------------
$ SCF_Electric_Properties
   description: The SCF Calculated Electric Properties
   geom. index: 1
   prop. index: 1
       Filename                          : 278.scfp 
       Do Dipole Moment Calculation      : true 
       Do Quadrupole Moment Calculation  : false 
       Do Polarizability Calculation     : true 
** Dipole moment part of electric properties **
        Magnitude of dipole moment (Debye) :        4.2352406895
        Electronic Contribution:
                  0    
      0      26.046144
      1       0.799223
      2      -5.006237
        Nuclear Contribution:
                  0    
      0     -27.486681
      1      -0.105734
      2       5.475571
        Total Dipole moment:
                  0    
      0      -1.440538
      1       0.693489
      2       0.469334
** Polarizabilities part of electric properties **
        Isotropic polarizability :      229.4249569355
        The raw cartesian tensor (atomic units):
                  0          1          2    
      0     311.420751  -9.637248 -18.426811
      1      -9.637248 188.286124 -10.390429
      2     -18.426811 -10.390429 188.567996
        Diagonalised polarizability tensor :
                  0    
      0     175.122481
      1     198.513140
      2     314.639250
# -------------------------------------------------------------
----------------------- !GEOMETRIES! ------------------------
# -------------------------------------------------------------
------------------------ !GEOMETRY! -------------------------
    Number of atoms:    40 
    Geometry Index:     1 
    Coordinates:
               0 C     -1.660361000000   -2.552281000000    0.285111000000
               1 C     -3.165608000000   -2.454057000000    0.163239000000
               2 O     -3.571406000000   -1.379051000000   -0.664341000000
               3 C     -3.460101000000   -0.018277000000   -0.344028000000
               4 C     -4.430389000000    0.751763000000   -0.949411000000
               5 C     -4.518410000000    2.117289000000   -0.779968000000
               6 C     -3.589562000000    2.714584000000    0.030675000000
               7 C     -2.607513000000    1.955102000000    0.646862000000
               8 C     -2.508451000000    0.593991000000    0.486501000000
               9 C     -1.441869000000   -0.080776000000    1.183411000000
              10 N     -1.049691000000   -1.251362000000    0.394574000000
              11 C      0.125134000000   -0.899014000000   -0.319906000000
              12 O      0.648518000000   -1.517510000000   -1.281316000000
              13 C      0.711798000000    0.368644000000    0.228687000000
              14 C     -0.170356000000    0.571440000000    1.439056000000
              15 O      0.553922000000   -0.254731000000    2.379349000000
              16 N      1.874971000000   -0.282528000000    1.997238000000
              17 C      2.044720000000    0.060562000000    0.784043000000
              18 C      3.348596000000    0.125273000000    0.098298000000
              19 C      3.431616000000    0.509169000000   -1.220817000000
              20 C      4.659588000000    0.567532000000   -1.858052000000
              21 C      5.834345000000    0.249016000000   -1.210448000000
              22 C      5.757992000000   -0.136129000000    0.110476000000
              23 C      4.519460000000   -0.193665000000    0.748728000000
              24 Cl     7.369433000000    0.339190000000   -2.064872000000
              25 H     -1.293548000000   -3.133437000000   -0.560709000000
              26 H     -1.440036000000   -3.110570000000    1.213736000000
              27 H     -3.516289000000   -3.407371000000   -0.302507000000
              28 H     -3.585860000000   -2.416079000000    1.173400000000
              29 H     -5.187171000000    0.300592000000   -1.603714000000
              30 H     -5.293979000000    2.708361000000   -1.268124000000
              31 H     -3.625762000000    3.778120000000    0.187287000000
              32 H     -1.866433000000    2.401148000000    1.289967000000
              33 H     -1.809443000000   -0.532359000000    2.155636000000
              34 H      0.691403000000    1.191271000000   -0.483418000000
              35 H     -0.123847000000    1.565510000000    1.860163000000
              36 H      2.509217000000    0.764998000000   -1.748567000000
              37 H      4.673433000000    0.871514000000   -2.883914000000
              38 H      6.674319000000   -0.386709000000    0.622785000000
              39 H      4.487620000000   -0.499165000000    1.786161000000
