-------------------------------------------------------------
----------------------- !PROPERTIES! ------------------------
-------------------------------------------------------------
# -----------------------------------------------------------
$ SCF_Energy
   description: The SCF energy
   geom. index: 1
   prop. index: 1
        SCF Energy:    -2251.6502903680
# -----------------------------------------------------------
$ DFT_Energy
   description: The DFT energy
   geom. index: 1
   prop. index: 1
   Number of Alpha Electrons                165.9997984231 
   Number of Beta  Electrons                165.9997984231 
   Total number of  Electrons               331.9995968463 
   Exchange energy                         -229.2564088434 
   Correlation energy                       -13.5820997799 
   Correlation energy NL                      0.0000000000 
   Exchange-Correlation energy             -242.8385086233 
   Embedding correction                       0.0000000000 
   Total DFT Energy (No VdW correction)   -2251.6502903680 
# -----------------------------------------------------------
$ Mayer_Pop
   description: The Mayer population analysis
   geom. index: 1
   prop. index: 1
     Number of atoms                     : 79
     Threshold for printing              : 0.1000000
     Number of bond orders printed       : 83
  NA   - Mulliken gross atomic population
  ZA   - Total nuclear charge
  QA   - Mulliken gross atomic charge
  VA   - Mayer's total valence
  BVA  - Mayer's bonded valence
  FA   - Mayer's free valence
  ATOM       NA         ZA         QA         VA         BVA        FA
  0   0     5.9316     6.0000     0.0684     3.9124     3.9124    -0.0000
  1   0     6.0888     6.0000    -0.0888     4.2957     4.2957    -0.0000
  2   0     5.9116     6.0000     0.0884     3.9049     3.9049     0.0000
  3   0     5.8297     6.0000     0.1703     3.9436     3.9436     0.0000
  4   0     5.8051     6.0000     0.1949     3.8723     3.8723     0.0000
  5   0     6.0934     6.0000    -0.0934     3.8689     3.8689     0.0000
  6   0     5.7807     6.0000     0.2193     3.9364     3.9364    -0.0000
  7   0     8.3317     8.0000    -0.3317     2.1669     2.1669     0.0000
  8   0     5.9548     6.0000     0.0452     4.0758     4.0758     0.0000
  9   0     5.8807     6.0000     0.1193     3.7875     3.7875     0.0000
 10   0     5.9050     6.0000     0.0950     3.7435     3.7435     0.0000
 11   0     6.1150     6.0000    -0.1150     3.6773     3.6773    -0.0000
 12   0     5.9571     6.0000     0.0429     3.6978     3.6978     0.0000
 13   0     6.0663     6.0000    -0.0663     3.7476     3.7476     0.0000
 14   0     5.8332     6.0000     0.1668     4.3563     4.3563     0.0000
 15   0     8.2393     8.0000    -0.2393     2.2567     2.2567     0.0000
 16   0     8.1087     8.0000    -0.1087     2.3546     2.3546    -0.0000
 17   0     8.2496     8.0000    -0.2496     2.2219     2.2219     0.0000
 18   0     8.2626     8.0000    -0.2626     2.1429     2.1429    -0.0000
 19   0     5.6699     6.0000     0.3301     4.1139     4.1139    -0.0000
 20   0     5.8159     6.0000     0.1841     3.9683     3.9683    -0.0000
 21   0     5.9322     6.0000     0.0678     4.0351     4.0351     0.0000
 22   0     5.8894     6.0000     0.1106     3.9825     3.9825     0.0000
 23   0     5.9086     6.0000     0.0914     4.0693     4.0693     0.0000
 24   0     8.2851     8.0000    -0.2851     2.1557     2.1557     0.0000
 25   0     5.7152     6.0000     0.2848     3.8544     3.8544    -0.0000
 26   0     8.2791     8.0000    -0.2791     2.2092     2.2092     0.0000
 27   0     5.7195     6.0000     0.2805     4.1596     4.1596    -0.0000
 28   0     8.3932     8.0000    -0.3932     2.1017     2.1017     0.0000
 29   0     6.0613     6.0000    -0.0613     3.7378     3.7378    -0.0000
 30   0     5.9694     6.0000     0.0306     3.8582     3.8582    -0.0000
 31   0     5.7635     6.0000     0.2365     3.5532     3.5532     0.0000
 32   0     6.2101     6.0000    -0.2101     3.7786     3.7786    -0.0000
 33   0     5.6932     6.0000     0.3068     3.8758     3.8758    -0.0000
 34   0     6.0194     6.0000    -0.0194     4.0673     4.0673    -0.0000
 35   0     5.7251     6.0000     0.2749     3.7480     3.7480     0.0000
 36   0     6.1774     6.0000    -0.1774     3.7453     3.7453    -0.0000
 37   0     8.3375     8.0000    -0.3375     2.1797     2.1797    -0.0000
 38   0     5.8409     6.0000     0.1591     3.9708     3.9708     0.0000
 39   0     8.3048     8.0000    -0.3048     2.1760     2.1760    -0.0000
 40   0     8.1836     8.0000    -0.1836     2.2936     2.2936     0.0000
 41   0     5.8307     6.0000     0.1693     3.9195     3.9195     0.0000
 42   0     8.3133     8.0000    -0.3133     2.0924     2.0924     0.0000
 43   0     8.2943     8.0000    -0.2943     2.1234     2.1234     0.0000
 44   0     8.2825     8.0000    -0.2825     2.1501     2.1501    -0.0000
 45   0     0.9993     1.0000     0.0007     1.0081     1.0081     0.0000
 46   0     1.0060     1.0000    -0.0060     0.9901     0.9901     0.0000
 47   0     0.9433     1.0000     0.0567     1.0186     1.0186    -0.0000
 48   0     0.9838     1.0000     0.0162     0.9901     0.9901    -0.0000
 49   0     0.9900     1.0000     0.0100     0.9988     0.9988     0.0000
 50   0     0.9709     1.0000     0.0291     1.0016     1.0016     0.0000
 51   0     1.0028     1.0000    -0.0028     1.0327     1.0327    -0.0000
 52   0     1.0146     1.0000    -0.0146     0.9843     0.9843     0.0000
 53   0     0.9880     1.0000     0.0120     0.9991     0.9991    -0.0000
 54   0     1.0544     1.0000    -0.0544     0.9947     0.9947    -0.0000
 55   0     1.0170     1.0000    -0.0170     0.9821     0.9821     0.0000
 56   0     1.0314     1.0000    -0.0314     1.0075     1.0075    -0.0000
 57   0     0.7784     1.0000     0.2216     0.9822     0.9822     0.0000
 58   0     1.0305     1.0000    -0.0305     1.0143     1.0143    -0.0000
 59   0     1.0061     1.0000    -0.0061     1.0075     1.0075     0.0000
 60   0     1.0145     1.0000    -0.0145     1.0235     1.0235     0.0000
 61   0     0.9775     1.0000     0.0225     1.0337     1.0337    -0.0000
 62   0     1.0217     1.0000    -0.0217     0.9936     0.9936     0.0000
 63   0     0.9708     1.0000     0.0292     0.9963     0.9963     0.0000
 64   0     0.9917     1.0000     0.0083     1.0349     1.0349    -0.0000
 65   0     1.0162     1.0000    -0.0162     0.9878     0.9878    -0.0000
 66   0     0.9845     1.0000     0.0155     1.0426     1.0426    -0.0000
 67   0     1.0460     1.0000    -0.0460     0.9979     0.9979    -0.0000
 68   0     1.0492     1.0000    -0.0492     1.0134     1.0134    -0.0000
 69   0     0.9882     1.0000     0.0118     0.9799     0.9799    -0.0000
 70   0     0.9736     1.0000     0.0264     0.9812     0.9812    -0.0000
 71   0     0.9939     1.0000     0.0061     0.9772     0.9772     0.0000
 72   0     0.7803     1.0000     0.2197     0.9903     0.9903    -0.0000
 73   0     0.9959     1.0000     0.0041     0.9738     0.9738    -0.0000
 74   0     0.9784     1.0000     0.0216     0.9760     0.9760     0.0000
 75   0     0.9795     1.0000     0.0205     0.9812     0.9812     0.0000
 76   0     0.8250     1.0000     0.1750     1.0203     1.0203    -0.0000
 77   0     0.8066     1.0000     0.1934     0.9950     0.9950     0.0000
 78   0     0.8297     1.0000     0.1703     1.0463     1.0463     0.0000
      Bond orders larger than 0.1000000
           Atom A     A.N. of A          Atom B    A.N. of B              Bond order
                0             6               1            6                1.044539
                0             6              45            1                0.948054
                0             6              46            1                0.950495
                0             6              47            1                0.945604
                1             6               2            6                1.069080
                1             6               3            6                0.971710
                1             6              18            8                1.006171
                2             6              48            1                0.948706
                2             6              49            1                0.936434
                2             6              50            1                0.941108
                3             6               4            6                1.072791
                3             6               7            8                0.942002
                3             6              51            1                0.901610
                4             6               5            6                1.017618
                4             6              52            1                0.877374
                4             6              53            1                0.895391
                5             6               6            6                1.400202
                5             6              11            6                1.271748
                6             6               7            8                1.095370
                6             6               8            6                1.326666
                8             6               9            6                1.331904
                8             6              17            8                1.272397
                9             6              10            6                1.217882
                9             6              16            8                1.128203
               10             6              11            6                1.270779
               10             6              12            6                1.184147
               11             6              54            1                1.040270
               12             6              13            6                1.538832
               12             6              55            1                0.961922
               13             6              14            6                1.059151
               13             6              56            1                1.013083
               14             6              15            8                2.067842
               14             6              16            8                1.145794
               17             8              57            1                0.913055
               18             8              19            6                1.100172
               19             6              20            6                0.970305
               19             6              24            8                0.999857
               19             6              58            1                0.903063
               20             6              21            6                1.010820
               20             6              44            8                1.083714
               20             6              59            1                0.881945
               21             6              22            6                0.955333
               21             6              43            8                1.071524
               21             6              60            1                0.891083
               22             6              23            6                1.008426
               22             6              42            8                1.085931
               22             6              61            1                0.902726
               23             6              24            8                1.054709
               23             6              25            6                0.986536
               23             6              62            1                0.905926
               25             6              26            8                0.863211
               25             6              63            1                0.941146
               25             6              64            1                0.943234
               26             8              27            6                1.212509
               27             6              28            8                1.824051
               27             6              29            6                1.049186
               29             6              30            6                1.735315
               29             6              65            1                0.942657
               30             6              31            6                1.050388
               30             6              66            1                0.975462
               31             6              32            6                1.224176
               31             6              36            6                1.286332
               32             6              33            6                1.402080
               32             6              67            1                0.994036
               33             6              34            6                1.219203
               33             6              40            8                1.136808
               34             6              35            6                1.462001
               34             6              39            8                1.207497
               35             6              36            6                1.202152
               35             6              37            8                1.035203
               36             6              68            1                1.025236
               37             8              38            6                1.030008
               38             6              69            1                0.953966
               38             6              70            1                0.965068
               38             6              71            1                0.955994
               39             8              72            1                0.914767
               40             8              41            6                0.994139
               41             6              73            1                0.961302
               41             6              74            1                0.954858
               41             6              75            1                0.958471
               42             8              76            1                0.956664
               43             8              77            1                0.953963
               44             8              78            1                0.942071
# -----------------------------------------------------------
$ Calculation_Info
   description: Details of the calculation
   geom. index: 1
   prop. index: 1
     Multiplicity:                          1
     Charge:                                0
     number of atoms:                       79
     number of electrons:                   0
     number of frozen core electrons:       1
     number of correlated electrons:        0
     number of basis functions:             800
     number of aux C basis functions:       0
     number of aux J basis functions:       2579
     number of aux JK basis functions:      0
     number of aux CABS basis functions:    0
     Total Energy                           -2251.650290
# -----------------------------------------------------------
$ SCF_Electric_Properties
   description: The SCF Calculated Electric Properties
   geom. index: 1
   prop. index: 1
       Filename                          : 11.scfp 
       Do Dipole Moment Calculation      : true 
       Do Quadrupole Moment Calculation  : false 
       Do Polarizability Calculation     : true 
** Dipole moment part of electric properties **
        Magnitude of dipole moment (Debye) :       10.1618891099
        Electronic Contribution:
                  0    
      0      20.507198
      1     -21.547729
      2       2.122122
        Nuclear Contribution:
                  0    
      0     -22.979430
      1      24.214036
      2      -3.784106
        Total Dipole moment:
                  0    
      0      -2.472231
      1       2.666307
      2      -1.661984
** Polarizabilities part of electric properties **
        Isotropic polarizability :        0.0000000000
        The raw cartesian tensor (atomic units):
                  0          1          2    
      0       0.000000   0.000000   0.000000
      1       0.000000   0.000000   0.000000
      2       0.000000   0.000000   0.000000
        Diagonalised polarizability tensor :
                  0    
      0       0.000000
      1       0.000000
      2       0.000000
# -------------------------------------------------------------
----------------------- !GEOMETRIES! ------------------------
# -------------------------------------------------------------
------------------------ !GEOMETRY! -------------------------
    Number of atoms:    79 
    Geometry Index:     1 
    Coordinates:
               0 C      5.070435000000    1.169395000000    1.618162000000
               1 C      4.210893000000    1.318313000000    0.324292000000
               2 C      4.257604000000    2.730304000000   -0.072114000000
               3 C      4.978029000000    0.412729000000   -0.653155000000
               4 C      6.401769000000    0.806980000000   -0.855988000000
               5 C      7.204483000000   -0.433213000000   -0.688839000000
               6 C      6.427485000000   -1.296632000000   -0.031414000000
               7 O      5.126639000000   -0.797544000000    0.109475000000
               8 C      6.992082000000   -2.513936000000    0.389127000000
               9 C      8.312354000000   -2.754189000000    0.091335000000
              10 C      9.089016000000   -1.803848000000   -0.618404000000
              11 C      8.547034000000   -0.617665000000   -1.025432000000
              12 C     10.367076000000   -2.132607000000   -0.863544000000
              13 C     11.002323000000   -3.263399000000   -0.512452000000
              14 C     10.129858000000   -4.191674000000    0.220422000000
              15 O     10.723089000000   -5.212902000000    0.529839000000
              16 O      8.933035000000   -3.850856000000    0.433102000000
              17 O      6.185326000000   -3.406895000000    1.087529000000
              18 O      3.026295000000    0.732874000000    0.579616000000
              19 C      1.949780000000    0.922952000000   -0.210376000000
              20 C      1.385183000000   -0.305635000000   -0.832010000000
              21 C      0.301987000000    0.239793000000   -1.791197000000
              22 C     -0.672955000000    1.124224000000   -1.123189000000
              23 C     -0.275675000000    1.599328000000    0.247572000000
              24 O      0.975301000000    1.431694000000    0.631954000000
              25 C     -1.211026000000    0.780195000000    1.185973000000
              26 O     -2.542270000000    1.009322000000    0.747703000000
              27 C     -3.644306000000    0.394489000000    1.061999000000
              28 O     -3.464805000000   -0.647022000000    1.910185000000
              29 C     -5.007974000000    0.587311000000    0.685014000000
              30 C     -5.976691000000   -0.170261000000    1.089927000000
              31 C     -7.368526000000   -0.036299000000    0.759821000000
              32 C     -7.808785000000    0.979169000000   -0.085835000000
              33 C     -9.141645000000    1.243046000000   -0.373967000000
              34 C    -10.018855000000    0.314860000000    0.325013000000
              35 C     -9.628519000000   -0.629428000000    1.114242000000
              36 C     -8.268076000000   -0.846449000000    1.364919000000
              37 O    -10.526219000000   -1.502417000000    1.779725000000
              38 C    -10.167784000000   -2.485775000000    2.596054000000
              39 O    -11.410816000000    0.518074000000    0.075023000000
              40 O     -9.685712000000    2.108582000000   -1.113829000000
              41 C    -10.234935000000    3.001762000000   -1.876792000000
              42 O     -0.925461000000    2.256023000000   -1.905887000000
              43 O     -0.322353000000   -0.789515000000   -2.457282000000
              44 O      2.250878000000   -1.003523000000   -1.690630000000
              45 H      4.364359000000    1.554306000000    2.406474000000
              46 H      5.885793000000    1.898232000000    1.599605000000
              47 H      5.305050000000    0.136210000000    1.828675000000
              48 H      4.134518000000    2.952327000000   -1.153291000000
              49 H      5.263768000000    3.133375000000    0.204902000000
              50 H      3.539675000000    3.284271000000    0.578374000000
              51 H      4.442082000000    0.248712000000   -1.568198000000
              52 H      6.567582000000    1.187025000000   -1.868822000000
              53 H      6.758313000000    1.603742000000   -0.165148000000
              54 H      9.131495000000    0.086992000000   -1.578529000000
              55 H     10.963393000000   -1.348757000000   -1.440212000000
              56 H     11.978792000000   -3.544091000000   -0.681243000000
              57 H      6.568347000000   -4.298822000000    1.421213000000
              58 H      2.154522000000    1.617863000000   -1.073904000000
              59 H      0.873606000000   -0.992173000000   -0.150737000000
              60 H      0.854175000000    0.883767000000   -2.545817000000
              61 H     -1.678147000000    0.575916000000   -1.080505000000
              62 H     -0.630953000000    2.658384000000    0.462635000000
              63 H     -1.059948000000    1.113804000000    2.216661000000
              64 H     -0.963887000000   -0.259993000000    1.075315000000
              65 H     -5.240552000000    1.416274000000   -0.015818000000
              66 H     -5.693133000000   -0.994273000000    1.771269000000
              67 H     -7.086967000000    1.625265000000   -0.572700000000
              68 H     -8.022689000000   -1.658085000000    2.019442000000
              69 H     -9.483266000000   -2.184443000000    3.425058000000
              70 H    -11.072077000000   -2.943603000000    3.093375000000
              71 H     -9.665398000000   -3.372964000000    2.093557000000
              72 H    -12.052931000000   -0.118305000000    0.592251000000
              73 H     -9.613679000000    3.226027000000   -2.800418000000
              74 H    -10.437524000000    4.032783000000   -1.441587000000
              75 H    -11.260972000000    2.671293000000   -2.315962000000
              76 H     -1.388728000000    2.926528000000   -1.310590000000
              77 H     -0.672243000000   -0.567632000000   -3.349287000000
              78 H      1.693060000000   -1.539689000000   -2.290643000000
