-------------------------------------------------------------
----------------------- !PROPERTIES! ------------------------
-------------------------------------------------------------
# -----------------------------------------------------------
$ SCF_Energy
   description: The SCF energy
   geom. index: 1
   prop. index: 1
        SCF Energy:    -1787.0822959827
# -----------------------------------------------------------
$ DFT_Energy
   description: The DFT energy
   geom. index: 1
   prop. index: 1
   Number of Alpha Electrons                119.0000042930 
   Number of Beta  Electrons                119.0000042930 
   Total number of  Electrons               238.0000085860 
   Exchange energy                         -173.2966797058 
   Correlation energy                        -9.9139105988 
   Correlation energy NL                      0.0000000000 
   Exchange-Correlation energy             -183.2105903047 
   Embedding correction                       0.0000000000 
   Total DFT Energy (No VdW correction)   -1787.0822959827 
# -----------------------------------------------------------
$ Mayer_Pop
   description: The Mayer population analysis
   geom. index: 1
   prop. index: 1
     Number of atoms                     : 46
     Threshold for printing              : 0.1000000
     Number of bond orders printed       : 49
  NA   - Mulliken gross atomic population
  ZA   - Total nuclear charge
  QA   - Mulliken gross atomic charge
  VA   - Mayer's total valence
  BVA  - Mayer's bonded valence
  FA   - Mayer's free valence
  ATOM       NA         ZA         QA         VA         BVA        FA
  0   0     5.9777     6.0000     0.0223     3.8424     3.8424    -0.0000
  1   0     6.0368     6.0000    -0.0368     3.7749     3.7749    -0.0000
  2   0     5.6966     6.0000     0.3034     3.8942     3.8942    -0.0000
  3   0     6.0531     6.0000    -0.0531     3.8391     3.8391    -0.0000
  4   0     6.0219     6.0000    -0.0219     3.8285     3.8285    -0.0000
  5   0     5.9771     6.0000     0.0229     3.8247     3.8247    -0.0000
  6   0     5.8547     6.0000     0.1453     3.9967     3.9967     0.0000
  7   0     5.8585     6.0000     0.1415     3.9782     3.9782    -0.0000
  8   0     7.1305     7.0000    -0.1305     3.4416     3.4416    -0.0000
  9   0     5.9905     6.0000     0.0095     3.8705     3.8705    -0.0000
 10   0     6.1391     6.0000    -0.1391     3.9762     3.9762    -0.0000
 11   0     7.1104     7.0000    -0.1104     3.1726     3.1726    -0.0000
 12   0     5.9017     6.0000     0.0983     3.9613     3.9613    -0.0000
 13   0     5.3817     6.0000     0.6183     4.3626     4.3626    -0.0000
 14   0     9.1877     9.0000    -0.1877     1.1747     1.1747     0.0000
 15   0     9.1893     9.0000    -0.1893     1.1709     1.1709    -0.0000
 16   0     9.1965     9.0000    -0.1965     1.1715     1.1715    -0.0000
 17   0     7.1600     7.0000    -0.1600     3.1710     3.1710    -0.0000
 18   0     5.9016     6.0000     0.0984     4.2350     4.2350     0.0000
 19   0     7.1392     7.0000    -0.1392     3.1137     3.1137     0.0000
 20   0     5.9127     6.0000     0.0873     4.0186     4.0186    -0.0000
 21   0     6.0698     6.0000    -0.0698     3.7840     3.7840    -0.0000
 22   0     5.9087     6.0000     0.0913     4.0176     4.0176    -0.0000
 23   0     7.1433     7.0000    -0.1433     3.1180     3.1180     0.0000
 24   0     5.8606     6.0000     0.1394     3.9894     3.9894    -0.0000
 25   0     7.1157     7.0000    -0.1157     2.9756     2.9756    -0.0000
 26   0     7.1169     7.0000    -0.1169     2.9576     2.9576    -0.0000
 27   0     6.0086     6.0000    -0.0086     3.9586     3.9586    -0.0000
 28   0     8.1495     8.0000    -0.1495     2.4187     2.4187    -0.0000
 29   0     5.4508     6.0000     0.5492     4.1202     4.1202     0.0000
 30   0     9.1883     9.0000    -0.1883     1.1726     1.1726    -0.0000
 31   0     9.2300     9.0000    -0.2300     1.1248     1.1248     0.0000
 32   0     9.1962     9.0000    -0.1962     1.1705     1.1705     0.0000
 33   0     1.0285     1.0000    -0.0285     0.9907     0.9907     0.0000
 34   0     1.0133     1.0000    -0.0133     0.9921     0.9921    -0.0000
 35   0     1.0126     1.0000    -0.0126     0.9914     0.9914    -0.0000
 36   0     1.0286     1.0000    -0.0286     0.9965     0.9965    -0.0000
 37   0     0.9948     1.0000     0.0052     1.0008     1.0008    -0.0000
 38   0     0.9543     1.0000     0.0457     0.9978     0.9978     0.0000
 39   0     0.9717     1.0000     0.0283     1.0114     1.0114    -0.0000
 40   0     0.9949     1.0000     0.0051     1.0135     1.0135    -0.0000
 41   0     0.9804     1.0000     0.0196     1.0038     1.0038     0.0000
 42   0     0.8442     1.0000     0.1558     1.0143     1.0143     0.0000
 43   0     0.9704     1.0000     0.0296     1.0090     1.0090    -0.0000
 44   0     0.9965     1.0000     0.0035     1.0005     1.0005    -0.0000
 45   0     0.9543     1.0000     0.0457     0.9890     0.9890     0.0000
      Bond orders larger than 0.1000000
           Atom A     A.N. of A          Atom B    A.N. of B              Bond order
                0             6               1            6                1.349945
                0             6               5            6                1.393116
                0             6              33            1                0.987424
                1             6               2            6                1.338771
                1             6              34            1                0.993498
                2             6               3            6                1.381485
                2             6              32            9                1.087424
                3             6               4            6                1.351194
                3             6              35            1                0.993317
                4             6               5            6                1.362012
                4             6              36            1                0.989523
                5             6               6            6                0.979031
                6             6               7            6                1.066611
                6             6              17            7                1.009228
                6             6              37            1                0.885986
                7             6               8            7                0.959219
                7             6              38            1                0.931128
                7             6              39            1                0.920574
                8             7               9            6                1.238034
                8             7              12            6                1.188035
                9             6              10            6                1.458516
                9             6              40            1                0.969738
               10             6              11            7                1.480803
               10             6              13            6                0.970081
               11             7              12            6                1.601315
               12             6              41            1                0.978693
               13             6              14            9                1.133970
               13             6              15            9                1.136417
               13             6              16            9                1.106423
               17             7              18            6                1.175106
               17             7              42            1                0.881851
               18             6              19            7                1.428554
               18             6              23            7                1.417599
               19             7              20            6                1.558803
               20             6              21            6                1.340397
               20             6              43            1                0.975616
               21             6              22            6                1.338783
               21             6              24            6                1.038619
               22             6              23            7                1.553999
               22             6              44            1                0.979662
               24             6              25            7                1.623654
               24             6              28            8                1.180903
               25             7              26            7                1.236241
               26             7              27            6                1.614715
               27             6              28            8                1.166057
               27             6              29            6                0.977018
               29             6              30            9                1.103502
               29             6              31            9                1.075408
               29             6              45            1                0.943522
# -----------------------------------------------------------
$ Calculation_Info
   description: Details of the calculation
   geom. index: 1
   prop. index: 1
     Multiplicity:                          1
     Charge:                                0
     number of atoms:                       46
     number of electrons:                   0
     number of frozen core electrons:       1
     number of correlated electrons:        0
     number of basis functions:             527
     number of aux C basis functions:       0
     number of aux J basis functions:       1760
     number of aux JK basis functions:      0
     number of aux CABS basis functions:    0
     Total Energy                           -1787.082296
# -----------------------------------------------------------
$ SCF_Electric_Properties
   description: The SCF Calculated Electric Properties
   geom. index: 1
   prop. index: 1
       Filename                          : 211.scfp 
       Do Dipole Moment Calculation      : true 
       Do Quadrupole Moment Calculation  : false 
       Do Polarizability Calculation     : true 
** Dipole moment part of electric properties **
        Magnitude of dipole moment (Debye) :        5.8129583123
        Electronic Contribution:
                  0    
      0       7.305131
      1     -16.632294
      2      -3.248478
        Nuclear Contribution:
                  0    
      0      -7.062526
      1      18.799062
      2       3.938686
        Total Dipole moment:
                  0    
      0       0.242605
      1       2.166768
      2       0.690207
** Polarizabilities part of electric properties **
        Isotropic polarizability :      261.0744723232
        The raw cartesian tensor (atomic units):
                  0          1          2    
      0     336.449142  -4.431213  -3.936047
      1      -4.431213 257.661056  18.083295
      2      -3.936047  18.083295 189.113218
        Diagonalised polarizability tensor :
                  0    
      0     184.585157
      1     261.770771
      2     336.867490
# -------------------------------------------------------------
----------------------- !GEOMETRIES! ------------------------
# -------------------------------------------------------------
------------------------ !GEOMETRY! -------------------------
    Number of atoms:    46 
    Geometry Index:     1 
    Coordinates:
               0 C     -0.822163000000    3.088686000000    0.912255000000
               1 C     -0.416209000000    4.342712000000    0.556719000000
               2 C     -0.275754000000    4.676706000000   -0.783333000000
               3 C     -0.541796000000    3.747268000000   -1.749419000000
               4 C     -0.955812000000    2.467557000000   -1.372175000000
               5 C     -1.101236000000    2.128331000000   -0.046143000000
               6 C     -1.645153000000    0.791616000000    0.359576000000
               7 C     -3.111991000000    0.889166000000    0.063079000000
               8 N     -3.906406000000   -0.274084000000    0.341817000000
               9 C     -4.234862000000   -1.276497000000   -0.480157000000
              10 C     -5.037298000000   -2.179628000000    0.174205000000
              11 N     -5.188064000000   -1.711877000000    1.404535000000
              12 C     -4.511448000000   -0.559739000000    1.533881000000
              13 C     -5.588792000000   -3.399359000000   -0.476191000000
              14 F     -6.923255000000   -3.593249000000   -0.161538000000
              15 F     -4.855944000000   -4.518722000000   -0.117094000000
              16 F     -5.551319000000   -3.261173000000   -1.850567000000
              17 N     -0.992055000000   -0.244521000000   -0.366353000000
              18 C      0.372946000000   -0.561843000000   -0.386857000000
              19 N      0.823298000000   -1.636008000000   -1.094157000000
              20 C      2.113721000000   -2.008290000000   -1.143010000000
              21 C      3.066265000000   -1.288632000000   -0.452205000000
              22 C      2.606868000000   -0.193794000000    0.261781000000
              23 N      1.311083000000    0.146062000000    0.285905000000
              24 C      4.442465000000   -1.694609000000   -0.409676000000
              25 N      4.950362000000   -2.853413000000   -0.840215000000
              26 N      6.266356000000   -2.821413000000   -0.597242000000
              27 C      6.562660000000   -1.648233000000   -0.024739000000
              28 O      5.443788000000   -0.974439000000    0.084252000000
              29 C      7.914584000000   -1.169693000000    0.420903000000
              30 F      7.805698000000    0.103884000000    0.865473000000
              31 F      8.700974000000   -1.204676000000   -0.740340000000
              32 F      0.114957000000    5.909703000000   -1.152525000000
              33 H     -0.939577000000    2.777411000000    1.946934000000
              34 H     -0.201137000000    5.106584000000    1.290875000000
              35 H     -0.432208000000    4.019463000000   -2.791884000000
              36 H     -1.143228000000    1.780829000000   -2.179595000000
              37 H     -1.464794000000    0.694430000000    1.469163000000
              38 H     -3.527542000000    1.791815000000    0.601038000000
              39 H     -3.234972000000    1.153045000000   -1.020459000000
              40 H     -3.907122000000   -1.351036000000   -1.510395000000
              41 H     -4.403836000000    0.094691000000    2.388538000000
              42 H     -1.644336000000   -0.864339000000   -0.960269000000
              43 H      2.420788000000   -2.881049000000   -1.720869000000
              44 H      3.353335000000    0.373170000000    0.789789000000
              45 H      8.288162000000   -1.912815000000    1.143227000000
