-------------------------------------------------------------
----------------------- !PROPERTIES! ------------------------
-------------------------------------------------------------
# -----------------------------------------------------------
$ SCF_Energy
   description: The SCF energy
   geom. index: 1
   prop. index: 1
        SCF Energy:    -2112.5944623332
# -----------------------------------------------------------
$ DFT_Energy
   description: The DFT energy
   geom. index: 1
   prop. index: 1
   Number of Alpha Electrons                171.9996721146 
   Number of Beta  Electrons                171.9996721146 
   Total number of  Electrons               343.9993442292 
   Exchange energy                         -225.8631380736 
   Correlation energy                       -13.7725396997 
   Correlation energy NL                      0.0000000000 
   Exchange-Correlation energy             -239.6356777733 
   Embedding correction                       0.0000000000 
   Total DFT Energy (No VdW correction)   -2112.5944623332 
# -----------------------------------------------------------
$ Mayer_Pop
   description: The Mayer population analysis
   geom. index: 1
   prop. index: 1
     Number of atoms                     : 93
     Threshold for printing              : 0.1000000
     Number of bond orders printed       : 98
  NA   - Mulliken gross atomic population
  ZA   - Total nuclear charge
  QA   - Mulliken gross atomic charge
  VA   - Mayer's total valence
  BVA  - Mayer's bonded valence
  FA   - Mayer's free valence
  ATOM       NA         ZA         QA         VA         BVA        FA
  0   0     6.0825     6.0000    -0.0825     4.0061     4.0061    -0.0000
  1   0     5.7854     6.0000     0.2146     4.0085     4.0085     0.0000
  2   0     8.2711     8.0000    -0.2711     2.2545     2.2545    -0.0000
  3   0     5.7621     6.0000     0.2379     4.1890     4.1890     0.0000
  4   0     8.2881     8.0000    -0.2881     2.1913     2.1913     0.0000
  5   0     6.0227     6.0000    -0.0227     4.0727     4.0727    -0.0000
  6   0     5.8969     6.0000     0.1031     4.0112     4.0112    -0.0000
  7   0     5.9214     6.0000     0.0786     4.1817     4.1817    -0.0000
  8   0     5.9177     6.0000     0.0823     3.8909     3.8909    -0.0000
  9   0     5.9755     6.0000     0.0245     4.1242     4.1242    -0.0000
 10   0     5.7819     6.0000     0.2181     3.9939     3.9939     0.0000
 11   0     6.0908     6.0000    -0.0908     3.8530     3.8530    -0.0000
 12   0     5.7433     6.0000     0.2567     3.8463     3.8463     0.0000
 13   0     8.3283     8.0000    -0.3283     2.1130     2.1130    -0.0000
 14   0     6.0730     6.0000    -0.0730     3.8103     3.8103     0.0000
 15   0     6.0278     6.0000    -0.0278     3.6909     3.6909    -0.0000
 16   0     5.9215     6.0000     0.0785     3.8834     3.8834    -0.0000
 17   0     5.9166     6.0000     0.0834     3.8251     3.8251    -0.0000
 18   0     5.9323     6.0000     0.0677     3.7171     3.7171    -0.0000
 19   0     6.1062     6.0000    -0.1062     3.6034     3.6034     0.0000
 20   0     5.7884     6.0000     0.2116     3.9122     3.9122    -0.0000
 21   0     6.0924     6.0000    -0.0924     3.7987     3.7987     0.0000
 22   0     6.1283     6.0000    -0.1283     3.9576     3.9576    -0.0000
 23   0     5.8425     6.0000     0.1575     3.8210     3.8210    -0.0000
 24   0     8.3234     8.0000    -0.3234     2.1659     2.1659    -0.0000
 25   0     5.7173     6.0000     0.2827     3.7842     3.7842     0.0000
 26   0     6.1260     6.0000    -0.1260     4.0819     4.0819    -0.0000
 27   0     6.0869     6.0000    -0.0869     3.8315     3.8315     0.0000
 28   0     5.8885     6.0000     0.1115     3.9873     3.9873    -0.0000
 29   0     5.9018     6.0000     0.0982     4.0181     4.0181     0.0000
 30   0     6.0948     6.0000    -0.0948     3.9688     3.9688    -0.0000
 31   0     6.1878     6.0000    -0.1878     4.2047     4.2047     0.0000
 32   0     5.8964     6.0000     0.1036     3.9228     3.9228     0.0000
 33   0     5.8236     6.0000     0.1764     3.9509     3.9509     0.0000
 34   0     5.9656     6.0000     0.0344     3.9845     3.9845     0.0000
 35   0     6.0945     6.0000    -0.0945     3.9912     3.9912    -0.0000
 36   0     6.2114     6.0000    -0.2114     4.2450     4.2450     0.0000
 37   0     5.9348     6.0000     0.0652     3.9523     3.9523     0.0000
 38   0     5.9054     6.0000     0.0946     3.9236     3.9236    -0.0000
 39   0     5.8265     6.0000     0.1735     4.2556     4.2556     0.0000
 40   0     8.2177     8.0000    -0.2177     2.2580     2.2580    -0.0000
 41   0     8.2946     8.0000    -0.2946     2.1201     2.1201     0.0000
 42   0     8.2561     8.0000    -0.2561     2.1696     2.1696     0.0000
 43   0     8.2267     8.0000    -0.2267     2.2218     2.2218    -0.0000
 44   0     6.1246     6.0000    -0.1246     4.1830     4.1830     0.0000
 45   0     6.0727     6.0000    -0.0727     3.9435     3.9435     0.0000
 46   0     5.8942     6.0000     0.1058     3.8951     3.8951     0.0000
 47   0     0.9441     1.0000     0.0559     1.0338     1.0338    -0.0000
 48   0     0.9830     1.0000     0.0170     0.9844     0.9844    -0.0000
 49   0     0.9803     1.0000     0.0197     0.9852     0.9852     0.0000
 50   0     0.9751     1.0000     0.0249     0.9757     0.9757     0.0000
 51   0     0.9724     1.0000     0.0276     0.9827     0.9827    -0.0000
 52   0     0.9994     1.0000     0.0006     0.9866     0.9866    -0.0000
 53   0     0.9814     1.0000     0.0186     1.0038     1.0038    -0.0000
 54   0     0.9898     1.0000     0.0102     0.9913     0.9913    -0.0000
 55   0     1.0204     1.0000    -0.0204     0.9739     0.9739    -0.0000
 56   0     0.9672     1.0000     0.0328     1.0107     1.0107     0.0000
 57   0     0.9870     1.0000     0.0130     0.9940     0.9940    -0.0000
 58   0     0.9927     1.0000     0.0073     1.0082     1.0082     0.0000
 59   0     1.0210     1.0000    -0.0210     0.9919     0.9919     0.0000
 60   0     1.0498     1.0000    -0.0498     0.9888     0.9888     0.0000
 61   0     1.0729     1.0000    -0.0729     1.0770     1.0770    -0.0000
 62   0     1.0461     1.0000    -0.0461     1.0021     1.0021     0.0000
 63   0     0.9681     1.0000     0.0319     1.0357     1.0357     0.0000
 64   0     0.9916     1.0000     0.0084     0.9933     0.9933    -0.0000
 65   0     0.9881     1.0000     0.0119     0.9997     0.9997     0.0000
 66   0     1.0061     1.0000    -0.0061     0.9886     0.9886     0.0000
 67   0     1.0003     1.0000    -0.0003     0.9972     0.9972    -0.0000
 68   0     1.0083     1.0000    -0.0083     0.9899     0.9899    -0.0000
 69   0     0.9929     1.0000     0.0071     0.9956     0.9956    -0.0000
 70   0     1.0301     1.0000    -0.0301     0.9939     0.9939     0.0000
 71   0     0.9820     1.0000     0.0180     0.9928     0.9928    -0.0000
 72   0     1.0082     1.0000    -0.0082     1.0002     1.0002    -0.0000
 73   0     0.9725     1.0000     0.0275     0.9895     0.9895    -0.0000
 74   0     1.0061     1.0000    -0.0061     0.9792     0.9792     0.0000
 75   0     1.0117     1.0000    -0.0117     0.9911     0.9911     0.0000
 76   0     1.0121     1.0000    -0.0121     0.9943     0.9943    -0.0000
 77   0     0.9880     1.0000     0.0120     0.9840     0.9840    -0.0000
 78   0     1.0268     1.0000    -0.0268     1.0007     1.0007    -0.0000
 79   0     0.9743     1.0000     0.0257     0.9884     0.9884     0.0000
 80   0     1.0005     1.0000    -0.0005     0.9947     0.9947     0.0000
 81   0     0.9676     1.0000     0.0324     0.9885     0.9885     0.0000
 82   0     0.9862     1.0000     0.0138     0.9863     0.9863    -0.0000
 83   0     0.9849     1.0000     0.0151     0.9857     0.9857    -0.0000
 84   0     0.9919     1.0000     0.0081     0.9978     0.9978    -0.0000
 85   0     0.7741     1.0000     0.2259     0.9857     0.9857    -0.0000
 86   0     0.8067     1.0000     0.1933     0.9934     0.9934     0.0000
 87   0     0.7971     1.0000     0.2029     0.9897     0.9897     0.0000
 88   0     1.0066     1.0000    -0.0066     0.9806     0.9806     0.0000
 89   0     1.0346     1.0000    -0.0346     0.9878     0.9878    -0.0000
 90   0     0.9861     1.0000     0.0139     1.0149     1.0149     0.0000
 91   0     0.9754     1.0000     0.0246     0.9904     0.9904     0.0000
 92   0     0.9701     1.0000     0.0299     0.9974     0.9974     0.0000
      Bond orders larger than 0.1000000
           Atom A     A.N. of A          Atom B    A.N. of B              Bond order
                0             6               1            6                1.099337
                0             6              47            1                0.965898
                0             6              48            1                0.961636
                0             6              49            1                0.967198
                1             6               2            8                0.904466
                1             6              50            1                0.956325
                1             6              51            1                0.957214
                2             8               3            6                1.257979
                3             6               4            8                1.956211
                3             6               5            6                0.872970
                5             6               6            6                1.032563
                5             6              10            6                1.077711
                5             6              13            8                0.929169
                6             6               7            6                1.102293
                6             6              52            1                0.906681
                6             6              53            1                0.910726
                7             6               8            6                1.152740
                7             6              54            1                0.903412
                7             6              55            1                0.893992
                8             6               9            6                0.918172
                8             6              44            6                1.022243
                8             6              56            1                0.826452
                9             6              10            6                1.078782
                9             6              11            6                0.936055
                9             6              24            8                0.995802
               10             6              57            1                0.915870
               10             6              58            1                0.859105
               11             6              12            6                1.361945
               11             6              17            6                1.367107
               12             6              13            8                1.060014
               12             6              14            6                1.343409
               14             6              15            6                1.347031
               14             6              59            1                0.988091
               15             6              16            6                1.278530
               15             6              60            1                0.987519
               16             6              17            6                1.331272
               16             6              43            8                1.152158
               17             6              18            6                1.049199
               18             6              19            6                1.300456
               18             6              23            6                1.255739
               19             6              20            6                1.278345
               19             6              61            1                0.986057
               20             6              21            6                1.325217
               20             6              42            8                1.156265
               21             6              22            6                1.351363
               21             6              62            1                1.009748
               22             6              23            6                1.412937
               22             6              25            6                0.978358
               23             6              24            8                1.073169
               25             6              26            6                1.057446
               25             6              63            1                0.886110
               25             6              64            1                0.878057
               26             6              27            6                1.788196
               26             6              65            1                0.937908
               27             6              28            6                1.018398
               27             6              39            6                0.982011
               28             6              29            6                1.125634
               28             6              66            1                0.881699
               28             6              67            1                0.917648
               29             6              30            6                1.038065
               29             6              68            1                0.904263
               29             6              69            1                0.903012
               30             6              31            6                1.910305
               30             6              70            1                0.965618
               31             6              32            6                1.070789
               31             6              33            6                1.059675
               32             6              71            1                0.937965
               32             6              72            1                0.943351
               32             6              73            1                0.947112
               33             6              34            6                1.074587
               33             6              74            1                0.911486
               33             6              75            1                0.919851
               34             6              35            6                1.031748
               34             6              76            1                0.913753
               34             6              77            1                0.918025
               35             6              36            6                1.948881
               35             6              78            1                0.942065
               36             6              37            6                1.057320
               36             6              38            6                1.081839
               37             6              79            1                0.952352
               37             6              80            1                0.952644
               37             6              81            1                0.952661
               38             6              82            1                0.949037
               38             6              83            1                0.943613
               38             6              84            1                0.958086
               39             6              40            8                2.049613
               39             6              41            8                1.139908
               41             8              85            1                0.916059
               42             8              86            1                0.938038
               43             8              61            1                0.103218
               43             8              87            1                0.921521
               44             6              45            6                1.971799
               44             6              46            6                1.030369
               45             6              88            1                0.916779
               45             6              89            1                0.974433
               46             6              90            1                0.953472
               46             6              91            1                0.948601
               46             6              92            1                0.951500
# -----------------------------------------------------------
$ Calculation_Info
   description: Details of the calculation
   geom. index: 1
   prop. index: 1
     Multiplicity:                          1
     Charge:                                0
     number of atoms:                       93
     number of electrons:                   0
     number of frozen core electrons:       1
     number of correlated electrons:        0
     number of basis functions:             888
     number of aux C basis functions:       0
     number of aux J basis functions:       2809
     number of aux JK basis functions:      0
     number of aux CABS basis functions:    0
     Total Energy                           -2112.594462
# -----------------------------------------------------------
$ SCF_Electric_Properties
   description: The SCF Calculated Electric Properties
   geom. index: 1
   prop. index: 1
       Filename                          : 200.scfp 
       Do Dipole Moment Calculation      : true 
       Do Quadrupole Moment Calculation  : false 
       Do Polarizability Calculation     : true 
** Dipole moment part of electric properties **
        Magnitude of dipole moment (Debye) :        6.7644741704
        Electronic Contribution:
                  0    
      0     -60.939617
      1     -13.541051
      2     -30.962785
        Nuclear Contribution:
                  0    
      0      59.830162
      1      11.313362
      2      31.905653
        Total Dipole moment:
                  0    
      0      -1.109455
      1      -2.227689
      2       0.942868
** Polarizabilities part of electric properties **
        Isotropic polarizability :      442.7483519759
        The raw cartesian tensor (atomic units):
                  0          1          2    
      0     499.362229  29.251488 -55.986906
      1      29.251488 439.057876  47.789019
      2     -55.986906  47.789019 389.824951
        Diagonalised polarizability tensor :
                  0    
      0     336.301436
      1     467.943562
      2     524.000058
# -------------------------------------------------------------
----------------------- !GEOMETRIES! ------------------------
# -------------------------------------------------------------
------------------------ !GEOMETRY! -------------------------
    Number of atoms:    93 
    Geometry Index:     1 
    Coordinates:
               0 C     -8.584806000000    1.776561000000    2.646928000000
               1 C     -8.577646000000    0.646853000000    1.595693000000
               2 O     -7.231333000000    0.268728000000    1.462342000000
               3 C     -6.206991000000    1.047573000000    1.093022000000
               4 O     -6.305147000000    2.252130000000    0.782397000000
               5 C     -4.772896000000    0.531976000000    1.008893000000
               6 C     -3.977486000000    1.297044000000    2.061094000000
               7 C     -2.530499000000    1.181043000000    1.783592000000
               8 C     -2.118913000000    0.046889000000    0.860057000000
               9 C     -2.896267000000   -0.150414000000   -0.370484000000
              10 C     -4.148160000000    0.781398000000   -0.295666000000
              11 C     -3.562328000000   -1.503158000000   -0.471841000000
              12 C     -4.518774000000   -1.805021000000    0.459185000000
              13 O     -4.797268000000   -0.826081000000    1.393639000000
              14 C     -5.115745000000   -3.038365000000    0.386023000000
              15 C     -4.810628000000   -3.960776000000   -0.550313000000
              16 C     -3.823428000000   -3.650091000000   -1.514682000000
              17 C     -3.212250000000   -2.436313000000   -1.467143000000
              18 C     -2.179563000000   -2.099374000000   -2.429368000000
              19 C     -1.623596000000   -3.076994000000   -3.199656000000
              20 C     -0.441444000000   -2.806545000000   -3.888558000000
              21 C      0.143463000000   -1.562192000000   -3.781513000000
              22 C     -0.435031000000   -0.609167000000   -3.009181000000
              23 C     -1.592623000000   -0.808546000000   -2.313294000000
              24 O     -2.183122000000    0.175789000000   -1.544216000000
              25 C      0.333913000000    0.707656000000   -2.882783000000
              26 C      0.887411000000    0.716534000000   -1.535741000000
              27 C      1.063906000000    1.682715000000   -0.655914000000
              28 C      1.645679000000    1.310045000000    0.668177000000
              29 C      2.970070000000    1.786019000000    1.032767000000
              30 C      4.091297000000    1.309599000000    0.171238000000
              31 C      4.830995000000    0.310981000000    0.523417000000
              32 C      4.562678000000   -0.388889000000    1.816173000000
              33 C      6.001072000000   -0.212458000000   -0.283589000000
              34 C      7.251582000000   -0.175846000000    0.559389000000
              35 C      7.676343000000    1.168581000000    1.002036000000
              36 C      8.847106000000    1.715977000000    0.865491000000
              37 C      9.990070000000    0.977375000000    0.181744000000
              38 C      9.156993000000    3.095506000000    1.299535000000
              39 C      0.729818000000    3.037052000000   -1.065759000000
              40 O      0.386696000000    3.351064000000   -2.217111000000
              41 O      0.791551000000    4.056354000000   -0.103091000000
              42 O      0.195849000000   -3.739825000000   -4.691375000000
              43 O     -3.563331000000   -4.612720000000   -2.428484000000
              44 C     -1.703012000000   -1.124380000000    1.665924000000
              45 C     -2.002959000000   -1.318755000000    2.885288000000
              46 C     -0.846120000000   -2.203803000000    0.979382000000
              47 H     -7.947105000000    2.605463000000    2.372623000000
              48 H     -9.639688000000    2.094017000000    2.868458000000
              49 H     -8.195261000000    1.363377000000    3.619448000000
              50 H     -9.059204000000   -0.212193000000    2.165181000000
              51 H     -9.120840000000    0.868203000000    0.708469000000
              52 H     -4.297169000000    0.984673000000    3.094602000000
              53 H     -4.269497000000    2.385356000000    2.041791000000
              54 H     -2.032996000000    0.936171000000    2.777535000000
              55 H     -2.072686000000    2.126460000000    1.448494000000
              56 H     -1.085414000000    0.444854000000    0.489384000000
              57 H     -4.830858000000    0.478661000000   -1.136791000000
              58 H     -3.870278000000    1.824633000000   -0.429929000000
              59 H     -5.870399000000   -3.248334000000    1.171865000000
              60 H     -5.296518000000   -4.945133000000   -0.592190000000
              61 H     -1.992799000000   -4.050884000000   -3.326443000000
              62 H      1.066719000000   -1.320064000000   -4.309820000000
              63 H     -0.364231000000    1.531195000000   -3.044527000000
              64 H      1.125059000000    0.770609000000   -3.637294000000
              65 H      1.243107000000   -0.290531000000   -1.186729000000
              66 H      0.923240000000    1.821459000000    1.409224000000
              67 H      1.448152000000    0.232548000000    0.871445000000
              68 H      3.127129000000    1.567750000000    2.121499000000
              69 H      2.989926000000    2.918141000000    1.011708000000
              70 H      4.257570000000    1.823939000000   -0.778588000000
              71 H      3.634680000000   -1.001211000000    1.611301000000
              72 H      5.348249000000   -1.139765000000    2.033358000000
              73 H      4.498162000000    0.256383000000    2.689195000000
              74 H      5.848974000000   -1.234646000000   -0.634419000000
              75 H      6.165977000000    0.453949000000   -1.157294000000
              76 H      8.102935000000   -0.571406000000   -0.070396000000
              77 H      7.223401000000   -0.816025000000    1.456078000000
              78 H      6.888373000000    1.747374000000    1.524860000000
              79 H      9.790623000000    1.028715000000   -0.886658000000
              80 H     10.963885000000    1.431049000000    0.406956000000
              81 H      9.989996000000   -0.105791000000    0.519557000000
              82 H      9.589168000000    3.636170000000    0.411181000000
              83 H      9.920243000000    3.034440000000    2.083957000000
              84 H      8.250786000000    3.641416000000    1.638064000000
              85 H     -0.073416000000    4.576955000000    0.099278000000
              86 H     -0.216648000000   -4.654729000000   -4.772652000000
              87 H     -4.023974000000   -5.496126000000   -2.442542000000
              88 H     -1.514938000000   -2.368078000000    3.283736000000
              89 H     -2.595134000000   -0.958419000000    3.627617000000
              90 H     -0.575449000000   -1.921261000000   -0.027821000000
              91 H      0.120254000000   -2.227146000000    1.553327000000
              92 H     -1.367227000000   -3.143945000000    1.142580000000
