-------------------------------------------------------------
----------------------- !PROPERTIES! ------------------------
-------------------------------------------------------------
# -----------------------------------------------------------
$ SCF_Energy
   description: The SCF energy
   geom. index: 1
   prop. index: 1
        SCF Energy:    -1655.0899613298
# -----------------------------------------------------------
$ DFT_Energy
   description: The DFT energy
   geom. index: 1
   prop. index: 1
   Number of Alpha Electrons                 96.9999869537 
   Number of Beta  Electrons                 96.9999869537 
   Total number of  Electrons               193.9999739074 
   Exchange energy                         -145.0730716882 
   Correlation energy                        -8.0917732108 
   Correlation energy NL                      0.0000000000 
   Exchange-Correlation energy             -153.1648448990 
   Embedding correction                       0.0000000000 
   Total DFT Energy (No VdW correction)   -1655.0899613298 
# -----------------------------------------------------------
$ Mayer_Pop
   description: The Mayer population analysis
   geom. index: 1
   prop. index: 1
     Number of atoms                     : 41
     Threshold for printing              : 0.1000000
     Number of bond orders printed       : 44
  NA   - Mulliken gross atomic population
  ZA   - Total nuclear charge
  QA   - Mulliken gross atomic charge
  VA   - Mayer's total valence
  BVA  - Mayer's bonded valence
  FA   - Mayer's free valence
  ATOM       NA         ZA         QA         VA         BVA        FA
  0   0     6.0685     6.0000    -0.0685     3.8730     3.8730     0.0000
  1   0    15.1802    16.0000     0.8198     5.1838     5.1838     0.0000
  2   0     8.5110     8.0000    -0.5110     1.8797     1.8797    -0.0000
  3   0     8.4687     8.0000    -0.4687     1.9292     1.9292    -0.0000
  4   0     7.3424     7.0000    -0.3424     2.9637     2.9637    -0.0000
  5   0     5.9218     6.0000     0.0782     3.9586     3.9586     0.0000
  6   0     5.7813     6.0000     0.2187     4.0545     4.0545    -0.0000
  7   0     6.1274     6.0000    -0.1274     4.0216     4.0216    -0.0000
  8   0     6.0698     6.0000    -0.0698     3.9814     3.9814    -0.0000
  9   0     5.9670     6.0000     0.0330     3.9410     3.9410     0.0000
 10   0     7.1774     7.0000    -0.1774     3.1979     3.1979     0.0000
 11   0     5.9090     6.0000     0.0910     4.2381     4.2381    -0.0000
 12   0     7.1632     7.0000    -0.1632     3.0987     3.0987     0.0000
 13   0     5.8918     6.0000     0.1082     4.0117     4.0117     0.0000
 14   0     6.0636     6.0000    -0.0636     3.7829     3.7829     0.0000
 15   0     5.9131     6.0000     0.0869     3.9951     3.9951     0.0000
 16   0     7.1405     7.0000    -0.1405     3.1122     3.1122     0.0000
 17   0     5.8528     6.0000     0.1472     3.9830     3.9830    -0.0000
 18   0     7.1312     7.0000    -0.1312     2.9673     2.9673     0.0000
 19   0     7.1148     7.0000    -0.1148     2.9685     2.9685    -0.0000
 20   0     5.9933     6.0000     0.0067     3.9643     3.9643    -0.0000
 21   0     8.1416     8.0000    -0.1416     2.4418     2.4418     0.0000
 22   0     5.4405     6.0000     0.5595     4.1313     4.1313     0.0000
 23   0     9.2163     9.0000    -0.2163     1.1315     1.1315    -0.0000
 24   0     9.2308     9.0000    -0.2308     1.1183     1.1183    -0.0000
 25   0     0.9039     1.0000     0.0961     1.0043     1.0043    -0.0000
 26   0     0.9051     1.0000     0.0949     1.0026     1.0026     0.0000
 27   0     0.9298     1.0000     0.0702     1.0063     1.0063    -0.0000
 28   0     0.8549     1.0000     0.1451     1.0122     1.0122    -0.0000
 29   0     0.9856     1.0000     0.0144     1.0128     1.0128    -0.0000
 30   0     0.9712     1.0000     0.0288     1.0182     1.0182    -0.0000
 31   0     0.9834     1.0000     0.0166     0.9905     0.9905    -0.0000
 32   0     0.9539     1.0000     0.0461     1.0218     1.0218    -0.0000
 33   0     0.9719     1.0000     0.0281     0.9788     0.9788     0.0000
 34   0     0.9857     1.0000     0.0143     0.9904     0.9904    -0.0000
 35   0     0.9697     1.0000     0.0303     0.9769     0.9769    -0.0000
 36   0     0.9826     1.0000     0.0174     1.0167     1.0167    -0.0000
 37   0     0.8523     1.0000     0.1477     1.0054     1.0054    -0.0000
 38   0     0.9773     1.0000     0.0227     1.0139     1.0139    -0.0000
 39   0     0.9844     1.0000     0.0156     0.9993     0.9993     0.0000
 40   0     0.9701     1.0000     0.0299     1.0035     1.0035    -0.0000
      Bond orders larger than 0.1000000
           Atom A     A.N. of A          Atom B    A.N. of B              Bond order
                0             6               1           16                0.900780
                0             6              25            1                0.953857
                0             6              26            1                0.947339
                0             6              27            1                0.944732
                1            16               2            8                1.593394
                1            16               3            8                1.685535
                1            16               4            7                0.910109
                4             7               5            6                0.943718
                4             7              28            1                0.908975
                5             6               6            6                1.056303
                5             6              29            1                0.924901
                5             6              30            1                0.919487
                6             6               7            6                1.018416
                6             6              10            7                0.971213
                6             6              31            1                0.901819
                7             6               8            6                0.976092
                7             6               9            6                1.015624
                7             6              32            1                0.920934
                8             6               9            6                1.037374
                8             6              33            1                0.946116
                8             6              34            1                0.954323
                9             6              35            1                0.943229
                9             6              36            1                0.921551
               10             7              11            6                1.205120
               10             7              37            1                0.901921
               11             6              12            7                1.402658
               11             6              16            7                1.412398
               12             7              13            6                1.508502
               13             6              14            6                1.376423
               13             6              38            1                0.973006
               14             6              15            6                1.314177
               14             6              17            6                1.022683
               15             6              16            7                1.565202
               15             6              39            1                0.981480
               17             6              18            7                1.584774
               17             6              20            6                0.103113
               17             6              21            8                1.208883
               18             7              19            7                1.260327
               19             7              20            6                1.592463
               20             6              21            8                1.164062
               20             6              22            6                1.005805
               22             6              23            9                1.075680
               22             6              24            9                1.073983
               22             6              40            1                0.947507
# -----------------------------------------------------------
$ Calculation_Info
   description: Details of the calculation
   geom. index: 1
   prop. index: 1
     Multiplicity:                          1
     Charge:                                0
     number of atoms:                       41
     number of electrons:                   0
     number of frozen core electrons:       1
     number of correlated electrons:        0
     number of basis functions:             434
     number of aux C basis functions:       0
     number of aux J basis functions:       1403
     number of aux JK basis functions:      0
     number of aux CABS basis functions:    0
     Total Energy                           -1655.089961
# -----------------------------------------------------------
$ SCF_Electric_Properties
   description: The SCF Calculated Electric Properties
   geom. index: 1
   prop. index: 1
       Filename                          : 238.scfp 
       Do Dipole Moment Calculation      : true 
       Do Quadrupole Moment Calculation  : false 
       Do Polarizability Calculation     : true 
** Dipole moment part of electric properties **
        Magnitude of dipole moment (Debye) :        3.3930831652
        Electronic Contribution:
                  0    
      0      53.502885
      1      12.466968
      2       0.705475
        Nuclear Contribution:
                  0    
      0     -53.934434
      1     -13.702986
      2      -0.966286
        Total Dipole moment:
                  0    
      0      -0.431548
      1      -1.236018
      2      -0.260810
** Polarizabilities part of electric properties **
        Isotropic polarizability :      223.9901657054
        The raw cartesian tensor (atomic units):
                  0          1          2    
      0     357.273439  -7.857967   2.189228
      1      -7.857967 181.870614   4.830313
      2       2.189228   4.830313 132.826444
        Diagonalised polarizability tensor :
                  0    
      0     132.316569
      1     182.011864
      2     357.642065
# -------------------------------------------------------------
----------------------- !GEOMETRIES! ------------------------
# -------------------------------------------------------------
------------------------ !GEOMETRY! -------------------------
    Number of atoms:    41 
    Geometry Index:     1 
    Coordinates:
               0 C     -6.238636000000    0.536607000000   -0.208479000000
               1 S     -5.072331000000    1.804876000000    0.192642000000
               2 O     -5.034613000000    2.755808000000   -0.990988000000
               3 O     -5.540407000000    2.515639000000    1.412981000000
               4 N     -3.529453000000    1.071963000000    0.414498000000
               5 C     -3.069791000000    0.424104000000   -0.771256000000
               6 C     -1.717484000000   -0.237781000000   -0.633777000000
               7 C     -1.683075000000   -1.309357000000    0.405729000000
               8 C     -2.607303000000   -2.506089000000    0.237396000000
               9 C     -2.762762000000   -1.548220000000    1.368677000000
              10 N     -0.726417000000    0.778623000000   -0.401256000000
              11 C      0.638176000000    0.488708000000   -0.359044000000
              12 N      1.103477000000   -0.753528000000   -0.541422000000
              13 C      2.438712000000   -1.032793000000   -0.499412000000
              14 C      3.361501000000   -0.037791000000   -0.265949000000
              15 C      2.879509000000    1.238383000000   -0.078846000000
              16 N      1.550453000000    1.477028000000   -0.127430000000
              17 C      4.795540000000   -0.343357000000   -0.221855000000
              18 N      5.386399000000   -1.540004000000   -0.388047000000
              19 N      6.698411000000   -1.367712000000   -0.269915000000
              20 C      6.944265000000   -0.063788000000   -0.028831000000
              21 O      5.767494000000    0.512333000000   -0.008982000000
              22 C      8.283971000000    0.596429000000    0.175185000000
              23 F      8.243153000000    1.273126000000    1.376573000000
              24 F      8.503700000000    1.559065000000   -0.809276000000
              25 H     -6.771023000000    0.730590000000   -1.147464000000
              26 H     -6.973374000000    0.402278000000    0.624931000000
              27 H     -5.733723000000   -0.461047000000   -0.322658000000
              28 H     -2.881880000000    1.812931000000    0.740694000000
              29 H     -3.834905000000   -0.352165000000   -1.057679000000
              30 H     -3.056298000000    1.141991000000   -1.603357000000
              31 H     -1.466348000000   -0.702708000000   -1.621770000000
              32 H     -0.649600000000   -1.641827000000    0.687395000000
              33 H     -2.274339000000   -3.510689000000    0.516290000000
              34 H     -3.308947000000   -2.454565000000   -0.600595000000
              35 H     -2.426988000000   -1.882510000000    2.394759000000
              36 H     -3.709418000000   -1.018122000000    1.389970000000
              37 H     -1.031428000000    1.779248000000   -0.256369000000
              38 H      2.821676000000   -2.031393000000   -0.645421000000
              39 H      3.598761000000    2.031677000000    0.106166000000
              40 H      9.085344000000   -0.135961000000    0.102771000000
