-------------------------------------------------------------
----------------------- !PROPERTIES! ------------------------
-------------------------------------------------------------
# -----------------------------------------------------------
$ SCF_Energy
   description: The SCF energy
   geom. index: 1
   prop. index: 1
        SCF Energy:    -1554.0482389219
# -----------------------------------------------------------
$ DFT_Energy
   description: The DFT energy
   geom. index: 1
   prop. index: 1
   Number of Alpha Electrons                103.9999946625 
   Number of Beta  Electrons                103.9999946625 
   Total number of  Electrons               207.9999893250 
   Exchange energy                         -139.6594606989 
   Correlation energy                        -8.4916270794 
   Correlation energy NL                      0.0000000000 
   Exchange-Correlation energy             -148.1510877783 
   Embedding correction                       0.0000000000 
   Total DFT Energy (No VdW correction)   -1554.0482389219 
# -----------------------------------------------------------
$ Mayer_Pop
   description: The Mayer population analysis
   geom. index: 1
   prop. index: 1
     Number of atoms                     : 55
     Threshold for printing              : 0.1000000
     Number of bond orders printed       : 57
  NA   - Mulliken gross atomic population
  ZA   - Total nuclear charge
  QA   - Mulliken gross atomic charge
  VA   - Mayer's total valence
  BVA  - Mayer's bonded valence
  FA   - Mayer's free valence
  ATOM       NA         ZA         QA         VA         BVA        FA
  0   0     5.9462     6.0000     0.0538     3.9300     3.9300    -0.0000
  1   0     6.1058     6.0000    -0.1058     4.1531     4.1531     0.0000
  2   0     5.7960     6.0000     0.2040     3.9110     3.9110    -0.0000
  3   0     6.1060     6.0000    -0.1060     4.0132     4.0132    -0.0000
  4   0     6.0161     6.0000    -0.0161     3.9069     3.9069    -0.0000
  5   0     5.9447     6.0000     0.0553     3.9816     3.9816    -0.0000
  6   0     6.0076     6.0000    -0.0076     4.1124     4.1124    -0.0000
  7   0     6.0835     6.0000    -0.0835     3.6770     3.6770     0.0000
  8   0     6.0550     6.0000    -0.0550     4.3518     4.3518     0.0000
  9   0     8.1643     8.0000    -0.1643     2.3135     2.3135    -0.0000
 10   0     5.7548     6.0000     0.2452     3.7883     3.7883     0.0000
 11   0     6.1475     6.0000    -0.1475     4.3407     4.3407     0.0000
 12   0     5.7840     6.0000     0.2160     4.0212     4.0212     0.0000
 13   0     8.3372     8.0000    -0.3372     2.0884     2.0884    -0.0000
 14   0     5.6877     6.0000     0.3123     3.9119     3.9119     0.0000
 15   0     8.4882     8.0000    -0.4882     2.1190     2.1190     0.0000
 16   0    13.3541    14.0000     0.6459     4.2474     4.2474    -0.0000
 17   0     6.2262     6.0000    -0.2262     3.9076     3.9076     0.0000
 18   0     6.2247     6.0000    -0.2247     3.8915     3.8915     0.0000
 19   0     6.4971     6.0000    -0.4971     4.1326     4.1326     0.0000
 20   0     5.9006     6.0000     0.0994     3.8892     3.8892     0.0000
 21   0     5.9057     6.0000     0.0943     3.9022     3.9022     0.0000
 22   0     5.9130     6.0000     0.0870     3.9064     3.9064     0.0000
 23   0    24.9627    25.0000     0.0373     1.1858     1.1858    -0.0000
 24   0     1.0007     1.0000    -0.0007     1.0185     1.0185    -0.0000
 25   0     1.0076     1.0000    -0.0076     0.9824     0.9824    -0.0000
 26   0     0.9548     1.0000     0.0452     1.0272     1.0272    -0.0000
 27   0     0.9995     1.0000     0.0005     0.9852     0.9852    -0.0000
 28   0     1.0071     1.0000    -0.0071     0.9820     0.9820    -0.0000
 29   0     0.9786     1.0000     0.0214     1.0025     1.0025    -0.0000
 30   0     1.0219     1.0000    -0.0219     0.9789     0.9789    -0.0000
 31   0     1.0236     1.0000    -0.0236     0.9838     0.9838    -0.0000
 32   0     0.9794     1.0000     0.0206     0.9956     0.9956    -0.0000
 33   0     0.9306     1.0000     0.0694     0.9914     0.9914    -0.0000
 34   0     0.9899     1.0000     0.0101     1.0172     1.0172    -0.0000
 35   0     0.9645     1.0000     0.0355     1.0221     1.0221     0.0000
 36   0     1.0198     1.0000    -0.0198     0.9987     0.9987     0.0000
 37   0     1.0069     1.0000    -0.0069     0.9829     0.9829     0.0000
 38   0     1.0009     1.0000    -0.0009     0.9880     0.9880     0.0000
 39   0     1.0143     1.0000    -0.0143     0.9805     0.9805     0.0000
 40   0     0.9577     1.0000     0.0423     0.9951     0.9951     0.0000
 41   0     0.9631     1.0000     0.0369     0.9825     0.9825     0.0000
 42   0     0.9466     1.0000     0.0534     0.9889     0.9889     0.0000
 43   0     0.9494     1.0000     0.0506     0.9935     0.9935    -0.0000
 44   0     0.9517     1.0000     0.0483     0.9877     0.9877    -0.0000
 45   0     0.9587     1.0000     0.0413     0.9873     0.9873     0.0000
 46   0     0.9782     1.0000     0.0218     0.9977     0.9977     0.0000
 47   0     0.9931     1.0000     0.0069     0.9999     0.9999     0.0000
 48   0     1.0030     1.0000    -0.0030     0.9944     0.9944     0.0000
 49   0     0.9988     1.0000     0.0012     0.9975     0.9975     0.0000
 50   0     0.9972     1.0000     0.0028     0.9965     0.9965     0.0000
 51   0     0.9935     1.0000     0.0065     0.9989     0.9989     0.0000
 52   0     0.9979     1.0000     0.0021     0.9920     0.9920     0.0000
 53   0     1.0060     1.0000    -0.0060     1.0003     1.0003     0.0000
 54   0     0.9963     1.0000     0.0037     0.9919     0.9919    -0.0000
      Bond orders larger than 0.1000000
           Atom A     A.N. of A          Atom B    A.N. of B              Bond order
                0             6               1            6                1.055420
                0             6              24            1                0.955695
                0             6              25            1                0.954533
                0             6              26            1                0.938995
                1             6               2            6                1.081768
                1             6               6            6                1.007522
                1             6              27            1                0.898713
                2             6               3            6                1.015701
                2             6              28            1                0.914184
                2             6              29            1                0.898020
                3             6               4            6                1.880890
                3             6              30            1                0.974328
                4             6               5            6                0.975444
                4             6              31            1                0.985079
                5             6               6            6                1.013847
                5             6              12            6                1.131976
                5             6              32            1                0.839690
                6             6               7            6                0.947328
                6             6              13            8                0.981432
                7             6               8            6                0.911033
                7             6              23           53                1.058234
                7             6              33            1                0.858287
                8             6               9            8                2.219617
                8             6              10            6                1.028849
               10             6              11            6                0.990023
               10             6              34            1                0.902477
               10             6              35            1                0.868640
               11             6              12            6                1.074731
               11             6              13            8                0.970991
               11             6              14            6                1.029592
               12             6              36            1                0.877117
               12             6              37            1                0.895662
               14             6              15            8                1.001106
               14             6              38            1                0.894429
               14             6              39            1                0.912778
               15             8              16           14                1.007962
               16            14              17            6                1.027883
               16            14              18            6                1.021195
               16            14              19            6                0.907912
               17             6              40            1                0.953851
               17             6              41            1                0.949830
               17             6              42            1                0.934998
               18             6              43            1                0.953408
               18             6              44            1                0.950375
               18             6              45            1                0.946530
               19             6              20            6                1.033270
               19             6              21            6                1.040430
               19             6              22            6                1.043644
               20             6              46            1                0.954173
               20             6              47            1                0.962209
               20             6              48            1                0.954147
               21             6              49            1                0.958328
               21             6              50            1                0.951710
               21             6              51            1                0.955292
               22             6              52            1                0.954524
               22             6              53            1                0.956616
               22             6              54            1                0.959711
# -----------------------------------------------------------
$ Calculation_Info
   description: Details of the calculation
   geom. index: 1
   prop. index: 1
     Multiplicity:                          1
     Charge:                                0
     number of atoms:                       55
     number of electrons:                   0
     number of frozen core electrons:       1
     number of correlated electrons:        0
     number of basis functions:             507
     number of aux C basis functions:       0
     number of aux J basis functions:       1528
     number of aux JK basis functions:      0
     number of aux CABS basis functions:    0
     Total Energy                           -1554.048239
# -----------------------------------------------------------
$ SCF_Electric_Properties
   description: The SCF Calculated Electric Properties
   geom. index: 1
   prop. index: 1
       Filename                          : 295.scfp 
       Do Dipole Moment Calculation      : true 
       Do Quadrupole Moment Calculation  : false 
       Do Polarizability Calculation     : true 
** Dipole moment part of electric properties **
        Magnitude of dipole moment (Debye) :        3.7886475771
        Electronic Contribution:
                  0    
      0     -307.576453
      1      57.390837
      2     -146.787829
        Nuclear Contribution:
                  0    
      0     308.662309
      1     -57.736741
      2     147.748544
        Total Dipole moment:
                  0    
      0       1.085856
      1      -0.345905
      2       0.960714
** Polarizabilities part of electric properties **
        Isotropic polarizability :      243.4742607653
        The raw cartesian tensor (atomic units):
                  0          1          2    
      0     277.320068 -14.144917   8.182201
      1     -14.144917 216.550584   6.595654
      2       8.182201   6.595654 236.552130
        Diagonalised polarizability tensor :
                  0    
      0     210.744795
      1     238.245343
      2     281.432644
# -------------------------------------------------------------
----------------------- !GEOMETRIES! ------------------------
# -------------------------------------------------------------
------------------------ !GEOMETRY! -------------------------
    Number of atoms:    55 
    Geometry Index:     1 
    Coordinates:
               0 C     -2.548178000000    1.623996000000    1.508313000000
               1 C     -3.483692000000    1.242236000000    0.353288000000
               2 C     -4.754860000000    0.754549000000    0.977393000000
               3 C     -4.415823000000   -0.445555000000    1.808486000000
               4 C     -3.636221000000   -1.353411000000    1.246790000000
               5 C     -3.119644000000   -1.194373000000   -0.141075000000
               6 C     -2.773739000000    0.225784000000   -0.473872000000
               7 C     -2.988256000000    0.536563000000   -1.957819000000
               8 C     -2.365470000000   -0.558180000000   -2.725501000000
               9 O     -2.913244000000   -1.076267000000   -3.667451000000
              10 C     -1.023132000000   -1.018324000000   -2.306030000000
              11 C     -0.886644000000   -0.900697000000   -0.805660000000
              12 C     -1.786354000000   -1.938252000000   -0.186800000000
              13 O     -1.383142000000    0.277088000000   -0.299230000000
              14 C      0.550347000000   -1.070973000000   -0.451961000000
              15 O      1.272058000000   -0.024717000000   -0.974468000000
              16 Si     2.938264000000   -0.095598000000   -0.642631000000
              17 C      3.548138000000   -1.858714000000   -0.524676000000
              18 C      3.934060000000    0.775135000000   -1.987495000000
              19 C      3.367731000000    0.751047000000    0.968334000000
              20 C      2.236088000000    1.639563000000    1.438720000000
              21 C      4.601296000000    1.623257000000    0.826866000000
              22 C      3.698675000000   -0.282975000000    2.043176000000
              23 I     -4.974990000000    0.925332000000   -2.452232000000
              24 H     -2.663284000000    0.872643000000    2.316806000000
              25 H     -2.792414000000    2.606931000000    1.916888000000
              26 H     -1.484832000000    1.533746000000    1.170453000000
              27 H     -3.694877000000    2.131173000000   -0.280179000000
              28 H     -5.143656000000    1.580673000000    1.618554000000
              29 H     -5.516049000000    0.422132000000    0.253590000000
              30 H     -4.817577000000   -0.506945000000    2.804663000000
              31 H     -3.379427000000   -2.224954000000    1.826256000000
              32 H     -3.853154000000   -1.602663000000   -0.845361000000
              33 H     -2.358203000000    1.453252000000   -2.146072000000
              34 H     -0.850463000000   -2.084518000000   -2.559386000000
              35 H     -0.280390000000   -0.333865000000   -2.758045000000
              36 H     -1.396932000000   -2.136347000000    0.833257000000
              37 H     -1.845065000000   -2.873267000000   -0.753463000000
              38 H      0.718672000000   -1.161419000000    0.656103000000
              39 H      0.906543000000   -2.033210000000   -0.875768000000
              40 H      3.132201000000   -2.379563000000    0.347618000000
              41 H      3.347961000000   -2.433792000000   -1.434485000000
              42 H      4.650183000000   -1.813078000000   -0.405116000000
              43 H      4.065210000000    1.857428000000   -1.744392000000
              44 H      4.885269000000    0.266892000000   -2.178798000000
              45 H      3.340032000000    0.771587000000   -2.946511000000
              46 H      1.705602000000    2.038784000000    0.531586000000
              47 H      1.514367000000    1.101485000000    2.069183000000
              48 H      2.657017000000    2.531076000000    1.953041000000
              49 H      4.297199000000    2.677135000000    0.645788000000
              50 H      5.225310000000    1.624761000000    1.727902000000
              51 H      5.143368000000    1.305622000000   -0.091155000000
              52 H      4.334091000000    0.116838000000    2.834341000000
              53 H      4.285108000000   -1.087315000000    1.522623000000
              54 H      2.774918000000   -0.777737000000    2.415613000000
