-------------------------------------------------------------
----------------------- !PROPERTIES! ------------------------
-------------------------------------------------------------
# -----------------------------------------------------------
$ SCF_Energy
   description: The SCF energy
   geom. index: 1
   prop. index: 1
        SCF Energy:    -1792.8250904775
# -----------------------------------------------------------
$ DFT_Energy
   description: The DFT energy
   geom. index: 1
   prop. index: 1
   Number of Alpha Electrons                134.0001184694 
   Number of Beta  Electrons                134.0001184694 
   Total number of  Electrons               268.0002369387 
   Exchange energy                         -184.9391925193 
   Correlation energy                       -10.9937610380 
   Correlation energy NL                      0.0000000000 
   Exchange-Correlation energy             -195.9329535573 
   Embedding correction                       0.0000000000 
   Total DFT Energy (No VdW correction)   -1792.8250904775 
# -----------------------------------------------------------
$ Mayer_Pop
   description: The Mayer population analysis
   geom. index: 1
   prop. index: 1
     Number of atoms                     : 60
     Threshold for printing              : 0.1000000
     Number of bond orders printed       : 66
  NA   - Mulliken gross atomic population
  ZA   - Total nuclear charge
  QA   - Mulliken gross atomic charge
  VA   - Mayer's total valence
  BVA  - Mayer's bonded valence
  FA   - Mayer's free valence
  ATOM       NA         ZA         QA         VA         BVA        FA
  0   0     5.8628     6.0000     0.1372     3.8576     3.8576     0.0000
  1   0     6.2002     6.0000    -0.2002     4.0705     4.0705     0.0000
  2   0     6.0457     6.0000    -0.0457     3.7223     3.7223     0.0000
  3   0     5.9597     6.0000     0.0403     3.9803     3.9803     0.0000
  4   0     5.7281     6.0000     0.2719     3.6517     3.6517    -0.0000
  5   0     6.0239     6.0000    -0.0239     3.6574     3.6574    -0.0000
  6   0     6.0901     6.0000    -0.0901     3.8812     3.8812    -0.0000
  7   0     6.0055     6.0000    -0.0055     3.5589     3.5589     0.0000
  8   0     5.9752     6.0000     0.0248     3.6986     3.6986    -0.0000
  9   0     5.8980     6.0000     0.1020     3.9226     3.9226    -0.0000
 10   0     6.1882     6.0000    -0.1882     3.6816     3.6816    -0.0000
 11   0     5.7216     6.0000     0.2784     3.8323     3.8323     0.0000
 12   0     6.1421     6.0000    -0.1421     3.6123     3.6123     0.0000
 13   0     5.8195     6.0000     0.1805     3.4648     3.4648     0.0000
 14   0     5.8540     6.0000     0.1460     3.6110     3.6110     0.0000
 15   0     8.3496     8.0000    -0.3496     2.1795     2.1795    -0.0000
 16   0     5.8047     6.0000     0.1953     3.9415     3.9415     0.0000
 17   0     8.1999     8.0000    -0.1999     2.2076     2.2076     0.0000
 18   0     6.0083     6.0000    -0.0083     4.2023     4.2023    -0.0000
 19   0     8.1361     8.0000    -0.1361     2.2948     2.2948    -0.0000
 20   0     5.8397     6.0000     0.1603     3.7738     3.7738     0.0000
 21   0     6.1175     6.0000    -0.1175     4.2094     4.2094     0.0000
 22   0     5.8438     6.0000     0.1562     3.8103     3.8103     0.0000
 23   0     8.2801     8.0000    -0.2801     2.2140     2.2140    -0.0000
 24   0     5.8316     6.0000     0.1684     3.7819     3.7819     0.0000
 25   0     6.0674     6.0000    -0.0674     3.5320     3.5320    -0.0000
 26   0     5.8625     6.0000     0.1375     4.0459     4.0459    -0.0000
 27   0     6.1831     6.0000    -0.1831     3.7127     3.7127     0.0000
 28   0     5.6494     6.0000     0.3506     3.7478     3.7478    -0.0000
 29   0     6.1132     6.0000    -0.1132     3.7719     3.7719     0.0000
 30   0     8.3377     8.0000    -0.3377     2.1862     2.1862    -0.0000
 31   0     5.8285     6.0000     0.1715     3.9170     3.9170     0.0000
 32   0     8.2171     8.0000    -0.2171     2.2684     2.2684    -0.0000
 33   0     5.7966     6.0000     0.2034     4.2606     4.2606     0.0000
 34   0     8.2299     8.0000    -0.2299     2.3036     2.3036     0.0000
 35   0     8.3178     8.0000    -0.3178     2.1148     2.1148     0.0000
 36   0     5.8852     6.0000     0.1148     3.9050     3.9050     0.0000
 37   0     8.2331     8.0000    -0.2331     2.1823     2.1823     0.0000
 38   0     0.9547     1.0000     0.0453     0.9824     0.9824    -0.0000
 39   0     0.9569     1.0000     0.0431     0.9836     0.9836    -0.0000
 40   0     1.0385     1.0000    -0.0385     0.9820     0.9820    -0.0000
 41   0     1.0671     1.0000    -0.0671     1.0029     1.0029     0.0000
 42   0     1.0753     1.0000    -0.0753     1.0160     1.0160     0.0000
 43   0     1.0962     1.0000    -0.0962     1.0634     1.0634     0.0000
 44   0     0.9640     1.0000     0.0360     0.9830     0.9830     0.0000
 45   0     0.9787     1.0000     0.0213     0.9819     0.9819     0.0000
 46   0     0.9940     1.0000     0.0060     0.9847     0.9847    -0.0000
 47   0     0.8017     1.0000     0.1983     0.9964     0.9964     0.0000
 48   0     0.9661     1.0000     0.0339     1.0106     1.0106     0.0000
 49   0     0.9714     1.0000     0.0286     1.0276     1.0276     0.0000
 50   0     1.0327     1.0000    -0.0327     1.0176     1.0176     0.0000
 51   0     1.0309     1.0000    -0.0309     1.0032     1.0032    -0.0000
 52   0     0.9657     1.0000     0.0343     0.9812     0.9812     0.0000
 53   0     0.9729     1.0000     0.0271     0.9876     0.9876     0.0000
 54   0     0.9619     1.0000     0.0381     0.9854     0.9854    -0.0000
 55   0     0.7933     1.0000     0.2067     1.0312     1.0312     0.0000
 56   0     0.9802     1.0000     0.0198     1.0098     1.0098     0.0000
 57   0     0.9750     1.0000     0.0250     0.9954     0.9954     0.0000
 58   0     0.9756     1.0000     0.0244     1.0058     1.0058    -0.0000
 59   0     0.7997     1.0000     0.2003     0.9900     0.9900    -0.0000
      Bond orders larger than 0.1000000
           Atom A     A.N. of A          Atom B    A.N. of B              Bond order
                0             6               1            6                1.148375
                0             6              38            1                0.906714
                0             6              39            1                0.903488
                0             6              40            1                0.891189
                1             6               2            6                1.370059
                1             6              14            6                1.329689
                2             6               3            6                1.259890
                2             6              41            1                0.994653
                3             6               4            6                1.319798
                3             6              37            8                1.196939
                4             6               5            6                1.176737
                4             6              23            8                1.077744
                5             6               6            6                1.300689
                5             6              14            6                1.113808
                6             6               7            6                1.437516
                6             6              22            6                0.908031
                7             6               8            6                1.219439
                7             6              18            6                0.922717
                8             6               9            6                1.280005
                8             6              13            6                1.164293
                9             6              10            6                1.271770
                9             6              17            8                1.234013
               10             6              11            6                1.269198
               10             6              42            1                0.980953
               11             6              12            6                1.306139
               11             6              15            8                1.110527
               12             6              13            6                1.236238
               12             6              43            1                1.004122
               13             6              14            6                1.184463
               15             8              16            6                0.974987
               16             6              44            1                0.971030
               16             6              45            1                0.958610
               16             6              46            1                0.967910
               17             8              47            1                0.908080
               18             6              19            8                2.166180
               18             6              20            6                1.017527
               20             6              21            6                1.017946
               20             6              48            1                0.891193
               20             6              49            1                0.867924
               21             6              22            6                0.951809
               21             6              35            8                0.885006
               21             6              36            6                1.064860
               22             6              23            8                1.042709
               22             6              24            6                0.878841
               24             6              25            6                1.385804
               24             6              29            6                1.393653
               25             6              26            6                1.219080
               25             6              33            6                0.960021
               26             6              27            6                1.299820
               26             6              32            8                1.304587
               27             6              28            6                1.270264
               27             6              50            1                1.005835
               28             6              29            6                1.271361
               28             6              30            8                1.119511
               29             6              51            1                1.006642
               30             8              31            6                0.960020
               31             6              52            1                0.968538
               31             6              53            1                0.961414
               31             6              54            1                0.973563
               32             8              55            1                0.905081
               33             6              34            8                2.092316
               33             6              35            8                1.100998
               36             6              56            1                0.940904
               36             6              57            1                0.951161
               36             6              58            1                0.937584
               37             8              59            1                0.929758
# -----------------------------------------------------------
$ Calculation_Info
   description: Details of the calculation
   geom. index: 1
   prop. index: 1
     Multiplicity:                          1
     Charge:                                0
     number of atoms:                       60
     number of electrons:                   0
     number of frozen core electrons:       1
     number of correlated electrons:        0
     number of basis functions:             642
     number of aux C basis functions:       0
     number of aux J basis functions:       2104
     number of aux JK basis functions:      0
     number of aux CABS basis functions:    0
     Total Energy                           -1792.825090
# -----------------------------------------------------------
$ SCF_Electric_Properties
   description: The SCF Calculated Electric Properties
   geom. index: 1
   prop. index: 1
       Filename                          : 171.scfp 
       Do Dipole Moment Calculation      : true 
       Do Quadrupole Moment Calculation  : false 
       Do Polarizability Calculation     : true 
** Dipole moment part of electric properties **
        Magnitude of dipole moment (Debye) :        6.7666465110
        Electronic Contribution:
                  0    
      0     -18.037283
      1      -3.909702
      2       8.955291
        Nuclear Contribution:
                  0    
      0      20.152183
      1       4.147299
      2     -10.554599
        Total Dipole moment:
                  0    
      0       2.114900
      1       0.237596
      2      -1.599308
** Polarizabilities part of electric properties **
        Isotropic polarizability :      358.5480994278
        The raw cartesian tensor (atomic units):
                  0          1          2    
      0     428.902798  10.743656 -20.358097
      1      10.743656 279.069340  36.245830
      2     -20.358097  36.245830 367.672161
        Diagonalised polarizability tensor :
                  0    
      0     264.360087
      1     376.230293
      2     435.053919
# -------------------------------------------------------------
----------------------- !GEOMETRIES! ------------------------
# -------------------------------------------------------------
------------------------ !GEOMETRY! -------------------------
    Number of atoms:    60 
    Geometry Index:     1 
    Coordinates:
               0 C      2.500410000000   -1.632644000000   -3.433060000000
               1 C      1.251254000000   -1.700812000000   -2.734077000000
               2 C      0.086482000000   -2.248834000000   -3.323249000000
               3 C     -1.138670000000   -2.322273000000   -2.685596000000
               4 C     -1.315248000000   -1.854264000000   -1.399260000000
               5 C     -0.173757000000   -1.335640000000   -0.878248000000
               6 C     -0.352081000000   -0.905817000000    0.348181000000
               7 C      0.594605000000   -0.359422000000    1.166661000000
               8 C      1.849987000000   -0.255257000000    0.632026000000
               9 C      2.834282000000    0.268383000000    1.416690000000
              10 C      4.102666000000    0.364843000000    0.856100000000
              11 C      4.339104000000   -0.047512000000   -0.410403000000
              12 C      3.352667000000   -0.589299000000   -1.232576000000
              13 C      2.112044000000   -0.688707000000   -0.701132000000
              14 C      1.094994000000   -1.230694000000   -1.457605000000
              15 O      5.641471000000    0.082125000000   -0.907479000000
              16 C      6.681606000000    0.623179000000   -0.122811000000
              17 O      2.632877000000    0.684681000000    2.698242000000
              18 C      0.174189000000    0.087885000000    2.482703000000
              19 O      0.737049000000    0.942234000000    3.102832000000
              20 C     -1.018946000000   -0.582516000000    3.024113000000
              21 C     -1.826975000000   -1.426953000000    2.058766000000
              22 C     -1.790746000000   -1.006342000000    0.657506000000
              23 O     -2.285948000000   -1.727247000000   -0.402675000000
              24 C     -2.447417000000    0.357457000000    0.547188000000
              25 C     -3.438598000000    0.796030000000    1.387519000000
              26 C     -4.035197000000    2.038720000000    1.253570000000
              27 C     -3.597627000000    2.872740000000    0.212431000000
              28 C     -2.622304000000    2.464096000000   -0.628011000000
              29 C     -2.059288000000    1.224765000000   -0.459090000000
              30 O     -2.186916000000    3.286388000000   -1.657851000000
              31 C     -2.721381000000    4.570630000000   -1.889867000000
              32 O     -5.022237000000    2.518207000000    2.061089000000
              33 C     -3.843590000000   -0.094639000000    2.466464000000
              34 O     -4.717516000000    0.170829000000    3.287123000000
              35 O     -3.167621000000   -1.308677000000    2.526655000000
              36 C     -1.442093000000   -2.873433000000    2.277881000000
              37 O     -2.236976000000   -2.860399000000   -3.290562000000
              38 H      2.837463000000   -0.664358000000   -3.867490000000
              39 H      3.271485000000   -2.412029000000   -3.239338000000
              40 H      2.201153000000   -2.066504000000   -4.474320000000
              41 H      0.215635000000   -2.618234000000   -4.330160000000
              42 H      4.908533000000    0.787859000000    1.476814000000
              43 H      3.694123000000   -0.857494000000   -2.168048000000
              44 H      7.641031000000    0.646765000000   -0.656393000000
              45 H      6.413893000000    1.573126000000    0.352483000000
              46 H      6.835495000000   -0.122584000000    0.711767000000
              47 H      3.427750000000    1.068054000000    3.233055000000
              48 H     -0.715853000000   -1.282489000000    3.864446000000
              49 H     -1.727275000000    0.150519000000    3.485079000000
              50 H     -4.071900000000    3.858564000000    0.106288000000
              51 H     -1.282066000000    0.939254000000   -1.155373000000
              52 H     -3.678246000000    4.530793000000   -2.454560000000
              53 H     -2.809241000000    5.088070000000   -0.911731000000
              54 H     -1.926576000000    5.143355000000   -2.446922000000
              55 H     -5.477310000000    2.130154000000    2.827337000000
              56 H     -1.964819000000   -3.471520000000    1.491088000000
              57 H     -0.351055000000   -3.040824000000    2.288568000000
              58 H     -1.832233000000   -3.249294000000    3.247539000000
              59 H     -2.154545000000   -3.217112000000   -4.230323000000
