-------------------------------------------------------------
----------------------- !PROPERTIES! ------------------------
-------------------------------------------------------------
# -----------------------------------------------------------
$ SCF_Energy
   description: The SCF energy
   geom. index: 1
   prop. index: 1
        SCF Energy:    -1280.8433689711
# -----------------------------------------------------------
$ DFT_Energy
   description: The DFT energy
   geom. index: 1
   prop. index: 1
   Number of Alpha Electrons                104.9997976010 
   Number of Beta  Electrons                104.9997976010 
   Total number of  Electrons               209.9995952020 
   Exchange energy                         -137.7565587183 
   Correlation energy                        -8.4117941707 
   Correlation energy NL                      0.0000000000 
   Exchange-Correlation energy             -146.1683528890 
   Embedding correction                       0.0000000000 
   Total DFT Energy (No VdW correction)   -1280.8433689711 
# -----------------------------------------------------------
$ Mayer_Pop
   description: The Mayer population analysis
   geom. index: 1
   prop. index: 1
     Number of atoms                     : 56
     Threshold for printing              : 0.1000000
     Number of bond orders printed       : 59
  NA   - Mulliken gross atomic population
  ZA   - Total nuclear charge
  QA   - Mulliken gross atomic charge
  VA   - Mayer's total valence
  BVA  - Mayer's bonded valence
  FA   - Mayer's free valence
  ATOM       NA         ZA         QA         VA         BVA        FA
  0   0     6.0566     6.0000    -0.0566     4.0158     4.0158     0.0000
  1   0     5.8306     6.0000     0.1694     4.1101     4.1101     0.0000
  2   0     8.2650     8.0000    -0.2650     2.1871     2.1871     0.0000
  3   0     5.9716     6.0000     0.0284     4.1519     4.1519     0.0000
  4   0     5.8214     6.0000     0.1786     4.0345     4.0345     0.0000
  5   0     6.0258     6.0000    -0.0258     4.2133     4.2133    -0.0000
  6   0     5.7471     6.0000     0.2529     3.9966     3.9966    -0.0000
  7   0     7.3206     7.0000    -0.3206     3.1070     3.1070     0.0000
  8   0     5.8086     6.0000     0.1914     4.1663     4.1663    -0.0000
  9   0     8.2861     8.0000    -0.2861     2.2653     2.2653    -0.0000
 10   0     5.9430     6.0000     0.0570     3.9544     3.9544    -0.0000
 11   0     6.1079     6.0000    -0.1079     3.8184     3.8184    -0.0000
 12   0     5.9870     6.0000     0.0130     3.5933     3.5933    -0.0000
 13   0     5.9716     6.0000     0.0284     3.9243     3.9243    -0.0000
 14   0     7.0069     7.0000    -0.0069     3.4085     3.4085     0.0000
 15   0     5.9188     6.0000     0.0812     3.8770     3.8770    -0.0000
 16   0     6.0544     6.0000    -0.0544     3.7469     3.7469     0.0000
 17   0     5.9846     6.0000     0.0154     3.7975     3.7975    -0.0000
 18   0     5.9473     6.0000     0.0527     3.7878     3.7878    -0.0000
 19   0     6.0752     6.0000    -0.0752     3.7958     3.7958     0.0000
 20   0     5.9610     6.0000     0.0390     3.8626     3.8626    -0.0000
 21   0     6.2067     6.0000    -0.2067     4.0589     4.0589    -0.0000
 22   0     5.9005     6.0000     0.0995     3.9361     3.9361    -0.0000
 23   0     5.9197     6.0000     0.0803     3.9066     3.9066     0.0000
 24   0     6.0715     6.0000    -0.0715     4.0117     4.0117     0.0000
 25   0     6.0049     6.0000    -0.0049     3.9480     3.9480    -0.0000
 26   0     7.1304     7.0000    -0.1304     3.2192     3.2192    -0.0000
 27   0     5.8580     6.0000     0.1420     4.2280     4.2280     0.0000
 28   0     8.2694     8.0000    -0.2694     2.2390     2.2390     0.0000
 29   0     0.9865     1.0000     0.0135     0.9813     0.9813     0.0000
 30   0     0.9922     1.0000     0.0078     1.0057     1.0057    -0.0000
 31   0     0.9562     1.0000     0.0438     0.9851     0.9851    -0.0000
 32   0     0.9991     1.0000     0.0009     0.9711     0.9711    -0.0000
 33   0     0.9928     1.0000     0.0072     0.9898     0.9898    -0.0000
 34   0     0.9867     1.0000     0.0133     1.0122     1.0122    -0.0000
 35   0     0.9994     1.0000     0.0006     0.9868     0.9868    -0.0000
 36   0     0.9909     1.0000     0.0091     0.9736     0.9736    -0.0000
 37   0     1.0012     1.0000    -0.0012     0.9828     0.9828     0.0000
 38   0     0.9823     1.0000     0.0177     0.9978     0.9978     0.0000
 39   0     0.9715     1.0000     0.0285     0.9993     0.9993    -0.0000
 40   0     0.9813     1.0000     0.0187     1.0353     1.0353    -0.0000
 41   0     0.8714     1.0000     0.1286     1.0109     1.0109    -0.0000
 42   0     1.0633     1.0000    -0.0633     0.9822     0.9822     0.0000
 43   0     1.0252     1.0000    -0.0252     0.9769     0.9769     0.0000
 44   0     1.0380     1.0000    -0.0380     0.9763     0.9763    -0.0000
 45   0     1.0333     1.0000    -0.0333     0.9878     0.9878     0.0000
 46   0     0.9829     1.0000     0.0171     0.9986     0.9986    -0.0000
 47   0     0.9707     1.0000     0.0293     1.0028     1.0028    -0.0000
 48   0     0.9805     1.0000     0.0195     0.9922     0.9922    -0.0000
 49   0     0.9916     1.0000     0.0084     1.0000     1.0000     0.0000
 50   0     0.9873     1.0000     0.0127     0.9939     0.9939     0.0000
 51   0     0.9670     1.0000     0.0330     1.0010     1.0010    -0.0000
 52   0     1.0031     1.0000    -0.0031     0.9878     0.9878    -0.0000
 53   0     0.9813     1.0000     0.0187     0.9945     0.9945     0.0000
 54   0     0.9829     1.0000     0.0171     0.9734     0.9734     0.0000
 55   0     0.8294     1.0000     0.1706     1.0068     1.0068    -0.0000
      Bond orders larger than 0.1000000
           Atom A     A.N. of A          Atom B    A.N. of B              Bond order
                0             6               1            6                1.112063
                0             6              29            1                0.954309
                0             6              30            1                0.951217
                0             6              31            1                0.960175
                1             6               2            8                1.030157
                1             6              32            1                0.947913
                1             6              33            1                0.936282
                2             8               3            6                1.080378
                3             6               4            6                1.061292
                3             6               7            7                0.933890
                3             6              27            6                0.890818
                4             6               5            6                1.143614
                4             6              34            1                0.911894
                4             6              35            1                0.895474
                5             6               6            6                1.128151
                5             6              36            1                0.911581
                5             6              37            1                0.911949
                6             6               7            7                0.948025
                6             6              38            1                0.911206
                6             6              39            1                0.943014
                7             7               8            6                1.134685
                8             6               9            8                2.025064
                8             6              10            6                0.938608
               10             6              11            6                1.809168
               10             6              26            7                1.065979
               11             6              12            6                0.920048
               11             6              40            1                0.940183
               12             6              13            6                1.473485
               12             6              20            6                1.221492
               13             6              14            7                1.261437
               13             6              21            6                0.969032
               14             7              15            6                1.172326
               14             7              41            1                0.903330
               15             6              16            6                1.303294
               15             6              20            6                1.249984
               16             6              17            6                1.382509
               16             6              42            1                1.003138
               17             6              18            6                1.320442
               17             6              43            1                0.988036
               18             6              19            6                1.414109
               18             6              44            1                0.985453
               19             6              20            6                1.300023
               19             6              45            1                0.988010
               21             6              22            6                1.085867
               21             6              23            6                1.037810
               21             6              24            6                0.949980
               22             6              46            1                0.947331
               22             6              47            1                0.948210
               22             6              48            1                0.949662
               23             6              49            1                0.957344
               23             6              50            1                0.962748
               23             6              51            1                0.951837
               24             6              25            6                2.000211
               24             6              52            1                0.976537
               25             6              53            1                0.934736
               25             6              54            1                0.951927
               26             7              27            6                1.170256
               26             7              55            1                0.868811
               27             6              28            8                2.034140
# -----------------------------------------------------------
$ Calculation_Info
   description: Details of the calculation
   geom. index: 1
   prop. index: 1
     Multiplicity:                          1
     Charge:                                0
     number of atoms:                       56
     number of electrons:                   0
     number of frozen core electrons:       1
     number of correlated electrons:        0
     number of basis functions:             541
     number of aux C basis functions:       0
     number of aux J basis functions:       1718
     number of aux JK basis functions:      0
     number of aux CABS basis functions:    0
     Total Energy                           -1280.843369
# -----------------------------------------------------------
$ SCF_Electric_Properties
   description: The SCF Calculated Electric Properties
   geom. index: 1
   prop. index: 1
       Filename                          : 66.scfp 
       Do Dipole Moment Calculation      : true 
       Do Quadrupole Moment Calculation  : false 
       Do Polarizability Calculation     : true 
** Dipole moment part of electric properties **
        Magnitude of dipole moment (Debye) :        3.2039459074
        Electronic Contribution:
                  0    
      0      -6.082536
      1      -9.228803
      2      -5.926293
        Nuclear Contribution:
                  0    
      0       5.285756
      1       9.661788
      2       6.801812
        Total Dipole moment:
                  0    
      0      -0.796781
      1       0.432985
      2       0.875519
** Polarizabilities part of electric properties **
        Isotropic polarizability :      285.2184158961
        The raw cartesian tensor (atomic units):
                  0          1          2    
      0     365.301182  -8.516656   9.554120
      1      -8.516656 295.380565  -9.668313
      2       9.554120  -9.668313 194.973500
        Diagonalised polarizability tensor :
                  0    
      0     193.607743
      1     295.062160
      2     366.985345
# -------------------------------------------------------------
----------------------- !GEOMETRIES! ------------------------
# -------------------------------------------------------------
------------------------ !GEOMETRY! -------------------------
    Number of atoms:    56 
    Geometry Index:     1 
    Coordinates:
               0 C      5.700646000000   -1.671768000000    1.403040000000
               1 C      4.662173000000   -2.035081000000    0.374433000000
               2 O      3.991419000000   -1.073787000000   -0.245197000000
               3 C      3.173928000000   -0.178728000000    0.330349000000
               4 C      3.805421000000    0.783347000000    1.336832000000
               5 C      4.608251000000    1.703294000000    0.449599000000
               6 C      4.128810000000    1.426834000000   -0.977693000000
               7 N      2.867699000000    0.789918000000   -0.701620000000
               8 C      1.598075000000    0.991721000000   -1.254100000000
               9 O      1.383864000000    1.771138000000   -2.229211000000
              10 C      0.415374000000    0.292678000000   -0.719710000000
              11 C     -0.790636000000    0.507993000000   -1.214283000000
              12 C     -1.955925000000   -0.179868000000   -0.701254000000
              13 C     -3.091933000000    0.403452000000   -0.185429000000
              14 N     -3.973042000000   -0.576219000000    0.129692000000
              15 C     -3.456658000000   -1.787836000000   -0.161485000000
              16 C     -3.975142000000   -3.059506000000   -0.032245000000
              17 C     -3.228590000000   -4.146863000000   -0.430566000000
              18 C     -1.976637000000   -3.903021000000   -0.948178000000
              19 C     -1.457237000000   -2.644050000000   -1.078051000000
              20 C     -2.186163000000   -1.536078000000   -0.685025000000
              21 C     -3.341206000000    1.833061000000    0.010023000000
              22 C     -3.158816000000    2.671840000000   -1.236261000000
              23 C     -2.353817000000    2.334996000000    1.067856000000
              24 C     -4.685118000000    2.039358000000    0.589376000000
              25 C     -5.701891000000    2.369992000000   -0.177035000000
              26 N      0.664964000000   -0.578883000000    0.373478000000
              27 C      1.947928000000   -0.781934000000    0.926487000000
              28 O      2.108819000000   -1.484824000000    1.951202000000
              29 H      6.569112000000   -2.416071000000    1.363130000000
              30 H      6.177327000000   -0.722228000000    1.132256000000
              31 H      5.351023000000   -1.756020000000    2.450213000000
              32 H      5.267662000000   -2.576314000000   -0.432844000000
              33 H      4.022009000000   -2.893317000000    0.749032000000
              34 H      4.334680000000    0.320942000000    2.150382000000
              35 H      2.923462000000    1.329424000000    1.776089000000
              36 H      4.363473000000    2.778120000000    0.683681000000
              37 H      5.674045000000    1.500946000000    0.495086000000
              38 H      4.826195000000    0.678535000000   -1.437403000000
              39 H      4.046028000000    2.353076000000   -1.565176000000
              40 H     -0.841483000000    1.228892000000   -2.026731000000
              41 H     -4.923899000000   -0.452808000000    0.540312000000
              42 H     -4.960264000000   -3.212849000000    0.378190000000
              43 H     -3.611246000000   -5.166362000000   -0.341568000000
              44 H     -1.373335000000   -4.735729000000   -1.267089000000
              45 H     -0.457615000000   -2.460702000000   -1.492706000000
              46 H     -3.834254000000    3.569070000000   -1.105524000000
              47 H     -2.132752000000    3.093224000000   -1.283641000000
              48 H     -3.497022000000    2.148905000000   -2.128105000000
              49 H     -2.195471000000    1.492192000000    1.769307000000
              50 H     -2.773966000000    3.187389000000    1.622029000000
              51 H     -1.373496000000    2.555915000000    0.584758000000
              52 H     -4.853820000000    1.921567000000    1.653187000000
              53 H     -5.557175000000    2.492694000000   -1.240618000000
              54 H     -6.706784000000    2.528575000000    0.225371000000
              55 H     -0.186996000000   -1.068240000000    0.783355000000
