-------------------------------------------------------------
----------------------- !PROPERTIES! ------------------------
-------------------------------------------------------------
# -----------------------------------------------------------
$ SCF_Energy
   description: The SCF energy
   geom. index: 1
   prop. index: 1
        SCF Energy:    -1452.2019435341
# -----------------------------------------------------------
$ DFT_Energy
   description: The DFT energy
   geom. index: 1
   prop. index: 1
   Number of Alpha Electrons                111.9999642335 
   Number of Beta  Electrons                111.9999642335 
   Total number of  Electrons               223.9999284670 
   Exchange energy                         -152.0832271018 
   Correlation energy                        -9.0981510722 
   Correlation energy NL                      0.0000000000 
   Exchange-Correlation energy             -161.1813781741 
   Embedding correction                       0.0000000000 
   Total DFT Energy (No VdW correction)   -1452.2019435341 
# -----------------------------------------------------------
$ Mayer_Pop
   description: The Mayer population analysis
   geom. index: 1
   prop. index: 1
     Number of atoms                     : 52
     Threshold for printing              : 0.1000000
     Number of bond orders printed       : 57
  NA   - Mulliken gross atomic population
  ZA   - Total nuclear charge
  QA   - Mulliken gross atomic charge
  VA   - Mayer's total valence
  BVA  - Mayer's bonded valence
  FA   - Mayer's free valence
  ATOM       NA         ZA         QA         VA         BVA        FA
  0   0     5.9735     6.0000     0.0265     4.0095     4.0095     0.0000
  1   0     5.9569     6.0000     0.0431     4.1307     4.1307     0.0000
  2   0     6.0211     6.0000    -0.0211     3.9569     3.9569     0.0000
  3   0     6.0110     6.0000    -0.0110     4.1071     4.1071     0.0000
  4   0     8.2374     8.0000    -0.2374     2.2447     2.2447     0.0000
  5   0     5.8463     6.0000     0.1537     3.6283     3.6283     0.0000
  6   0     6.1886     6.0000    -0.1886     4.0260     4.0260     0.0000
  7   0     5.8924     6.0000     0.1076     3.9561     3.9561    -0.0000
  8   0     6.0411     6.0000    -0.0411     3.6777     3.6777     0.0000
  9   0     5.8156     6.0000     0.1844     3.6868     3.6868     0.0000
 10   0     6.1622     6.0000    -0.1622     3.7399     3.7399    -0.0000
 11   0     5.8661     6.0000     0.1339     3.8361     3.8361    -0.0000
 12   0     5.9874     6.0000     0.0126     3.5925     3.5925     0.0000
 13   0     5.8204     6.0000     0.1796     3.9985     3.9985    -0.0000
 14   0     6.0655     6.0000    -0.0655     3.7340     3.7340     0.0000
 15   0     5.9469     6.0000     0.0531     3.7910     3.7910     0.0000
 16   0     6.0715     6.0000    -0.0715     3.7596     3.7596    -0.0000
 17   0     8.1916     8.0000    -0.1916     2.2641     2.2641     0.0000
 18   0     5.9826     6.0000     0.0174     4.0816     4.0816    -0.0000
 19   0     8.1994     8.0000    -0.1994     2.2938     2.2938    -0.0000
 20   0     5.8295     6.0000     0.1705     3.6109     3.6109    -0.0000
 21   0     5.8479     6.0000     0.1521     3.8075     3.8075     0.0000
 22   0     6.0291     6.0000    -0.0291     3.8623     3.8623     0.0000
 23   0     5.9738     6.0000     0.0262     3.8248     3.8248     0.0000
 24   0     5.9533     6.0000     0.0467     3.7545     3.7545     0.0000
 25   0     6.0506     6.0000    -0.0506     3.8555     3.8555     0.0000
 26   0     6.0112     6.0000    -0.0112     3.7611     3.7611     0.0000
 27   0     5.7275     6.0000     0.2725     4.1553     4.1553     0.0000
 28   0     8.2656     8.0000    -0.2656     2.2807     2.2807     0.0000
 29   0     8.2472     8.0000    -0.2472     2.2310     2.2310     0.0000
 30   0     8.2421     8.0000    -0.2421     2.2048     2.2048    -0.0000
 31   0     5.8237     6.0000     0.1763     3.8896     3.8896    -0.0000
 32   0     0.9929     1.0000     0.0071     0.9877     0.9877     0.0000
 33   0     0.9861     1.0000     0.0139     0.9805     0.9805     0.0000
 34   0     1.0036     1.0000    -0.0036     0.9891     0.9891     0.0000
 35   0     0.9912     1.0000     0.0088     0.9878     0.9878     0.0000
 36   0     0.9937     1.0000     0.0063     0.9903     0.9903     0.0000
 37   0     0.9724     1.0000     0.0276     0.9863     0.9863     0.0000
 38   0     0.9752     1.0000     0.0248     0.9861     0.9861     0.0000
 39   0     1.0466     1.0000    -0.0466     1.0047     1.0047     0.0000
 40   0     1.0359     1.0000    -0.0359     0.9903     0.9903     0.0000
 41   0     1.0090     1.0000    -0.0090     0.9768     0.9768    -0.0000
 42   0     1.0506     1.0000    -0.0506     0.9783     0.9783     0.0000
 43   0     0.7958     1.0000     0.2042     0.9887     0.9887     0.0000
 44   0     1.0391     1.0000    -0.0391     0.9877     0.9877    -0.0000
 45   0     1.0216     1.0000    -0.0216     0.9767     0.9767     0.0000
 46   0     1.0242     1.0000    -0.0242     0.9783     0.9783    -0.0000
 47   0     1.0186     1.0000    -0.0186     0.9935     0.9935    -0.0000
 48   0     0.7924     1.0000     0.2076     1.0049     1.0049     0.0000
 49   0     0.9578     1.0000     0.0422     1.0077     1.0077     0.0000
 50   0     1.0505     1.0000    -0.0505     0.9892     0.9892     0.0000
 51   0     0.9638     1.0000     0.0362     1.0066     1.0066     0.0000
      Bond orders larger than 0.1000000
           Atom A     A.N. of A          Atom B    A.N. of B              Bond order
                0             6               1            6                1.097617
                0             6              32            1                0.966823
                0             6              33            1                0.962597
                0             6              34            1                0.964477
                1             6               2            6                1.103387
                1             6              35            1                0.934026
                1             6              36            1                0.938620
                2             6               3            6                1.020925
                2             6              37            1                0.903093
                2             6              38            1                0.900347
                3             6               4            8                2.044397
                3             6               5            6                0.937432
                5             6               6            6                1.327693
                5             6              10            6                1.345743
                6             6               7            6                1.337617
                6             6              31            6                1.164669
                7             6               8            6                1.289746
                7             6              30            8                1.188324
                8             6               9            6                1.432225
                8             6              20            6                0.872440
                9             6              10            6                1.248564
                9             6              11            6                1.003413
               10             6              39            1                0.982786
               11             6              12            6                1.369084
               11             6              16            6                1.377056
               12             6              13            6                1.271031
               12             6              18            6                1.005974
               13             6              14            6                1.294324
               13             6              17            8                1.272835
               14             6              15            6                1.360902
               14             6              40            1                0.998561
               15             6              16            6                1.326207
               15             6              41            1                0.976722
               16             6              42            1                0.996381
               17             8              43            1                0.924479
               18             6              19            8                2.214209
               18             6              20            6                0.815667
               19             8              20            6               -0.116702
               20             6              21            6                0.939594
               20             6              29            8                1.061655
               21             6              22            6                1.347349
               21             6              26            6                1.377087
               22             6              23            6                1.415947
               22             6              44            1                0.996372
               23             6              24            6                1.306691
               23             6              45            1                0.982112
               24             6              25            6                1.408283
               24             6              46            1                0.998510
               25             6              26            6                1.323619
               25             6              47            1                0.988470
               26             6              27            6                0.944339
               27             6              28            8                2.104898
               27             6              29            8                1.080928
               30             8              48            1                0.916338
               31             6              49            1                0.912869
               31             6              50            1                0.926379
               31             6              51            1                0.906990
# -----------------------------------------------------------
$ Calculation_Info
   description: Details of the calculation
   geom. index: 1
   prop. index: 1
     Multiplicity:                          1
     Charge:                                0
     number of atoms:                       52
     number of electrons:                   0
     number of frozen core electrons:       1
     number of correlated electrons:        0
     number of basis functions:             548
     number of aux C basis functions:       0
     number of aux J basis functions:       1788
     number of aux JK basis functions:      0
     number of aux CABS basis functions:    0
     Total Energy                           -1452.201944
# -----------------------------------------------------------
$ SCF_Electric_Properties
   description: The SCF Calculated Electric Properties
   geom. index: 1
   prop. index: 1
       Filename                          : 204.scfp 
       Do Dipole Moment Calculation      : true 
       Do Quadrupole Moment Calculation  : false 
       Do Polarizability Calculation     : true 
** Dipole moment part of electric properties **
        Magnitude of dipole moment (Debye) :        5.5942421515
        Electronic Contribution:
                  0    
      0     -36.574744
      1       1.184883
      2       1.372783
        Nuclear Contribution:
                  0    
      0      38.159434
      1      -0.436170
      2      -0.041564
        Total Dipole moment:
                  0    
      0       1.584691
      1       0.748713
      2       1.331219
** Polarizabilities part of electric properties **
        Isotropic polarizability :      303.8617316577
        The raw cartesian tensor (atomic units):
                  0          1          2    
      0     357.475581  20.264890 -18.665131
      1      20.264890 353.720262  24.940834
      2     -18.665131  24.940834 200.389352
        Diagonalised polarizability tensor :
                  0    
      0     193.554703
      1     342.021328
      2     376.009164
# -------------------------------------------------------------
----------------------- !GEOMETRIES! ------------------------
# -------------------------------------------------------------
------------------------ !GEOMETRY! -------------------------
    Number of atoms:    52 
    Geometry Index:     1 
    Coordinates:
               0 C      6.423401000000    1.444079000000   -0.749563000000
               1 C      5.608140000000    0.173093000000   -0.901874000000
               2 C      4.172438000000    0.529769000000   -0.633627000000
               3 C      3.283446000000   -0.669879000000   -0.761008000000
               4 O      3.838505000000   -1.737100000000   -1.056972000000
               5 C      1.838153000000   -0.550573000000   -0.540215000000
               6 C      1.024402000000   -1.660608000000   -0.683416000000
               7 C     -0.319260000000   -1.504867000000   -0.460257000000
               8 C     -0.830843000000   -0.242794000000   -0.097845000000
               9 C     -0.045518000000    0.842451000000    0.046405000000
              10 C      1.329741000000    0.684331000000   -0.183051000000
              11 C     -0.538030000000    2.154337000000    0.520091000000
              12 C     -1.877962000000    2.218493000000    0.832842000000
              13 C     -2.459257000000    3.448291000000    1.206249000000
              14 C     -1.658300000000    4.560043000000    1.250117000000
              15 C     -0.324352000000    4.469838000000    0.936764000000
              16 C      0.253129000000    3.260969000000    0.566679000000
              17 O     -3.793361000000    3.497253000000    1.511409000000
              18 C     -2.652826000000    1.005893000000    0.857208000000
              19 O     -3.663055000000    0.961090000000    1.627947000000
              20 C     -2.294023000000   -0.151534000000    0.018838000000
              21 C     -2.920047000000   -1.393251000000    0.480973000000
              22 C     -2.739890000000   -2.147982000000    1.631119000000
              23 C     -3.491961000000   -3.300284000000    1.794581000000
              24 C     -4.407956000000   -3.720738000000    0.859475000000
              25 C     -4.560781000000   -2.947987000000   -0.268893000000
              26 C     -3.812870000000   -1.770626000000   -0.467532000000
              27 C     -3.800709000000   -0.802192000000   -1.556416000000
              28 O     -4.532236000000   -0.867449000000   -2.613265000000
              29 O     -2.890512000000    0.132680000000   -1.217896000000
              30 O     -1.179273000000   -2.572742000000   -0.586275000000
              31 C      1.573453000000   -2.969110000000   -1.069561000000
              32 H      6.108099000000    2.186989000000   -1.516189000000
              33 H      7.519436000000    1.206139000000   -0.827224000000
              34 H      6.239171000000    1.837107000000    0.259751000000
              35 H      5.708373000000   -0.234727000000   -1.936426000000
              36 H      5.993316000000   -0.597299000000   -0.226212000000
              37 H      4.067331000000    1.004998000000    0.355802000000
              38 H      3.820953000000    1.268309000000   -1.377792000000
              39 H      2.029771000000    1.487886000000   -0.093944000000
              40 H     -2.043965000000    5.545173000000    1.531556000000
              41 H      0.319302000000    5.364462000000    0.973552000000
              42 H      1.292161000000    3.179158000000    0.318926000000
              43 H     -4.230000000000    4.363247000000    1.780408000000
              44 H     -2.036854000000   -1.876485000000    2.407880000000
              45 H     -3.353167000000   -3.893698000000    2.694472000000
              46 H     -5.009155000000   -4.607630000000    0.950501000000
              47 H     -5.267495000000   -3.227466000000   -1.042149000000
              48 H     -1.002865000000   -3.507387000000   -0.822314000000
              49 H      2.361668000000   -3.348921000000   -0.379734000000
              50 H      0.823523000000   -3.718232000000   -1.287236000000
              51 H      2.108611000000   -2.804516000000   -2.056658000000
