-------------------------------------------------------------
----------------------- !PROPERTIES! ------------------------
-------------------------------------------------------------
# -----------------------------------------------------------
$ SCF_Energy
   description: The SCF energy
   geom. index: 1
   prop. index: 1
        SCF Energy:    -1423.3616916248
# -----------------------------------------------------------
$ DFT_Energy
   description: The DFT energy
   geom. index: 1
   prop. index: 1
   Number of Alpha Electrons                 88.9997762062 
   Number of Beta  Electrons                 88.9997762062 
   Total number of  Electrons               177.9995524123 
   Exchange energy                         -127.5418442122 
   Correlation energy                        -7.3473550583 
   Correlation energy NL                      0.0000000000 
   Exchange-Correlation energy             -134.8891992705 
   Embedding correction                       0.0000000000 
   Total DFT Energy (No VdW correction)   -1423.3616916248 
# -----------------------------------------------------------
$ Mayer_Pop
   description: The Mayer population analysis
   geom. index: 1
   prop. index: 1
     Number of atoms                     : 46
     Threshold for printing              : 0.1000000
     Number of bond orders printed       : 62
  NA   - Mulliken gross atomic population
  ZA   - Total nuclear charge
  QA   - Mulliken gross atomic charge
  VA   - Mayer's total valence
  BVA  - Mayer's bonded valence
  FA   - Mayer's free valence
  ATOM       NA         ZA         QA         VA         BVA        FA
  0   0     5.4914     6.0000     0.5086     2.9427     2.9427    -0.0000
  1   0     6.0900     6.0000    -0.0900     3.9864     3.9864     0.0000
  2   0     7.1390     7.0000    -0.1390     2.6907     2.6907     0.0000
  3   0     5.8708     6.0000     0.1292     3.9682     3.9682    -0.0000
  4   0     5.9438     6.0000     0.0562     3.6778     3.6778    -0.0000
  5   0     5.8054     6.0000     0.1946     3.8164     3.8164    -0.0000
  6   0     5.8852     6.0000     0.1148     3.9193     3.9193     0.0000
  7   0     6.0367     6.0000    -0.0367     3.8042     3.8042    -0.0000
  8   0     6.0551     6.0000    -0.0551     3.7925     3.7925     0.0000
  9   0     5.6962     6.0000     0.3038     3.8710     3.8710    -0.0000
 10   0     6.0675     6.0000    -0.0675     3.8320     3.8320    -0.0000
 11   0     5.9339     6.0000     0.0661     3.7812     3.7812    -0.0000
 12   0     9.2160     9.0000    -0.2160     1.1495     1.1495    -0.0000
 13   0     5.6735     6.0000     0.3265     3.9739     3.9739    -0.0000
 14   0     8.2796     8.0000    -0.2796     2.1387     2.1387     0.0000
 15   0     5.8809     6.0000     0.1191     3.6351     3.6351     0.0000
 16   0     6.0532     6.0000    -0.0532     4.0172     4.0172     0.0000
 17   0     5.9690     6.0000     0.0310     3.8193     3.8193     0.0000
 18   0     5.9851     6.0000     0.0149     3.8574     3.8574    -0.0000
 19   0     5.9776     6.0000     0.0224     3.8273     3.8273     0.0000
 20   0     5.9524     6.0000     0.0476     3.8181     3.8181     0.0000
 21   0     6.0039     6.0000    -0.0039     3.8629     3.8629    -0.0000
 22   0    16.6247    17.0000     0.3753     4.2537     4.2537    -0.0000
 23   0     1.3526     1.0000    -0.3526     1.2751     1.2751     0.0000
 24   0     1.0538     1.0000    -0.0538     0.9619     0.9619     0.0000
 25   0     1.2407     1.0000    -0.2407     1.0497     1.0497     0.0000
 26   0     1.1373     1.0000    -0.1373     1.0012     1.0012    -0.0000
 27   0     1.0539     1.0000    -0.0539     1.0796     1.0796    -0.0000
 28   0     1.0111     1.0000    -0.0111     1.0268     1.0268     0.0000
 29   0     1.1168     1.0000    -0.1168     1.1679     1.1679     0.0000
 30   0     1.0543     1.0000    -0.0543     1.0593     1.0593    -0.0000
 31   0     1.0439     1.0000    -0.0439     1.0068     1.0068     0.0000
 32   0     1.0201     1.0000    -0.0201     0.9909     0.9909     0.0000
 33   0     1.0152     1.0000    -0.0152     0.9909     0.9909     0.0000
 34   0     1.0371     1.0000    -0.0371     1.0321     1.0321    -0.0000
 35   0     1.0217     1.0000    -0.0217     1.0022     1.0022     0.0000
 36   0     1.0155     1.0000    -0.0155     0.9956     0.9956     0.0000
 37   0     0.8120     1.0000     0.1880     0.9992     0.9992     0.0000
 38   0     0.9913     1.0000     0.0087     1.1679     1.1679    -0.0000
 39   0     1.0093     1.0000    -0.0093     1.0256     1.0256     0.0000
 40   0     1.0320     1.0000    -0.0320     0.9912     0.9912    -0.0000
 41   0     1.0258     1.0000    -0.0258     0.9757     0.9757    -0.0000
 42   0     1.0306     1.0000    -0.0306     0.9761     0.9761     0.0000
 43   0     1.0329     1.0000    -0.0329     0.9758     0.9758     0.0000
 44   0     1.0394     1.0000    -0.0394     0.9875     0.9875    -0.0000
 45   0     1.2216     1.0000    -0.2216     1.1057     1.1057     0.0000
      Bond orders larger than 0.1000000
           Atom A     A.N. of A          Atom B    A.N. of B              Bond order
                0             6               1            6                0.612276
                0             6               2            7                0.112320
                0             6               4            6                0.119623
                0             6               5            6                0.633638
                0             6              22           17                0.176731
                0             6              23            1                0.295205
                0             6              24            1                0.868796
                0             6              45            1                0.226391
                1             6              22           17                1.696068
                1             6              23            1                0.126050
                1             6              25            1                0.442976
                1             6              26            1                0.739524
                2             7               3            6                0.798584
                2             7              15            6                0.635196
                2             7              22           17                0.958267
                3             6               4            6                1.090817
                3             6              22           17                0.149048
                3             6              27            1                0.802600
                3             6              28            1                0.850049
                4             6               5            6                0.666501
                4             6              13            6                1.003491
                4             6              29            1                0.674841
                4             6              45            1                0.184545
                5             6               6            6                1.076947
                5             6              23            1                0.151994
                5             6              30            1                0.779478
                5             6              45            1                0.305321
                6             6               7            6                1.368286
                6             6              11            6                1.348962
                7             6               8            6                1.324695
                7             6              31            1                0.998662
                8             6               9            6                1.367328
                8             6              32            1                0.988264
                9             6              10            6                1.346764
                9             6              12            9                1.074861
               10             6              11            6                1.364669
               10             6              33            1                0.987668
               11             6              34            1                0.969514
               13             6              14            8                1.126870
               13             6              35            1                0.897159
               13             6              36            1                0.922121
               14             8              37            1                0.949934
               15             6              16            6                1.020919
               15             6              38            1                0.833116
               15             6              39            1                0.818656
               16             6              17            6                1.375167
               16             6              21            6                1.381855
               17             6              18            6                1.386034
               17             6              40            1                0.964385
               18             6              19            6                1.374734
               18             6              41            1                0.982343
               19             6              20            6                1.377829
               19             6              42            1                0.988863
               20             6              21            6                1.372637
               20             6              43            1                0.983023
               21             6              44            1                0.992821
               22            17              23            1                0.202634
               22            17              25            1                0.198719
               22            17              38            1                0.139599
               22            17              45            1                0.309724
               23             1              25            1                0.103642
               23             1              29            1                0.138740
# -----------------------------------------------------------
$ Calculation_Info
   description: Details of the calculation
   geom. index: 1
   prop. index: 1
     Multiplicity:                          1
     Charge:                                0
     number of atoms:                       46
     number of electrons:                   0
     number of frozen core electrons:       1
     number of correlated electrons:        0
     number of basis functions:             441
     number of aux C basis functions:       0
     number of aux J basis functions:       1382
     number of aux JK basis functions:      0
     number of aux CABS basis functions:    0
     Total Energy                           -1423.361692
# -----------------------------------------------------------
$ SCF_Electric_Properties
   description: The SCF Calculated Electric Properties
   geom. index: 1
   prop. index: 1
       Filename                          : 7.scfp 
       Do Dipole Moment Calculation      : true 
       Do Quadrupole Moment Calculation  : false 
       Do Polarizability Calculation     : true 
** Dipole moment part of electric properties **
        Magnitude of dipole moment (Debye) :        4.7280335204
        Electronic Contribution:
                  0    
      0     -16.731970
      1       4.656781
      2      -3.328594
        Nuclear Contribution:
                  0    
      0      16.200357
      1      -6.153501
      2       4.296706
        Total Dipole moment:
                  0    
      0      -0.531613
      1      -1.496720
      2       0.968111
** Polarizabilities part of electric properties **
        Isotropic polarizability :      328.2499475791
        The raw cartesian tensor (atomic units):
                  0          1          2    
      0     500.202723  -4.394571 -12.636204
      1      -4.394571 240.113188  13.131425
      2     -12.636204  13.131425 244.433931
        Diagonalised polarizability tensor :
                  0    
      0     228.877827
      1     254.949051
      2     500.922965
# -------------------------------------------------------------
----------------------- !GEOMETRIES! ------------------------
# -------------------------------------------------------------
------------------------ !GEOMETRY! -------------------------
    Number of atoms:    46 
    Geometry Index:     1 
    Coordinates:
               0 C     -0.370056000000    1.110658000000   -0.038036000000
               1 C      0.956503000000    0.838963000000    0.629883000000
               2 N      1.330623000000   -0.525606000000    0.649146000000
               3 C      0.309981000000   -1.464180000000    0.970338000000
               4 C     -0.987595000000   -1.214264000000    0.229446000000
               5 C     -1.410823000000    0.194729000000    0.601521000000
               6 C     -2.770859000000    0.516738000000    0.177431000000
               7 C     -3.706457000000    0.888268000000    1.117727000000
               8 C     -5.014004000000    1.205074000000    0.769204000000
               9 C     -5.422878000000    1.157283000000   -0.545982000000
              10 C     -4.493887000000    0.786527000000   -1.494844000000
              11 C     -3.182527000000    0.470132000000   -1.134357000000
              12 F     -6.710992000000    1.468003000000   -0.900603000000
              13 C     -2.008288000000   -2.237991000000    0.664664000000
              14 O     -3.204805000000   -2.043576000000    0.011526000000
              15 C      2.229293000000   -0.958577000000   -0.365673000000
              16 C      3.506606000000   -0.213374000000   -0.245766000000
              17 C      3.857287000000    0.529626000000    0.859905000000
              18 C      5.059743000000    1.219724000000    0.939202000000
              19 C      5.923649000000    1.146177000000   -0.141148000000
              20 C      5.567474000000    0.401297000000   -1.244272000000
              21 C      4.375589000000   -0.285178000000   -1.327932000000
              22 Cl     0.691832000000    0.000000000000    0.000000000000
              23 H     -0.333530000000    0.825677000000   -1.114310000000
              24 H     -0.606342000000    2.173490000000    0.114333000000
              25 H      1.713530000000    1.401619000000    0.007487000000
              26 H      0.923594000000    1.351918000000    1.604508000000
              27 H      0.709897000000   -2.486685000000    0.771464000000
              28 H      0.051048000000   -1.380564000000    2.064732000000
              29 H     -0.787840000000   -1.320100000000   -0.853741000000
              30 H     -1.257091000000    0.285723000000    1.695416000000
              31 H     -3.427354000000    0.938722000000    2.161965000000
              32 H     -5.749672000000    1.496912000000    1.506092000000
              33 H     -4.815572000000    0.748725000000   -2.531231000000
              34 H     -2.499561000000    0.187332000000   -1.915908000000
              35 H     -1.608277000000   -3.231047000000    0.371585000000
              36 H     -2.091386000000   -2.223600000000    1.759773000000
              37 H     -3.965889000000   -2.459633000000    0.489948000000
              38 H      1.773091000000   -0.819559000000   -1.371828000000
              39 H      2.409861000000   -2.052244000000   -0.207348000000
              40 H      3.184175000000    0.583950000000    1.704077000000
              41 H      5.301897000000    1.799390000000    1.835511000000
              42 H      6.858214000000    1.688103000000   -0.068380000000
              43 H      6.268747000000    0.369160000000   -2.066044000000
              44 H      4.114884000000   -0.867739000000   -2.209967000000
              45 H     -0.691832000000    0.000000000000    0.000000000000
