-------------------------------------------------------------
----------------------- !PROPERTIES! ------------------------
-------------------------------------------------------------
# -------------------------------------------------------------
----------------------- !GEOMETRIES! ------------------------
# -------------------------------------------------------------
------------------------ !GEOMETRY! -------------------------
    Number of atoms:    64 
    Geometry Index:     1 
    Coordinates:
               0  C      3.770207000000   -0.211416000000    0.242689000000
               1  C      2.295708000000   -0.171869000000    0.161648000000
               2  C      1.652570000000   -1.063025000000   -0.690649000000
               3  C      0.262485000000   -1.066047000000   -0.803310000000
               4  C     -0.491422000000   -0.179071000000   -0.065255000000
               5  C      0.171723000000    0.688723000000    0.767613000000
               6  C      1.541119000000    0.717199000000    0.901525000000
               7  C     -1.950459000000   -0.183693000000   -0.184789000000
               8  C     -2.403479000000    1.151768000000   -0.764125000000
               9  C     -2.660437000000   -0.408342000000    1.125239000000
              10  C     -1.210426000000    3.005469000000   -0.764111000000
              11  S     -0.006004000000    2.411340000000    0.425926000000
              12  O      1.321361000000    2.552342000000   -0.212042000000
              13  O     -0.042605000000    3.350140000000    1.627909000000
              14  N     -0.410508000000    0.866128000000    0.994681000000
              15  C     -0.450803000000   -0.184999000000    0.032743000000
              16  C      0.751780000000   -1.068530000000    0.027900000000
              17  C      2.038089000000   -0.414567000000   -0.223767000000
              18  C      2.505554000000   -0.189211000000   -1.494204000000
              19  C      3.749918000000    0.420996000000   -1.706688000000
              20  C      4.511874000000    0.798627000000   -0.641108000000
              21  C      4.064427000000    0.583502000000    0.646476000000
              22  C      2.835184000000   -0.019395000000    0.832643000000
              23  C     -1.632085000000   -1.045800000000    0.383437000000
              24  C     -1.568209000000   -2.395410000000    0.570228000000
              25  C     -2.676682000000   -3.164240000000    0.892297000000
              26  C     -3.901461000000   -2.574477000000    1.036247000000
              27  C     -3.995324000000   -1.217274000000    0.854299000000
              28  C     -2.892874000000   -0.451790000000    0.533911000000
              29  N     -0.742284000000    0.353071000000   -1.285601000000
              30  Cl     1.030959000000    0.000000000000    0.000000000000
              31  Ru    -1.030959000000    0.000000000000    0.000000000000
              32  H      4.177576000000   -0.077135000000   -0.799009000000
              33  H      4.164337000000   -1.152370000000    0.637227000000
              34  H      4.092739000000    0.672947000000    0.831712000000
              35  H      2.250634000000   -1.745292000000   -1.256927000000
              36  H     -0.232266000000   -1.761144000000   -1.467566000000
              37  H     -0.403727000000    1.386115000000    1.349284000000
              38  H      2.062190000000    1.400948000000    1.557650000000
              39  H     -2.273235000000   -0.960384000000   -0.908692000000
              40  H     -2.516747000000    1.902192000000    0.023684000000
              41  H     -1.567436000000    1.473038000000   -1.448830000000
              42  H     -3.307912000000    1.002176000000   -1.378875000000
              43  H     -2.225559000000   -1.236689000000    1.695498000000
              44  H     -2.686078000000    0.497415000000    1.758529000000
              45  H     -3.722529000000   -0.676043000000    0.858552000000
              46  H     -0.919659000000    2.643085000000   -1.771867000000
              47  H     -1.147836000000    4.133556000000   -0.780281000000
              48  H     -2.216988000000    2.724625000000   -0.436394000000
              49  H      0.087022000000    0.605560000000    1.881862000000
              50  H      0.606073000000   -1.850021000000   -0.755343000000
              51  H      0.764349000000   -1.563947000000    1.049391000000
              52  H      1.959538000000   -0.459801000000   -2.384955000000
              53  H      4.123097000000    0.600864000000   -2.702028000000
              54  H      5.479627000000    1.273710000000   -0.762611000000
              55  H      4.675218000000    0.887067000000    1.486936000000
              56  H      2.521455000000   -0.168841000000    1.856067000000
              57  H     -0.629826000000   -2.909373000000    0.468981000000
              58  H     -2.573818000000   -4.241351000000    1.032350000000
              59  H     -4.751802000000   -3.207615000000    1.290044000000
              60  H     -4.997591000000   -0.787645000000    0.980130000000
              61  H     -3.014219000000    0.597335000000    0.402113000000
              62  H     -0.437457000000   -0.332743000000   -2.018115000000
              63  H     -1.776111000000    0.439613000000   -1.367458000000
