-------------------------------------------------------------
----------------------- !PROPERTIES! ------------------------
-------------------------------------------------------------
# -----------------------------------------------------------
$ SCF_Energy
   description: The SCF energy
   geom. index: 1
   prop. index: 1
        SCF Energy:    -1408.7908587093
# -----------------------------------------------------------
$ DFT_Energy
   description: The DFT energy
   geom. index: 1
   prop. index: 1
   Number of Alpha Electrons                101.0000948787 
   Number of Beta  Electrons                101.0000948787 
   Total number of  Electrons               202.0001897575 
   Exchange energy                         -141.8148906522 
   Correlation energy                        -8.3128155957 
   Correlation energy NL                      0.0000000000 
   Exchange-Correlation energy             -150.1277062479 
   Embedding correction                       0.0000000000 
   Total DFT Energy (No VdW correction)   -1408.7908587093 
# -----------------------------------------------------------
$ Mayer_Pop
   description: The Mayer population analysis
   geom. index: 1
   prop. index: 1
     Number of atoms                     : 44
     Threshold for printing              : 0.1000000
     Number of bond orders printed       : 46
  NA   - Mulliken gross atomic population
  ZA   - Total nuclear charge
  QA   - Mulliken gross atomic charge
  VA   - Mayer's total valence
  BVA  - Mayer's bonded valence
  FA   - Mayer's free valence
  ATOM       NA         ZA         QA         VA         BVA        FA
  0   0     5.8158     6.0000     0.1842     3.8555     3.8555    -0.0000
  1   0     6.0999     6.0000    -0.0999     4.0577     4.0577     0.0000
  2   0     6.1186     6.0000    -0.1186     3.7315     3.7315     0.0000
  3   0     5.8986     6.0000     0.1014     3.5640     3.5640     0.0000
  4   0     5.9967     6.0000     0.0033     3.4670     3.4670     0.0000
  5   0     5.9315     6.0000     0.0685     4.1144     4.1144    -0.0000
  6   0     5.9714     6.0000     0.0286     3.4827     3.4827    -0.0000
  7   0     5.7982     6.0000     0.2018     4.1776     4.1776    -0.0000
  8   0     8.2737     8.0000    -0.2737     2.2224     2.2224     0.0000
  9   0     8.3217     8.0000    -0.3217     2.1823     2.1823    -0.0000
 10   0     5.7153     6.0000     0.2847     3.8404     3.8404    -0.0000
 11   0     5.9929     6.0000     0.0071     4.2093     4.2093    -0.0000
 12   0     5.7817     6.0000     0.2183     4.0038     4.0038     0.0000
 13   0     8.3360     8.0000    -0.3360     2.1026     2.1026    -0.0000
 14   0     8.2663     8.0000    -0.2663     2.1397     2.1397     0.0000
 15   0     8.1680     8.0000    -0.1680     2.3290     2.3290     0.0000
 16   0     5.8918     6.0000     0.1082     4.0505     4.0505     0.0000
 17   0     8.2144     8.0000    -0.2144     2.3003     2.3003    -0.0000
 18   0     5.9925     6.0000     0.0075     3.4579     3.4579     0.0000
 19   0     5.9224     6.0000     0.0776     3.5732     3.5732     0.0000
 20   0     5.9197     6.0000     0.0803     4.0426     4.0426     0.0000
 21   0     8.2141     8.0000    -0.2141     2.3049     2.3049     0.0000
 22   0     6.1038     6.0000    -0.1038     3.7347     3.7347    -0.0000
 23   0     5.7074     6.0000     0.2926     3.7091     3.7091     0.0000
 24   0     6.0901     6.0000    -0.0901     3.7357     3.7357    -0.0000
 25   0     5.8767     6.0000     0.1233     4.0031     4.0031    -0.0000
 26   0     8.2105     8.0000    -0.2105     2.2740     2.2740     0.0000
 27   0     8.3103     8.0000    -0.3103     2.0822     2.0822     0.0000
 28   0     0.9751     1.0000     0.0249     1.0064     1.0064     0.0000
 29   0     1.0086     1.0000    -0.0086     0.9887     0.9887    -0.0000
 30   0     0.9790     1.0000     0.0210     1.0061     1.0061     0.0000
 31   0     1.0222     1.0000    -0.0222     1.0221     1.0221     0.0000
 32   0     0.9967     1.0000     0.0033     1.0255     1.0255    -0.0000
 33   0     1.0000     1.0000    -0.0000     1.0057     1.0057    -0.0000
 34   0     1.0058     1.0000    -0.0058     0.9821     0.9821     0.0000
 35   0     0.9993     1.0000     0.0007     0.9875     0.9875    -0.0000
 36   0     0.9832     1.0000     0.0168     0.9798     0.9798     0.0000
 37   0     0.8212     1.0000     0.1788     1.0115     1.0115    -0.0000
 38   0     0.8297     1.0000     0.1703     1.0208     1.0208     0.0000
 39   0     0.8047     1.0000     0.1953     1.0420     1.0420     0.0000
 40   0     1.0236     1.0000    -0.0236     1.0319     1.0319     0.0000
 41   0     1.0283     1.0000    -0.0283     1.0140     1.0140    -0.0000
 42   0     0.8003     1.0000     0.1997     1.0414     1.0414     0.0000
 43   0     0.7825     1.0000     0.2175     0.9765     0.9765     0.0000
      Bond orders larger than 0.1000000
           Atom A     A.N. of A          Atom B    A.N. of B              Bond order
                0             6               1            6                1.128264
                0             6              28            1                0.927453
                0             6              29            1                0.932037
                0             6              30            1                0.925651
                1             6               2            6                1.332020
                1             6               6            6                1.332608
                2             6               3            6                1.288003
                2             6              31            1                1.016019
                3             6               4            6                1.359983
                3             6              20            6                0.944652
                4             6               5            6                1.244945
                4             6              16            6                0.930664
                5             6               6            6                1.249628
                5             6              15            8                1.402646
                6             6               7            6                0.958689
                7             6               8            8                1.980861
                7             6               9            8                1.144557
                9             8              10            6                0.912709
               10             6              11            6                1.007916
               10             6              32            1                0.919660
               10             6              33            1                0.928878
               11             6              12            6                1.060870
               11             6              14            8                1.107314
               11             6              34            1                0.903936
               12             6              13            8                1.017264
               12             6              35            1                0.922782
               12             6              36            1                0.951204
               13             8              37            1                0.962105
               14             8              38            1                0.962129
               15             8              39            1                0.906820
               16             6              17            8                2.125480
               16             6              18            6                0.960601
               18             6              19            6                1.296384
               18             6              25            6                1.267432
               19             6              20            6                0.973682
               19             6              22            6                1.326943
               20             6              21            8                2.128585
               22             6              23            6                1.229868
               22             6              40            1                1.031388
               23             6              24            6                1.336610
               23             6              27            8                1.055796
               24             6              25            6                1.252721
               24             6              41            1                1.016703
               25             6              26            8                1.301781
               26             8              42            1                0.908197
               27             8              43            1                0.937017
# -----------------------------------------------------------
$ Calculation_Info
   description: Details of the calculation
   geom. index: 1
   prop. index: 1
     Multiplicity:                          1
     Charge:                                0
     number of atoms:                       44
     number of electrons:                   0
     number of frozen core electrons:       1
     number of correlated electrons:        0
     number of basis functions:             472
     number of aux C basis functions:       0
     number of aux J basis functions:       1548
     number of aux JK basis functions:      0
     number of aux CABS basis functions:    0
     Total Energy                           -1408.790859
# -----------------------------------------------------------
$ SCF_Electric_Properties
   description: The SCF Calculated Electric Properties
   geom. index: 1
   prop. index: 1
       Filename                          : 134.scfp 
       Do Dipole Moment Calculation      : true 
       Do Quadrupole Moment Calculation  : false 
       Do Polarizability Calculation     : true 
** Dipole moment part of electric properties **
        Magnitude of dipole moment (Debye) :        3.0626665175
        Electronic Contribution:
                  0    
      0      28.463305
      1      -2.311518
      2      -2.295191
        Nuclear Contribution:
                  0    
      0     -29.529647
      1       2.670477
      2       1.864030
        Total Dipole moment:
                  0    
      0      -1.066342
      1       0.358958
      2      -0.431161
** Polarizabilities part of electric properties **
        Isotropic polarizability :      250.7824361461
        The raw cartesian tensor (atomic units):
                  0          1          2    
      0     382.815121  -9.533989  15.710499
      1      -9.533989 163.769981  65.111088
      2      15.710499  65.111088 205.762206
        Diagonalised polarizability tensor :
                  0    
      0     115.277414
      1     252.798569
      2     384.271325
# -------------------------------------------------------------
----------------------- !GEOMETRIES! ------------------------
# -------------------------------------------------------------
------------------------ !GEOMETRY! -------------------------
    Number of atoms:    44 
    Geometry Index:     1 
    Coordinates:
               0 C     -1.906075000000    1.574479000000    1.611791000000
               1 C     -0.685931000000    0.985700000000    0.992283000000
               2 C      0.568073000000    1.217209000000    1.510822000000
               3 C      1.672081000000    0.662539000000    0.920018000000
               4 C      1.586833000000   -0.130624000000   -0.188699000000
               5 C      0.302028000000   -0.367080000000   -0.718958000000
               6 C     -0.818373000000    0.186039000000   -0.132899000000
               7 C     -2.168522000000   -0.041935000000   -0.661861000000
               8 O     -2.299478000000   -0.760065000000   -1.674258000000
               9 O     -3.293282000000    0.485348000000   -0.112190000000
              10 C     -4.621919000000    0.336442000000   -0.519166000000
              11 C     -5.158111000000   -1.047780000000   -0.474492000000
              12 C     -6.608187000000   -0.981382000000   -0.979623000000
              13 O     -7.236199000000   -0.032544000000   -0.148313000000
              14 O     -4.509607000000   -1.971352000000   -1.268753000000
              15 O      0.264408000000   -1.164994000000   -1.826687000000
              16 C      2.769995000000   -0.735845000000   -0.836752000000
              17 O      2.614052000000   -1.455416000000   -1.855063000000
              18 C      4.080862000000   -0.469812000000   -0.261525000000
              19 C      4.196984000000    0.338986000000    0.873678000000
              20 C      3.006618000000    0.907597000000    1.470036000000
              21 O      3.099150000000    1.635159000000    2.489327000000
              22 C      5.402752000000    0.626443000000    1.461813000000
              23 C      6.537224000000    0.093913000000    0.906396000000
              24 C      6.435803000000   -0.696612000000   -0.201245000000
              25 C      5.214294000000   -1.008031000000   -0.824960000000
              26 O      5.222506000000   -1.809196000000   -1.929910000000
              27 O      7.762408000000    0.391369000000    1.511416000000
              28 H     -2.426155000000    2.291037000000    0.976178000000
              29 H     -1.557340000000    2.158433000000    2.518238000000
              30 H     -2.591065000000    0.820249000000    2.031443000000
              31 H      0.626434000000    1.852751000000    2.397632000000
              32 H     -5.233723000000    0.954963000000    0.208388000000
              33 H     -4.810196000000    0.825432000000   -1.507736000000
              34 H     -5.183004000000   -1.421520000000    0.580823000000
              35 H     -6.554786000000   -0.539288000000   -1.994071000000
              36 H     -7.102081000000   -1.956674000000   -0.935094000000
              37 H     -6.928015000000   -0.104239000000    0.789532000000
              38 H     -4.836438000000   -2.030087000000   -2.186943000000
              39 H     -0.429085000000   -1.499323000000   -2.398310000000
              40 H      5.458114000000    1.255103000000    2.338646000000
              41 H      7.341855000000   -1.114540000000   -0.634644000000
              42 H      4.539582000000   -2.149823000000   -2.508545000000
              43 H      8.255516000000    1.211544000000    1.192233000000
