-------------------------------------------------------------
----------------------- !PROPERTIES! ------------------------
-------------------------------------------------------------
# -------------------------------------------------------------
----------------------- !GEOMETRIES! ------------------------
# -------------------------------------------------------------
------------------------ !GEOMETRY! -------------------------
    Number of atoms:    30 
    Geometry Index:     1 
    Coordinates:
               0  C     -1.980691000000    1.643409000000    1.612871000000
               1  C     -1.225732000000    0.850325000000    0.560806000000
               2  C     -2.127243000000    0.076550000000   -0.348946000000
               3  C     -1.245712000000   -0.829003000000   -1.191878000000
               4  C      0.187853000000   -0.341970000000   -1.221379000000
               5  C      0.735715000000   -0.303063000000    0.187372000000
               6  O     -0.215912000000    0.092222000000    1.115885000000
               7  O      1.872078000000    0.443235000000    0.313358000000
               8  P      3.237058000000   -0.372465000000    0.781823000000
               9  O      3.297549000000   -0.311946000000    2.312303000000
              10  O      4.645380000000    0.398211000000    0.233349000000
              11  O      3.240124000000   -2.000686000000    0.372431000000
              12  O      0.931129000000   -1.257347000000   -1.938743000000
              13  O     -1.353823000000   -2.153981000000   -0.862877000000
              14  O     -2.837388000000    0.981537000000   -1.126825000000
              15  O     -1.088982000000    2.493300000000    2.255744000000
              16  K      0.000000000000    0.000000000000    0.000000000000
              17  H     -2.394568000000    0.968499000000    2.406414000000
              18  H     -2.826230000000    2.191234000000    1.151078000000
              19  H     -0.715508000000    1.627965000000   -0.081498000000
              20  H     -2.871624000000   -0.542973000000    0.185355000000
              21  H     -1.627696000000   -0.713323000000   -2.247543000000
              22  H      0.256776000000    0.630860000000   -1.728889000000
              23  H      1.007664000000   -1.355500000000    0.445161000000
              24  H      4.465235000000    1.058236000000   -0.467870000000
              25  H      4.123700000000   -2.336779000000    0.093050000000
              26  H      0.802083000000   -2.188357000000   -1.649219000000
              27  H     -1.652371000000   -2.728404000000   -1.615383000000
              28  H     -3.806650000000    0.744872000000   -1.191198000000
              29  H     -0.832215000000    3.235340000000    1.645249000000
