-------------------------------------------------------------
----------------------- !PROPERTIES! ------------------------
-------------------------------------------------------------
# -----------------------------------------------------------
$ SCF_Energy
   description: The SCF energy
   geom. index: 1
   prop. index: 1
        SCF Energy:    -1014.4695420913
# -----------------------------------------------------------
$ DFT_Energy
   description: The DFT energy
   geom. index: 1
   prop. index: 1
   Number of Alpha Electrons                 82.0001772117 
   Number of Beta  Electrons                 82.0001772117 
   Total number of  Electrons               164.0003544234 
   Exchange energy                         -108.5894876548 
   Correlation energy                        -6.5931976229 
   Correlation energy NL                      0.0000000000 
   Exchange-Correlation energy             -115.1826852777 
   Embedding correction                       0.0000000000 
   Total DFT Energy (No VdW correction)   -1014.4695420913 
# -----------------------------------------------------------
$ Mayer_Pop
   description: The Mayer population analysis
   geom. index: 1
   prop. index: 1
     Number of atoms                     : 42
     Threshold for printing              : 0.1000000
     Number of bond orders printed       : 45
  NA   - Mulliken gross atomic population
  ZA   - Total nuclear charge
  QA   - Mulliken gross atomic charge
  VA   - Mayer's total valence
  BVA  - Mayer's bonded valence
  FA   - Mayer's free valence
  ATOM       NA         ZA         QA         VA         BVA        FA
  0   0     5.9068     6.0000     0.0932     3.9751     3.9751    -0.0000
  1   0     5.9089     6.0000     0.0911     3.9735     3.9735     0.0000
  2   0     5.9724     6.0000     0.0276     3.8791     3.8791     0.0000
  3   0     6.0950     6.0000    -0.0950     3.6857     3.6857     0.0000
  4   0     5.7228     6.0000     0.2772     3.8817     3.8817     0.0000
  5   0     6.1269     6.0000    -0.1269     3.8694     3.8694    -0.0000
  6   0     5.9269     6.0000     0.0731     3.9255     3.9255    -0.0000
  7   0     6.9736     7.0000     0.0264     3.3300     3.3300    -0.0000
  8   0     6.0083     6.0000    -0.0083     4.3721     4.3721     0.0000
  9   0     8.3093     8.0000    -0.3093     2.2434     2.2434     0.0000
 10   0     5.9086     6.0000     0.0914     3.7787     3.7787     0.0000
 11   0     6.0260     6.0000    -0.0260     3.8108     3.8108     0.0000
 12   0     6.0218     6.0000    -0.0218     3.8256     3.8256    -0.0000
 13   0     5.7849     6.0000     0.2151     3.9045     3.9045    -0.0000
 14   0     6.0168     6.0000    -0.0168     3.8011     3.8011     0.0000
 15   0     5.9796     6.0000     0.0204     3.7979     3.7979     0.0000
 16   0     8.3180     8.0000    -0.3180     2.0729     2.0729     0.0000
 17   0     8.3167     8.0000    -0.3167     2.1401     2.1401    -0.0000
 18   0     5.9983     6.0000     0.0017     4.0797     4.0797     0.0000
 19   0     6.0217     6.0000    -0.0217     3.8080     3.8080     0.0000
 20   0     6.1695     6.0000    -0.1695     4.1332     4.1332     0.0000
 21   0     5.9074     6.0000     0.0926     3.8992     3.8992     0.0000
 22   0     5.8477     6.0000     0.1523     3.8860     3.8860     0.0000
 23   0     0.9965     1.0000     0.0035     0.9941     0.9941     0.0000
 24   0     0.9924     1.0000     0.0076     0.9857     0.9857     0.0000
 25   0     0.9807     1.0000     0.0193     1.0093     1.0093    -0.0000
 26   0     1.0012     1.0000    -0.0012     0.9903     0.9903     0.0000
 27   0     1.0090     1.0000    -0.0090     1.0085     1.0085     0.0000
 28   0     0.9958     1.0000     0.0042     1.0040     1.0040    -0.0000
 29   0     0.8508     1.0000     0.1492     1.0067     1.0067     0.0000
 30   0     1.0394     1.0000    -0.0394     0.9885     0.9885     0.0000
 31   0     1.0431     1.0000    -0.0431     0.9951     0.9951    -0.0000
 32   0     1.0337     1.0000    -0.0337     0.9958     0.9958    -0.0000
 33   0     1.0409     1.0000    -0.0409     1.0037     1.0037     0.0000
 34   0     0.7851     1.0000     0.2149     0.9761     0.9761    -0.0000
 35   0     1.0548     1.0000    -0.0548     0.9935     0.9935    -0.0000
 36   0     0.9898     1.0000     0.0102     1.0086     1.0086     0.0000
 37   0     0.9680     1.0000     0.0320     0.9869     0.9869     0.0000
 38   0     0.9810     1.0000     0.0190     0.9924     0.9924    -0.0000
 39   0     0.9838     1.0000     0.0162     0.9935     0.9935     0.0000
 40   0     0.9922     1.0000     0.0078     1.0017     1.0017     0.0000
 41   0     0.9940     1.0000     0.0060     1.0029     1.0029     0.0000
      Bond orders larger than 0.1000000
           Atom A     A.N. of A          Atom B    A.N. of B              Bond order
                0             6               1            6                1.100660
                0             6              23            1                0.958550
                0             6              24            1                0.951297
                0             6              25            1                0.943468
                1             6               2            6                0.983572
                1             6              20            6                1.003487
                1             6              26            1                0.865359
                2             6               3            6                0.968202
                2             6              18            6                1.025215
                2             6              27            1                0.891518
                3             6               4            6                1.427574
                3             6               8            6                1.127242
                4             6               5            6                1.246062
                4             6              17            8                1.089448
                5             6               6            6                1.549416
                5             6              10            6                0.952588
                6             6               7            7                1.238035
                6             6              28            1                0.949351
                7             7               8            6                1.128503
                7             7              29            1                0.890672
                8             6               9            8                2.071700
               10             6              11            6                1.348614
               10             6              15            6                1.405756
               11             6              12            6                1.345247
               11             6              30            1                0.990885
               12             6              13            6                1.370769
               12             6              31            1                0.999662
               13             6              14            6                1.368653
               13             6              16            8                1.063472
               14             6              15            6                1.321342
               14             6              32            1                0.990152
               15             6              33            1                0.996030
               16             8              34            1                0.933662
               17             8              18            6                0.906240
               18             6              19            6                0.934631
               18             6              22            6                1.051098
               19             6              20            6                1.828891
               19             6              35            1                1.011953
               20             6              21            6                1.096165
               21             6              36            1                0.947438
               21             6              37            1                0.940704
               21             6              38            1                0.946940
               22             6              39            1                0.956546
               22             6              40            1                0.950407
               22             6              41            1                0.938193
# -----------------------------------------------------------
$ Calculation_Info
   description: Details of the calculation
   geom. index: 1
   prop. index: 1
     Multiplicity:                          1
     Charge:                                0
     number of atoms:                       42
     number of electrons:                   0
     number of frozen core electrons:       1
     number of correlated electrons:        0
     number of basis functions:             417
     number of aux C basis functions:       0
     number of aux J basis functions:       1336
     number of aux JK basis functions:      0
     number of aux CABS basis functions:    0
     Total Energy                           -1014.469542
# -----------------------------------------------------------
$ SCF_Electric_Properties
   description: The SCF Calculated Electric Properties
   geom. index: 1
   prop. index: 1
       Filename                          : 187.scfp 
       Do Dipole Moment Calculation      : true 
       Do Quadrupole Moment Calculation  : false 
       Do Polarizability Calculation     : true 
** Dipole moment part of electric properties **
        Magnitude of dipole moment (Debye) :        3.3381834805
        Electronic Contribution:
                  0    
      0      18.412721
      1      -5.509416
      2      -0.276660
        Nuclear Contribution:
                  0    
      0     -17.125871
      1       5.606491
      2       0.520365
        Total Dipole moment:
                  0    
      0       1.286850
      1       0.097075
      2       0.243706
** Polarizabilities part of electric properties **
        Isotropic polarizability :      215.4270920321
        The raw cartesian tensor (atomic units):
                  0          1          2    
      0     270.808077  23.947462  -0.922244
      1      23.947462 210.553277  27.500492
      2      -0.922244  27.500492 164.919923
        Diagonalised polarizability tensor :
                  0    
      0     150.935269
      1     215.546644
      2     279.799363
# -------------------------------------------------------------
----------------------- !GEOMETRIES! ------------------------
# -------------------------------------------------------------
------------------------ !GEOMETRY! -------------------------
    Number of atoms:    42 
    Geometry Index:     1 
    Coordinates:
               0 C     -3.656127000000   -0.868364000000   -1.588226000000
               1 C     -2.541925000000   -0.090989000000   -0.942596000000
               2 C     -1.933804000000   -0.774526000000    0.237510000000
               3 C     -0.685411000000   -1.476840000000   -0.052586000000
               4 C      0.341336000000   -0.563168000000    0.060150000000
               5 C      1.632500000000   -1.005636000000   -0.173330000000
               6 C      1.924619000000   -2.312327000000   -0.510616000000
               7 N      0.891867000000   -3.169372000000   -0.609377000000
               8 C     -0.372189000000   -2.768958000000   -0.388549000000
               9 O     -1.313367000000   -3.596687000000   -0.489564000000
              10 C      2.722220000000   -0.029176000000   -0.052667000000
              11 C      3.676669000000   -0.053170000000   -1.070408000000
              12 C      4.750045000000    0.822868000000   -1.061204000000
              13 C      4.869742000000    1.724904000000   -0.032499000000
              14 C      3.909313000000    1.731752000000    0.969516000000
              15 C      2.836171000000    0.861124000000    0.966985000000
              16 O      5.928847000000    2.624212000000    0.021186000000
              17 O     -0.208843000000    0.687414000000    0.410054000000
              18 C     -1.424089000000    0.420300000000    1.053043000000
              19 C     -2.478202000000    1.403340000000    0.815522000000
              20 C     -3.134188000000    1.144742000000   -0.308980000000
              21 C     -4.268116000000    1.929735000000   -0.870122000000
              22 C     -1.252101000000    0.056935000000    2.507142000000
              23 H     -4.434771000000   -1.040149000000   -0.821754000000
              24 H     -4.028320000000   -0.283238000000   -2.444051000000
              25 H     -3.293333000000   -1.836990000000   -1.962331000000
              26 H     -1.760573000000    0.237538000000   -1.639102000000
              27 H     -2.650537000000   -1.384689000000    0.814448000000
              28 H      2.957417000000   -2.584136000000   -0.677998000000
              29 H      1.077275000000   -4.169861000000   -0.863786000000
              30 H      3.609025000000   -0.747580000000   -1.887671000000
              31 H      5.495312000000    0.821055000000   -1.834261000000
              32 H      4.017305000000    2.451780000000    1.777772000000
              33 H      2.097203000000    0.869706000000    1.742172000000
              34 H      6.792290000000    2.380900000000    0.494156000000
              35 H     -2.711696000000    2.239279000000    1.456625000000
              36 H     -4.882304000000    1.354218000000   -1.568500000000
              37 H     -3.884383000000    2.852288000000   -1.380546000000
              38 H     -4.946147000000    2.303387000000   -0.058315000000
              39 H     -1.154971000000    0.985449000000    3.083307000000
              40 H     -2.133985000000   -0.529885000000    2.815605000000
              41 H     -0.379772000000   -0.617186000000    2.580101000000
