-------------------------------------------------------------
----------------------- !PROPERTIES! ------------------------
-------------------------------------------------------------
# -----------------------------------------------------------
$ SCF_Energy
   description: The SCF energy
   geom. index: 1
   prop. index: 1
        SCF Energy:    -1482.7437807681
# -----------------------------------------------------------
$ DFT_Energy
   description: The DFT energy
   geom. index: 1
   prop. index: 1
   Number of Alpha Electrons                 91.9999143057 
   Number of Beta  Electrons                 91.9999143057 
   Total number of  Electrons               183.9998286115 
   Exchange energy                         -133.1045282240 
   Correlation energy                        -7.5765568403 
   Correlation energy NL                      0.0000000000 
   Exchange-Correlation energy             -140.6810850642 
   Embedding correction                       0.0000000000 
   Total DFT Energy (No VdW correction)   -1482.7437807681 
# -----------------------------------------------------------
$ Mayer_Pop
   description: The Mayer population analysis
   geom. index: 1
   prop. index: 1
     Number of atoms                     : 43
     Threshold for printing              : 0.1000000
     Number of bond orders printed       : 45
  NA   - Mulliken gross atomic population
  ZA   - Total nuclear charge
  QA   - Mulliken gross atomic charge
  VA   - Mayer's total valence
  BVA  - Mayer's bonded valence
  FA   - Mayer's free valence
  ATOM       NA         ZA         QA         VA         BVA        FA
  0   0     5.8456     6.0000     0.1544     3.8836     3.8836     0.0000
  1   0     8.2546     8.0000    -0.2546     2.0684     2.0684    -0.0000
  2   0     7.1573     7.0000    -0.1573     3.1107     3.1107     0.0000
  3   0     5.8704     6.0000     0.1296     3.7949     3.7949    -0.0000
  4   0     5.9275     6.0000     0.0725     4.3072     4.3072    -0.0000
  5   0     8.2265     8.0000    -0.2265     2.2752     2.2752    -0.0000
  6   0     7.1459     7.0000    -0.1459     3.0553     3.0553    -0.0000
  7   0     6.2335     6.0000    -0.2335     3.9145     3.9145    -0.0000
  8   0     5.7494     6.0000     0.2506     4.1616     4.1616    -0.0000
  9   0     8.2379     8.0000    -0.2379     2.2902     2.2902    -0.0000
 10   0     5.7973     6.0000     0.2027     3.7627     3.7627    -0.0000
 11   0     6.0853     6.0000    -0.0853     3.8678     3.8678    -0.0000
 12   0     5.9955     6.0000     0.0045     3.8611     3.8611     0.0000
 13   0     6.9983     7.0000     0.0017     3.4335     3.4335    -0.0000
 14   0     5.9112     6.0000     0.0888     3.8728     3.8728    -0.0000
 15   0     6.0541     6.0000    -0.0541     3.7421     3.7421     0.0000
 16   0     5.9822     6.0000     0.0178     3.7993     3.7993    -0.0000
 17   0     5.9664     6.0000     0.0336     3.8013     3.8013    -0.0000
 18   0     6.0290     6.0000    -0.0290     3.7987     3.7987    -0.0000
 19   0     5.8929     6.0000     0.1071     3.9307     3.9307    -0.0000
 20   0    16.0000    16.0000    -0.0000     2.1754     2.1754    -0.0000
 21   0     6.0917     6.0000    -0.0917     3.9371     3.9371    -0.0000
 22   0     5.7703     6.0000     0.2297     4.1819     4.1819    -0.0000
 23   0     8.2773     8.0000    -0.2773     2.1106     2.1106    -0.0000
 24   0     0.9553     1.0000     0.0447     0.9909     0.9909     0.0000
 25   0     0.9792     1.0000     0.0208     1.0127     1.0127     0.0000
 26   0     0.9734     1.0000     0.0266     0.9794     0.9794     0.0000
 27   0     0.9640     1.0000     0.0360     0.9946     0.9946    -0.0000
 28   0     0.8688     1.0000     0.1312     1.0232     1.0232     0.0000
 29   0     0.9779     1.0000     0.0221     1.0007     1.0007     0.0000
 30   0     0.9946     1.0000     0.0054     1.0005     1.0005     0.0000
 31   0     1.0103     1.0000    -0.0103     0.9995     0.9995    -0.0000
 32   0     0.8694     1.0000     0.1306     0.9882     0.9882    -0.0000
 33   0     1.0697     1.0000    -0.0697     0.9814     0.9814    -0.0000
 34   0     1.0320     1.0000    -0.0320     0.9763     0.9763    -0.0000
 35   0     1.0418     1.0000    -0.0418     0.9739     0.9739     0.0000
 36   0     1.0958     1.0000    -0.0958     0.9929     0.9929     0.0000
 37   0     0.9227     1.0000     0.0773     0.9861     0.9861    -0.0000
 38   0     0.9343     1.0000     0.0657     0.9783     0.9783    -0.0000
 39   0     0.9598     1.0000     0.0402     0.9834     0.9834    -0.0000
 40   0     1.0256     1.0000    -0.0256     0.9921     0.9921     0.0000
 41   0     0.9928     1.0000     0.0072     0.9834     0.9834     0.0000
 42   0     0.8322     1.0000     0.1678     1.0129     1.0129    -0.0000
      Bond orders larger than 0.1000000
           Atom A     A.N. of A          Atom B    A.N. of B              Bond order
                0             6               1            8                0.951184
                0             6              24            1                0.972709
                0             6              25            1                0.966367
                0             6              26            1                0.966426
                1             8               2            7                0.971020
                2             7               3            6                0.910362
                2             7               8            6                1.100362
                3             6               4            6                0.908427
                3             6              22            6                1.083140
                3             6              27            1                0.874802
                4             6               5            8                2.113353
                4             6               6            7                1.135772
                6             7               7            6                0.935339
                6             7              28            1                0.923821
                7             6               8            6                0.872828
                7             6              10            6                0.977297
                7             6              20           16                1.042013
                8             6               9            8                2.118863
               10             6              11            6                1.068366
               10             6              29            1                0.894567
               10             6              30            1                0.878882
               11             6              12            6                1.435451
               11             6              19            6                1.311857
               12             6              13            7                1.230156
               12             6              31            1                0.979391
               13             7              14            6                1.198648
               13             7              32            1                0.922806
               14             6              15            6                1.282725
               14             6              19            6                1.259444
               15             6              16            6                1.396227
               15             6              33            1                1.004466
               16             6              17            6                1.304857
               16             6              34            1                0.993932
               17             6              18            6                1.438011
               17             6              35            1                0.983645
               18             6              19            6                1.286482
               18             6              36            1                0.987312
               20            16              21            6                1.020453
               21             6              37            1                0.957180
               21             6              38            1                0.958002
               21             6              39            1                0.955133
               22             6              23            8                1.117081
               22             6              40            1                0.920650
               22             6              41            1                0.929968
               23             8              42            1                0.969034
# -----------------------------------------------------------
$ Calculation_Info
   description: Details of the calculation
   geom. index: 1
   prop. index: 1
     Multiplicity:                          1
     Charge:                                0
     number of atoms:                       43
     number of electrons:                   0
     number of frozen core electrons:       1
     number of correlated electrons:        0
     number of basis functions:             435
     number of aux C basis functions:       0
     number of aux J basis functions:       1387
     number of aux JK basis functions:      0
     number of aux CABS basis functions:    0
     Total Energy                           -1482.743781
# -----------------------------------------------------------
$ SCF_Electric_Properties
   description: The SCF Calculated Electric Properties
   geom. index: 1
   prop. index: 1
       Filename                          : 62.scfp 
       Do Dipole Moment Calculation      : true 
       Do Quadrupole Moment Calculation  : false 
       Do Polarizability Calculation     : true 
** Dipole moment part of electric properties **
        Magnitude of dipole moment (Debye) :        1.7486796273
        Electronic Contribution:
                  0    
      0       2.269761
      1      -3.306134
      2       2.120772
        Nuclear Contribution:
                  0    
      0      -2.790691
      1       2.888964
      2      -1.953729
        Total Dipole moment:
                  0    
      0      -0.520930
      1      -0.417170
      2       0.167043
** Polarizabilities part of electric properties **
        Isotropic polarizability :      215.1631252251
        The raw cartesian tensor (atomic units):
                  0          1          2    
      0     271.690195  38.502360  15.842585
      1      38.502360 205.722566 -23.994560
      2      15.842585 -23.994560 168.076614
        Diagonalised polarizability tensor :
                  0    
      0     147.836105
      1     208.080481
      2     289.572789
# -------------------------------------------------------------
----------------------- !GEOMETRIES! ------------------------
# -------------------------------------------------------------
------------------------ !GEOMETRY! -------------------------
    Number of atoms:    43 
    Geometry Index:     1 
    Coordinates:
               0 C     -3.616342000000    0.165081000000    2.513136000000
               1 O     -2.849977000000   -0.907613000000    2.105124000000
               2 N     -2.163268000000   -0.618983000000    0.976961000000
               3 C     -2.618549000000   -1.193455000000   -0.276795000000
               4 C     -2.520074000000   -0.120696000000   -1.316070000000
               5 O     -3.199220000000   -0.223617000000   -2.367213000000
               6 N     -1.670474000000    0.999212000000   -1.117987000000
               7 C     -0.474753000000    0.768867000000   -0.288378000000
               8 C     -1.020791000000    0.227185000000    0.998994000000
               9 O     -0.497961000000    0.501692000000    2.104569000000
              10 C      0.388587000000   -0.173461000000   -1.014904000000
              11 C      1.592470000000   -0.679266000000   -0.344728000000
              12 C      1.557839000000   -1.921336000000    0.344783000000
              13 N      2.763027000000   -2.124754000000    0.875697000000
              14 C      3.596023000000   -1.100976000000    0.586351000000
              15 C      4.919476000000   -0.833725000000    0.882569000000
              16 C      5.562131000000    0.301815000000    0.454262000000
              17 C      4.817289000000    1.187999000000   -0.302350000000
              18 C      3.502621000000    0.937395000000   -0.606689000000
              19 C      2.846525000000   -0.211943000000   -0.174061000000
              20 S      0.197305000000    2.402998000000    0.062335000000
              21 C      0.566994000000    3.379824000000   -1.385110000000
              22 C     -4.035555000000   -1.671325000000   -0.180341000000
              23 O     -4.465631000000   -2.230948000000   -1.378117000000
              24 H     -3.199399000000    0.613012000000    3.450078000000
              25 H     -3.598938000000    0.941293000000    1.715485000000
              26 H     -4.695084000000   -0.104602000000    2.684739000000
              27 H     -1.981924000000   -2.067752000000   -0.492599000000
              28 H     -1.874052000000    1.903456000000   -1.516752000000
              29 H     -0.192052000000   -1.016633000000   -1.487270000000
              30 H      0.714288000000    0.398946000000   -1.973665000000
              31 H      0.697467000000   -2.582720000000    0.425793000000
              32 H      3.046412000000   -2.957403000000    1.441530000000
              33 H      5.458491000000   -1.545169000000    1.466867000000
              34 H      6.595041000000    0.534565000000    0.679434000000
              35 H      5.306674000000    2.092273000000   -0.646706000000
              36 H      2.938632000000    1.628477000000   -1.208091000000
              37 H      0.692593000000    4.448467000000   -1.026589000000
              38 H      1.451257000000    3.124220000000   -1.959926000000
              39 H     -0.323678000000    3.441292000000   -2.077736000000
              40 H     -4.683114000000   -0.833201000000    0.075933000000
              41 H     -4.113011000000   -2.449530000000    0.599872000000
              42 H     -5.417289000000   -2.428961000000   -1.302431000000
