-------------------------------------------------------------
----------------------- !PROPERTIES! ------------------------
-------------------------------------------------------------
# -----------------------------------------------------------
$ SCF_Energy
   description: The SCF energy
   geom. index: 1
   prop. index: 1
        SCF Energy:    -1724.4215153009
# -----------------------------------------------------------
$ DFT_Energy
   description: The DFT energy
   geom. index: 1
   prop. index: 1
   Number of Alpha Electrons                140.0001634870 
   Number of Beta  Electrons                140.0001634870 
   Total number of  Electrons               280.0003269741 
   Exchange energy                         -183.9944238522 
   Correlation energy                       -11.2082870334 
   Correlation energy NL                      0.0000000000 
   Exchange-Correlation energy             -195.2027108856 
   Embedding correction                       0.0000000000 
   Total DFT Energy (No VdW correction)   -1724.4215153009 
# -----------------------------------------------------------
$ Mayer_Pop
   description: The Mayer population analysis
   geom. index: 1
   prop. index: 1
     Number of atoms                     : 76
     Threshold for printing              : 0.1000000
     Number of bond orders printed       : 78
  NA   - Mulliken gross atomic population
  ZA   - Total nuclear charge
  QA   - Mulliken gross atomic charge
  VA   - Mayer's total valence
  BVA  - Mayer's bonded valence
  FA   - Mayer's free valence
  ATOM       NA         ZA         QA         VA         BVA        FA
  0   0     5.8854     6.0000     0.1146     3.8821     3.8821    -0.0000
  1   0     6.3386     6.0000    -0.3386     4.2539     4.2539    -0.0000
  2   0     5.8791     6.0000     0.1209     3.9535     3.9535    -0.0000
  3   0     5.9264     6.0000     0.0736     3.9247     3.9247    -0.0000
  4   0     5.8375     6.0000     0.1625     3.6000     3.6000    -0.0000
  5   0     6.0627     6.0000    -0.0627     3.7806     3.7806    -0.0000
  6   0     5.9774     6.0000     0.0226     3.6035     3.6035     0.0000
  7   0     5.8709     6.0000     0.1291     3.9777     3.9777     0.0000
  8   0     6.0065     6.0000    -0.0065     3.5159     3.5159    -0.0000
  9   0     6.0655     6.0000    -0.0655     3.8734     3.8734     0.0000
 10   0     5.8120     6.0000     0.1880     4.1981     4.1981    -0.0000
 11   0     8.2558     8.0000    -0.2558     2.2278     2.2278     0.0000
 12   0     8.2658     8.0000    -0.2658     2.1575     2.1575    -0.0000
 13   0     8.2050     8.0000    -0.2050     2.2697     2.2697     0.0000
 14   0     6.0949     6.0000    -0.0949     4.0626     4.0626     0.0000
 15   0     7.0182     7.0000    -0.0182     3.2070     3.2070     0.0000
 16   0     5.8470     6.0000     0.1530     3.9010     3.9010     0.0000
 17   0     6.0467     6.0000    -0.0467     4.1192     4.1192    -0.0000
 18   0     5.9342     6.0000     0.0658     4.0873     4.0873     0.0000
 19   0     5.8789     6.0000     0.1211     4.0815     4.0815     0.0000
 20   0     6.0477     6.0000    -0.0477     4.0631     4.0631     0.0000
 21   0     5.9036     6.0000     0.0964     3.9743     3.9743     0.0000
 22   0     7.0466     7.0000    -0.0466     3.1233     3.1233     0.0000
 23   0     6.0145     6.0000    -0.0145     3.9443     3.9443     0.0000
 24   0     5.9640     6.0000     0.0360     3.5359     3.5359     0.0000
 25   0     5.8716     6.0000     0.1284     4.0715     4.0715    -0.0000
 26   0     6.0016     6.0000    -0.0016     3.5501     3.5501    -0.0000
 27   0     6.0755     6.0000    -0.0755     3.7668     3.7668    -0.0000
 28   0     5.8960     6.0000     0.1040     3.7237     3.7237     0.0000
 29   0     6.0635     6.0000    -0.0635     3.8103     3.8103    -0.0000
 30   0     6.3526     6.0000    -0.3526     4.3115     4.3115     0.0000
 31   0     5.8619     6.0000     0.1381     3.9125     3.9125     0.0000
 32   0     5.8896     6.0000     0.1104     3.8868     3.8868    -0.0000
 33   0     5.9041     6.0000     0.0959     3.8768     3.8768    -0.0000
 34   0     5.8324     6.0000     0.1676     4.3106     4.3106     0.0000
 35   0     8.2505     8.0000    -0.2505     2.2245     2.2245    -0.0000
 36   0     8.2450     8.0000    -0.2450     2.1885     2.1885    -0.0000
 37   0     8.1808     8.0000    -0.1808     2.2962     2.2962     0.0000
 38   0     1.0026     1.0000    -0.0026     1.0028     1.0028    -0.0000
 39   0     0.9992     1.0000     0.0008     0.9998     0.9998     0.0000
 40   0     0.9864     1.0000     0.0136     0.9968     0.9968    -0.0000
 41   0     0.9895     1.0000     0.0105     0.9882     0.9882     0.0000
 42   0     0.9923     1.0000     0.0077     0.9929     0.9929     0.0000
 43   0     0.9804     1.0000     0.0196     0.9916     0.9916     0.0000
 44   0     0.9981     1.0000     0.0019     0.9935     0.9935     0.0000
 45   0     0.9842     1.0000     0.0158     0.9886     0.9886    -0.0000
 46   0     0.9910     1.0000     0.0090     0.9940     0.9940     0.0000
 47   0     1.0472     1.0000    -0.0472     1.0053     1.0053    -0.0000
 48   0     1.0234     1.0000    -0.0234     1.0608     1.0608     0.0000
 49   0     0.7543     1.0000     0.2457     0.9746     0.9746    -0.0000
 50   0     0.8192     1.0000     0.1808     1.0552     1.0552     0.0000
 51   0     1.0174     1.0000    -0.0174     0.9697     0.9697    -0.0000
 52   0     1.0492     1.0000    -0.0492     1.0214     1.0214     0.0000
 53   0     1.0023     1.0000    -0.0023     0.9916     0.9916    -0.0000
 54   0     1.0063     1.0000    -0.0063     0.9928     0.9928    -0.0000
 55   0     1.0245     1.0000    -0.0245     0.9854     0.9854     0.0000
 56   0     1.0076     1.0000    -0.0076     0.9701     0.9701    -0.0000
 57   0     1.0096     1.0000    -0.0096     0.9734     0.9734     0.0000
 58   0     1.0152     1.0000    -0.0152     0.9805     0.9805     0.0000
 59   0     1.0057     1.0000    -0.0057     0.9902     0.9902    -0.0000
 60   0     1.0041     1.0000    -0.0041     1.0093     1.0093     0.0000
 61   0     1.0252     1.0000    -0.0252     0.9989     0.9989     0.0000
 62   0     1.0722     1.0000    -0.0722     0.9729     0.9729    -0.0000
 63   0     1.0067     1.0000    -0.0067     1.0282     1.0282    -0.0000
 64   0     1.0429     1.0000    -0.0429     1.0094     1.0094    -0.0000
 65   0     0.9997     1.0000     0.0003     0.9983     0.9983     0.0000
 66   0     0.9865     1.0000     0.0135     0.9937     0.9937     0.0000
 67   0     0.9972     1.0000     0.0028     0.9948     0.9948     0.0000
 68   0     1.0001     1.0000    -0.0001     0.9959     0.9959    -0.0000
 69   0     0.9809     1.0000     0.0191     0.9957     0.9957    -0.0000
 70   0     1.0054     1.0000    -0.0054     0.9964     0.9964    -0.0000
 71   0     0.9965     1.0000     0.0035     0.9956     0.9956    -0.0000
 72   0     0.9902     1.0000     0.0098     0.9958     0.9958     0.0000
 73   0     0.9877     1.0000     0.0123     0.9982     0.9982     0.0000
 74   0     0.7805     1.0000     0.2195     0.9982     0.9982    -0.0000
 75   0     0.8086     1.0000     0.1914     1.0307     1.0307    -0.0000
      Bond orders larger than 0.1000000
           Atom A     A.N. of A          Atom B    A.N. of B              Bond order
                0             6               1            6                1.029117
                0             6              38            1                0.960899
                0             6              39            1                0.958334
                0             6              40            1                0.958296
                1             6               2            6                1.091352
                1             6               3            6                1.061378
                1             6               4            6                0.948184
                2             6              41            1                0.946538
                2             6              42            1                0.948064
                2             6              43            1                0.935302
                3             6              44            1                0.963655
                3             6              45            1                0.950515
                3             6              46            1                0.959859
                4             6               5            6                1.354533
                4             6               9            6                1.318396
                5             6               6            6                1.301860
                5             6              47            1                1.015073
                6             6               7            6                1.294971
                6             6              14            6                0.971157
                7             6               8            6                1.242614
                7             6              13            8                1.273746
                8             6               9            6                1.338895
                8             6              10            6                0.946356
                9             6              48            1                0.993729
               10             6              11            8                2.035183
               10             6              12            8                1.159573
               12             8              49            1                0.902041
               13             8              50            1                0.904294
               14             6              15            7                2.066398
               14             6              51            1                0.934378
               15             7              16            6                1.021291
               16             6              17            6                1.004408
               16             6              21            6                0.956999
               16             6              52            1                0.875847
               17             6              18            6                1.089611
               17             6              53            1                0.920359
               17             6              54            1                0.940994
               18             6              19            6                1.083747
               18             6              55            1                0.924635
               18             6              56            1                0.922660
               19             6              20            6                1.095904
               19             6              57            1                0.922032
               19             6              58            1                0.917536
               20             6              21            6                1.032173
               20             6              59            1                0.920625
               20             6              60            1                0.928045
               21             6              22            7                1.058910
               21             6              61            1                0.865132
               22             7              23            6                1.954145
               23             6              24            6                0.971419
               23             6              62            1                0.927760
               24             6              25            6                1.294078
               24             6              29            6                1.270190
               25             6              26            6                1.280404
               25             6              37            8                1.322656
               26             6              27            6                1.310366
               26             6              34            6                0.974724
               27             6              28            6                1.316289
               27             6              63            1                0.999562
               28             6              29            6                1.426739
               28             6              30            6                0.948536
               29             6              64            1                0.989265
               30             6              31            6                1.095601
               30             6              32            6                1.070388
               30             6              33            6                1.043028
               31             6              65            1                0.943217
               31             6              66            1                0.952058
               31             6              67            1                0.943197
               32             6              68            1                0.946949
               32             6              69            1                0.956462
               32             6              70            1                0.952340
               33             6              71            1                0.959823
               33             6              72            1                0.954457
               33             6              73            1                0.959416
               34             6              35            8                2.048587
               34             6              36            8                1.216315
               36             8              74            1                0.904212
               37             8              75            1                0.921511
# -----------------------------------------------------------
$ Calculation_Info
   description: Details of the calculation
   geom. index: 1
   prop. index: 1
     Multiplicity:                          1
     Charge:                                0
     number of atoms:                       76
     number of electrons:                   0
     number of frozen core electrons:       1
     number of correlated electrons:        0
     number of basis functions:             722
     number of aux C basis functions:       0
     number of aux J basis functions:       2280
     number of aux JK basis functions:      0
     number of aux CABS basis functions:    0
     Total Energy                           -1724.421515
# -----------------------------------------------------------
$ SCF_Electric_Properties
   description: The SCF Calculated Electric Properties
   geom. index: 1
   prop. index: 1
       Filename                          : 262.scfp 
       Do Dipole Moment Calculation      : true 
       Do Quadrupole Moment Calculation  : false 
       Do Polarizability Calculation     : true 
** Dipole moment part of electric properties **
        Magnitude of dipole moment (Debye) :        3.2865679631
        Electronic Contribution:
                  0    
      0      -7.683736
      1      -9.923414
      2       6.375033
        Nuclear Contribution:
                  0    
      0       7.688935
      1      11.161564
      2      -6.002434
        Total Dipole moment:
                  0    
      0       0.005199
      1       1.238150
      2       0.372599
** Polarizabilities part of electric properties **
        Isotropic polarizability :      387.2014688972
        The raw cartesian tensor (atomic units):
                  0          1          2    
      0     509.006682  21.886988  -3.427247
      1      21.886988 348.351347   8.753338
      2      -3.427247   8.753338 304.246378
        Diagonalised polarizability tensor :
                  0    
      0     302.289756
      1     347.355428
      2     511.959223
# -------------------------------------------------------------
----------------------- !GEOMETRIES! ------------------------
# -------------------------------------------------------------
------------------------ !GEOMETRY! -------------------------
    Number of atoms:    76 
    Geometry Index:     1 
    Coordinates:
               0 C      7.956725000000   -0.483039000000   -1.731411000000
               1 C      7.242655000000    0.867470000000   -1.812199000000
               2 C      8.223987000000    1.911225000000   -1.285950000000
               3 C      6.997661000000    1.146511000000   -3.275070000000
               4 C      5.997241000000    0.827206000000   -1.005828000000
               5 C      4.876796000000    0.174611000000   -1.387252000000
               6 C      3.776182000000    0.061014000000   -0.535109000000
               7 C      3.880936000000    0.655496000000    0.732409000000
               8 C      5.044377000000    1.334316000000    1.120703000000
               9 C      6.109178000000    1.424658000000    0.253596000000
              10 C      5.138904000000    1.992837000000    2.441274000000
              11 O      6.235175000000    2.584295000000    2.703666000000
              12 O      4.185246000000    2.044623000000    3.406852000000
              13 O      2.843426000000    0.573899000000    1.584382000000
              14 C      2.540208000000   -0.555249000000   -0.991566000000
              15 N      1.490587000000   -0.960747000000   -0.527107000000
              16 C      0.753142000000   -1.140997000000    0.646016000000
              17 C      1.609071000000   -2.278502000000    1.336333000000
              18 C      1.111024000000   -2.513338000000    2.714135000000
              19 C     -0.167520000000   -3.337884000000    2.476632000000
              20 C     -1.085291000000   -2.457566000000    1.766797000000
              21 C     -0.598990000000   -1.827025000000    0.436658000000
              22 N     -1.672831000000   -1.073810000000    0.065259000000
              23 C     -2.411971000000   -0.187528000000   -0.229529000000
              24 C     -3.839375000000   -0.281829000000   -0.600440000000
              25 C     -4.477240000000   -1.491021000000   -0.738710000000
              26 C     -5.869073000000   -1.490483000000   -0.886709000000
              27 C     -6.618179000000   -0.334605000000   -0.899095000000
              28 C     -5.961802000000    0.874605000000   -0.758640000000
              29 C     -4.599339000000    0.890694000000   -0.616060000000
              30 C     -6.847509000000    2.068069000000   -0.715948000000
              31 C     -6.161514000000    3.368653000000   -0.957284000000
              32 C     -8.051140000000    1.907100000000   -1.605678000000
              33 C     -7.381897000000    2.086183000000    0.733652000000
              34 C     -6.545940000000   -2.765969000000   -1.024575000000
              35 O     -5.865904000000   -3.841201000000   -1.014102000000
              36 O     -7.907337000000   -2.867484000000   -1.169471000000
              37 O     -3.822071000000   -2.706099000000   -0.743950000000
              38 H      9.048921000000   -0.279542000000   -1.758322000000
              39 H      7.727798000000   -1.080162000000   -2.636570000000
              40 H      7.747239000000   -1.012014000000   -0.789655000000
              41 H      9.036117000000    2.040812000000   -2.046309000000
              42 H      7.689143000000    2.839095000000   -1.090373000000
              43 H      8.652968000000    1.512683000000   -0.334645000000
              44 H      6.336343000000    2.040450000000   -3.334248000000
              45 H      6.489697000000    0.319496000000   -3.798264000000
              46 H      7.954629000000    1.426562000000   -3.780430000000
              47 H      4.815422000000   -0.269518000000   -2.358024000000
              48 H      6.972937000000    1.947744000000    0.583256000000
              49 H      3.841644000000    2.967798000000    3.709718000000
              50 H      2.670751000000    0.876613000000    2.465075000000
              51 H      2.567355000000   -0.691295000000   -2.152641000000
              52 H      0.641108000000   -0.355854000000    1.379030000000
              53 H      1.405411000000   -3.170850000000    0.687865000000
              54 H      2.662137000000   -2.028334000000    1.328435000000
              55 H      0.914195000000   -1.597400000000    3.268085000000
              56 H      1.855422000000   -3.163613000000    3.240081000000
              57 H     -0.575732000000   -3.651026000000    3.436756000000
              58 H      0.133791000000   -4.202202000000    1.857984000000
              59 H     -1.442520000000   -1.601779000000    2.395959000000
              60 H     -2.017993000000   -3.020169000000    1.488514000000
              61 H     -0.380883000000   -2.684010000000   -0.247057000000
              62 H     -2.021370000000    0.858414000000   -0.248101000000
              63 H     -7.714564000000   -0.368248000000   -1.014286000000
              64 H     -4.126974000000    1.858839000000   -0.511218000000
              65 H     -5.796601000000    3.735199000000    0.014786000000
              66 H     -5.398422000000    3.268574000000   -1.729403000000
              67 H     -6.956840000000    4.091024000000   -1.271434000000
              68 H     -8.970034000000    1.660063000000   -1.011249000000
              69 H     -7.942787000000    1.187385000000   -2.424734000000
              70 H     -8.290877000000    2.904299000000   -2.060520000000
              71 H     -7.529457000000    3.104639000000    1.095884000000
              72 H     -8.276503000000    1.434245000000    0.821485000000
              73 H     -6.616288000000    1.588521000000    1.393423000000
              74 H     -8.342216000000   -3.754570000000   -1.429300000000
              75 H     -2.890569000000   -2.930962000000   -0.678221000000
