-------------------------------------------------------------
----------------------- !PROPERTIES! ------------------------
-------------------------------------------------------------
# -----------------------------------------------------------
$ SCF_Energy
   description: The SCF energy
   geom. index: 1
   prop. index: 1
        SCF Energy:     -939.3467892225
# -----------------------------------------------------------
$ DFT_Energy
   description: The DFT energy
   geom. index: 1
   prop. index: 1
   Number of Alpha Electrons                 78.0000412029 
   Number of Beta  Electrons                 78.0000412029 
   Total number of  Electrons               156.0000824058 
   Exchange energy                         -101.9795535925 
   Correlation energy                        -6.2296056276 
   Correlation energy NL                      0.0000000000 
   Exchange-Correlation energy             -108.2091592201 
   Embedding correction                       0.0000000000 
   Total DFT Energy (No VdW correction)    -939.3467892225 
# -----------------------------------------------------------
$ Mayer_Pop
   description: The Mayer population analysis
   geom. index: 1
   prop. index: 1
     Number of atoms                     : 41
     Threshold for printing              : 0.1000000
     Number of bond orders printed       : 43
  NA   - Mulliken gross atomic population
  ZA   - Total nuclear charge
  QA   - Mulliken gross atomic charge
  VA   - Mayer's total valence
  BVA  - Mayer's bonded valence
  FA   - Mayer's free valence
  ATOM       NA         ZA         QA         VA         BVA        FA
  0   0     5.9032     6.0000     0.0968     3.9398     3.9398     0.0000
  1   0     6.1114     6.0000    -0.1114     4.0342     4.0342    -0.0000
  2   0     6.2572     6.0000    -0.2572     4.1800     4.1800    -0.0000
  3   0     5.9025     6.0000     0.0975     3.9740     3.9740    -0.0000
  4   0     5.5519     6.0000     0.4481     3.7871     3.7871    -0.0000
  5   0     6.2551     6.0000    -0.2551     4.0827     4.0827    -0.0000
  6   0     5.9595     6.0000     0.0405     3.8962     3.8962    -0.0000
  7   0     6.0706     6.0000    -0.0706     3.6512     3.6512     0.0000
  8   0     5.7581     6.0000     0.2419     3.8904     3.8904     0.0000
  9   0     8.3293     8.0000    -0.3293     2.2195     2.2195     0.0000
 10   0     6.0744     6.0000    -0.0744     3.8423     3.8423    -0.0000
 11   0     5.9498     6.0000     0.0502     3.9368     3.9368    -0.0000
 12   0     6.9781     7.0000     0.0219     3.3263     3.3263     0.0000
 13   0     5.9736     6.0000     0.0264     4.3425     4.3425     0.0000
 14   0     8.2978     8.0000    -0.2978     2.2554     2.2554     0.0000
 15   0     5.9186     6.0000     0.0814     3.8053     3.8053    -0.0000
 16   0     5.9892     6.0000     0.0108     3.8364     3.8364    -0.0000
 17   0     5.9742     6.0000     0.0258     3.8208     3.8208     0.0000
 18   0     5.9712     6.0000     0.0288     3.8290     3.8290     0.0000
 19   0     5.9783     6.0000     0.0217     3.8627     3.8627     0.0000
 20   0     6.0276     6.0000    -0.0276     3.8720     3.8720     0.0000
 21   0     5.9083     6.0000     0.0917     3.9313     3.9313    -0.0000
 22   0     0.9685     1.0000     0.0315     0.9894     0.9894     0.0000
 23   0     0.9922     1.0000     0.0078     0.9874     0.9874     0.0000
 24   0     0.9784     1.0000     0.0216     0.9927     0.9927     0.0000
 25   0     1.0032     1.0000    -0.0032     0.9997     0.9997    -0.0000
 26   0     0.9766     1.0000     0.0234     0.9869     0.9869     0.0000
 27   0     0.9793     1.0000     0.0207     1.0011     1.0011     0.0000
 28   0     0.9815     1.0000     0.0185     0.9921     0.9921    -0.0000
 29   0     1.0114     1.0000    -0.0114     0.9804     0.9804    -0.0000
 30   0     1.0339     1.0000    -0.0339     1.0242     1.0242     0.0000
 31   0     0.9983     1.0000     0.0017     1.0011     1.0011    -0.0000
 32   0     0.8523     1.0000     0.1477     1.0041     1.0041    -0.0000
 33   0     1.0209     1.0000    -0.0209     0.9990     0.9990    -0.0000
 34   0     1.0279     1.0000    -0.0279     0.9768     0.9768     0.0000
 35   0     1.0322     1.0000    -0.0322     0.9758     0.9758     0.0000
 36   0     1.0302     1.0000    -0.0302     0.9743     0.9743     0.0000
 37   0     1.0433     1.0000    -0.0433     0.9862     0.9862    -0.0000
 38   0     0.9665     1.0000     0.0335     0.9913     0.9913    -0.0000
 39   0     0.9869     1.0000     0.0131     1.0044     1.0044    -0.0000
 40   0     0.9769     1.0000     0.0231     0.9859     0.9859    -0.0000
      Bond orders larger than 0.1000000
           Atom A     A.N. of A          Atom B    A.N. of B              Bond order
                0             6               1            6                1.069179
                0             6              22            1                0.947213
                0             6              23            1                0.952200
                0             6              24            1                0.948358
                1             6               2            6                1.946922
                1             6              25            1                0.923018
                2             6               3            6                1.098486
                2             6               4            6                0.970373
                3             6              26            1                0.939424
                3             6              27            1                0.950687
                3             6              28            1                0.939780
                4             6               5            6                1.009950
                4             6               9            8                0.933283
                4             6              29            1                0.864964
                5             6               6            6                1.764989
                5             6              21            6                1.053489
                6             6               7            6                1.064755
                6             6              30            1                0.987533
                7             6               8            6                1.398992
                7             6              13            6                1.082155
                8             6               9            8                1.154612
                8             6              10            6                1.223612
               10             6              11            6                1.560814
               10             6              15            6                0.958594
               11             6              12            7                1.241572
               11             6              31            1                0.945331
               12             7              13            6                1.114656
               12             7              32            1                0.898766
               13             6              14            8                2.089667
               15             6              16            6                1.396466
               15             6              20            6                1.350400
               16             6              17            6                1.360165
               16             6              33            1                0.983534
               17             6              18            6                1.384075
               17             6              34            1                0.990128
               18             6              19            6                1.368311
               18             6              35            1                0.993163
               19             6              20            6                1.416038
               19             6              36            1                0.982876
               20             6              37            1                0.988895
               21             6              38            1                0.956012
               21             6              39            1                0.952925
               21             6              40            1                0.939364
# -----------------------------------------------------------
$ Calculation_Info
   description: Details of the calculation
   geom. index: 1
   prop. index: 1
     Multiplicity:                          1
     Charge:                                0
     number of atoms:                       41
     number of electrons:                   0
     number of frozen core electrons:       1
     number of correlated electrons:        0
     number of basis functions:             403
     number of aux C basis functions:       0
     number of aux J basis functions:       1287
     number of aux JK basis functions:      0
     number of aux CABS basis functions:    0
     Total Energy                           -939.346789
# -----------------------------------------------------------
$ SCF_Electric_Properties
   description: The SCF Calculated Electric Properties
   geom. index: 1
   prop. index: 1
       Filename                          : 182.scfp 
       Do Dipole Moment Calculation      : true 
       Do Quadrupole Moment Calculation  : false 
       Do Polarizability Calculation     : true 
** Dipole moment part of electric properties **
        Magnitude of dipole moment (Debye) :        3.2073094806
        Electronic Contribution:
                  0    
      0      16.671770
      1      15.035876
      2       1.940780
        Nuclear Contribution:
                  0    
      0     -16.175236
      1     -16.162347
      2      -2.217774
        Total Dipole moment:
                  0    
      0       0.496534
      1      -1.126470
      2      -0.276994
** Polarizabilities part of electric properties **
        Isotropic polarizability :      219.8294761418
        The raw cartesian tensor (atomic units):
                  0          1          2    
      0     268.768491 -10.035286  -5.904271
      1     -10.035286 255.067756  13.014218
      2      -5.904271  13.014218 135.652182
        Diagonalised polarizability tensor :
                  0    
      0     134.078399
      1     250.404929
      2     275.005100
# -------------------------------------------------------------
----------------------- !GEOMETRIES! ------------------------
# -------------------------------------------------------------
------------------------ !GEOMETRY! -------------------------
    Number of atoms:    41 
    Geometry Index:     1 
    Coordinates:
               0 C     -3.766486000000   -1.547749000000   -1.622631000000
               1 C     -3.075660000000   -0.601168000000   -0.658955000000
               2 C     -2.072020000000   -1.024451000000    0.076955000000
               3 C     -1.659571000000   -2.465839000000   -0.091856000000
               4 C     -1.337552000000   -0.131189000000    1.028896000000
               5 C     -1.985268000000    1.174460000000    1.160994000000
               6 C     -1.335943000000    2.285919000000    0.880470000000
               7 C      0.048051000000    2.312016000000    0.434798000000
               8 C      0.687969000000    1.114777000000    0.316030000000
               9 O      0.020123000000   -0.032741000000    0.616974000000
              10 C      2.017725000000    1.133531000000   -0.115460000000
              11 C      2.656841000000    2.317999000000   -0.409206000000
              12 N      2.003599000000    3.487302000000   -0.283825000000
              13 C      0.719866000000    3.475919000000    0.132110000000
              14 O      0.101933000000    4.560498000000    0.252292000000
              15 C      2.695629000000   -0.133747000000   -0.241643000000
              16 C      2.113651000000   -1.233291000000   -0.838099000000
              17 C      2.772073000000   -2.439509000000   -0.952690000000
              18 C      4.049597000000   -2.577333000000   -0.465409000000
              19 C      4.654728000000   -1.480010000000    0.139967000000
              20 C      3.994333000000   -0.288347000000    0.249046000000
              21 C     -3.406566000000    1.250267000000    1.667634000000
              22 H     -3.123287000000   -1.684973000000   -2.493470000000
              23 H     -4.705289000000   -1.074060000000   -1.929943000000
              24 H     -3.981672000000   -2.516718000000   -1.125905000000
              25 H     -3.397907000000    0.429154000000   -0.584639000000
              26 H     -2.486470000000   -3.139745000000    0.212924000000
              27 H     -0.706308000000   -2.671308000000    0.404046000000
              28 H     -1.532620000000   -2.606897000000   -1.196954000000
              29 H     -1.324536000000   -0.612158000000    2.028663000000
              30 H     -1.868096000000    3.219092000000    0.990546000000
              31 H      3.687577000000    2.265643000000   -0.738753000000
              32 H      2.527774000000    4.356250000000   -0.517119000000
              33 H      1.091497000000   -1.172318000000   -1.243853000000
              34 H      2.325137000000   -3.309442000000   -1.418970000000
              35 H      4.615408000000   -3.486046000000   -0.522684000000
              36 H      5.662022000000   -1.549915000000    0.536676000000
              37 H      4.510567000000    0.535088000000    0.729186000000
              38 H     -3.986478000000    1.985767000000    1.110874000000
              39 H     -3.818327000000    0.244710000000    1.746801000000
              40 H     -3.386046000000    1.630559000000    2.736180000000
