-------------------------------------------------------------
----------------------- !PROPERTIES! ------------------------
-------------------------------------------------------------
# -----------------------------------------------------------
$ SCF_Energy
   description: The SCF energy
   geom. index: 1
   prop. index: 1
        SCF Energy:    -1084.7583228139
# -----------------------------------------------------------
$ DFT_Energy
   description: The DFT energy
   geom. index: 1
   prop. index: 1
   Number of Alpha Electrons                 84.0000852000 
   Number of Beta  Electrons                 84.0000852000 
   Total number of  Electrons               168.0001704000 
   Exchange energy                         -113.2282629502 
   Correlation energy                        -6.7974872714 
   Correlation energy NL                      0.0000000000 
   Exchange-Correlation energy             -120.0257502216 
   Embedding correction                       0.0000000000 
   Total DFT Energy (No VdW correction)   -1084.7583228139 
# -----------------------------------------------------------
$ Mayer_Pop
   description: The Mayer population analysis
   geom. index: 1
   prop. index: 1
     Number of atoms                     : 42
     Threshold for printing              : 0.1000000
     Number of bond orders printed       : 44
  NA   - Mulliken gross atomic population
  ZA   - Total nuclear charge
  QA   - Mulliken gross atomic charge
  VA   - Mayer's total valence
  BVA  - Mayer's bonded valence
  FA   - Mayer's free valence
  ATOM       NA         ZA         QA         VA         BVA        FA
  0   0     5.9396     6.0000     0.0604     3.9478     3.9478    -0.0000
  1   0     5.9563     6.0000     0.0437     3.9326     3.9326    -0.0000
  2   0     5.8605     6.0000     0.1395     4.2750     4.2750    -0.0000
  3   0     8.2779     8.0000    -0.2779     2.2264     2.2264    -0.0000
  4   0     7.1691     7.0000    -0.1691     3.1224     3.1224     0.0000
  5   0     5.9057     6.0000     0.0943     4.1081     4.1081    -0.0000
  6   0     5.8559     6.0000     0.1441     4.2358     4.2358     0.0000
  7   0     8.2205     8.0000    -0.2205     2.3109     2.3109    -0.0000
  8   0     7.1378     7.0000    -0.1378     3.0481     3.0481     0.0000
  9   0     8.2583     8.0000    -0.2583     2.0328     2.0328     0.0000
 10   0     5.8376     6.0000     0.1624     3.9082     3.9082     0.0000
 11   0     5.7979     6.0000     0.2021     3.7723     3.7723     0.0000
 12   0     6.0665     6.0000    -0.0665     3.9334     3.9334    -0.0000
 13   0     6.0145     6.0000    -0.0145     3.8268     3.8268    -0.0000
 14   0     7.0123     7.0000    -0.0123     3.3827     3.3827     0.0000
 15   0     5.9174     6.0000     0.0826     3.8897     3.8897     0.0000
 16   0     6.0479     6.0000    -0.0479     3.7371     3.7371    -0.0000
 17   0     5.9793     6.0000     0.0207     3.8201     3.8201     0.0000
 18   0     5.9779     6.0000     0.0221     3.8086     3.8086    -0.0000
 19   0     6.0807     6.0000    -0.0807     3.7961     3.7961    -0.0000
 20   0     5.9169     6.0000     0.0831     3.8749     3.8749    -0.0000
 21   0     8.3307     8.0000    -0.3307     2.1333     2.1333    -0.0000
 22   0     5.8188     6.0000     0.1812     3.9340     3.9340     0.0000
 23   0     0.9721     1.0000     0.0279     1.0052     1.0052     0.0000
 24   0     0.9642     1.0000     0.0358     1.0114     1.0114    -0.0000
 25   0     0.9695     1.0000     0.0305     0.9897     0.9897    -0.0000
 26   0     0.9417     1.0000     0.0583     1.0023     1.0023    -0.0000
 27   0     0.8576     1.0000     0.1424     1.0301     1.0301    -0.0000
 28   0     0.9814     1.0000     0.0186     0.9964     0.9964    -0.0000
 29   0     0.9590     1.0000     0.0410     0.9886     0.9886    -0.0000
 30   0     0.9801     1.0000     0.0199     0.9859     0.9859    -0.0000
 31   0     0.9982     1.0000     0.0018     0.9980     0.9980     0.0000
 32   0     0.9629     1.0000     0.0371     1.0128     1.0128     0.0000
 33   0     1.0288     1.0000    -0.0288     1.0196     1.0196    -0.0000
 34   0     0.8689     1.0000     0.1311     0.9884     0.9884    -0.0000
 35   0     1.0680     1.0000    -0.0680     0.9817     0.9817    -0.0000
 36   0     1.0357     1.0000    -0.0357     0.9768     0.9768     0.0000
 37   0     1.0302     1.0000    -0.0302     0.9755     0.9755    -0.0000
 38   0     1.0397     1.0000    -0.0397     0.9828     0.9828    -0.0000
 39   0     0.9908     1.0000     0.0092     1.0091     1.0091    -0.0000
 40   0     0.9768     1.0000     0.0232     0.9876     0.9876     0.0000
 41   0     0.9943     1.0000     0.0057     0.9917     0.9917     0.0000
      Bond orders larger than 0.1000000
           Atom A     A.N. of A          Atom B    A.N. of B              Bond order
                0             6               1            6                1.064462
                0             6              23            1                0.960066
                0             6              24            1                0.959047
                0             6              25            1                0.958442
                1             6               2            6                0.960830
                1             6               8            7                0.902977
                1             6              26            1                0.905333
                2             6               3            8                2.034846
                2             6               4            7                1.154410
                4             7               5            6                1.000562
                4             7              27            1                0.891643
                5             6               6            6                0.870392
                5             6              11            6                0.995352
                5             6              21            8                1.054941
                6             6               7            8                2.143535
                6             6               8            7                1.082095
                8             7               9            8                0.927569
                9             8              10            6                0.969422
               10             6              28            1                0.964282
               10             6              29            1                0.974979
               10             6              30            1                0.967309
               11             6              12            6                1.041913
               11             6              31            1                0.901347
               11             6              32            1                0.873947
               12             6              13            6                1.524483
               12             6              20            6                1.244770
               13             6              14            7                1.173879
               13             6              33            1                0.973297
               14             7              15            6                1.200279
               14             7              34            1                0.922490
               15             6              16            6                1.268650
               15             6              20            6                1.297416
               16             6              17            6                1.405138
               16             6              35            1                1.010520
               17             6              18            6                1.315516
               17             6              36            1                0.988258
               18             6              19            6                1.433261
               18             6              37            1                0.986007
               19             6              20            6                1.281732
               19             6              38            1                0.980875
               21             8              22            6                0.998632
               22             6              39            1                0.955064
               22             6              40            1                0.972649
               22             6              41            1                0.959354
# -----------------------------------------------------------
$ Calculation_Info
   description: Details of the calculation
   geom. index: 1
   prop. index: 1
     Multiplicity:                          1
     Charge:                                0
     number of atoms:                       42
     number of electrons:                   0
     number of frozen core electrons:       1
     number of correlated electrons:        0
     number of basis functions:             417
     number of aux C basis functions:       0
     number of aux J basis functions:       1336
     number of aux JK basis functions:      0
     number of aux CABS basis functions:    0
     Total Energy                           -1084.758323
# -----------------------------------------------------------
$ SCF_Electric_Properties
   description: The SCF Calculated Electric Properties
   geom. index: 1
   prop. index: 1
       Filename                          : 60.scfp 
       Do Dipole Moment Calculation      : true 
       Do Quadrupole Moment Calculation  : false 
       Do Polarizability Calculation     : true 
** Dipole moment part of electric properties **
        Magnitude of dipole moment (Debye) :        2.6036294261
        Electronic Contribution:
                  0    
      0       6.604610
      1      -1.298457
      2      -0.031367
        Nuclear Contribution:
                  0    
      0      -6.276139
      1       1.125611
      2       0.986079
        Total Dipole moment:
                  0    
      0       0.328471
      1      -0.172846
      2       0.954712
** Polarizabilities part of electric properties **
        Isotropic polarizability :        0.0000000000
        The raw cartesian tensor (atomic units):
                  0          1          2    
      0       0.000000   0.000000   0.000000
      1       0.000000   0.000000   0.000000
      2       0.000000   0.000000   0.000000
        Diagonalised polarizability tensor :
                  0    
      0       0.000000
      1       0.000000
      2       0.000000
# -------------------------------------------------------------
----------------------- !GEOMETRIES! ------------------------
# -------------------------------------------------------------
------------------------ !GEOMETRY! -------------------------
    Number of atoms:    42 
    Geometry Index:     1 
    Coordinates:
               0 C     -4.315752000000   -0.953609000000    0.444242000000
               1 C     -3.247173000000    0.100292000000    0.750590000000
               2 C     -2.151529000000   -0.413415000000    1.568826000000
               3 O     -2.354265000000   -0.565512000000    2.811996000000
               4 N     -0.867710000000   -0.743330000000    0.994161000000
               5 C     -0.676577000000   -0.747597000000   -0.420491000000
               6 C     -1.784709000000   -0.156598000000   -1.189106000000
               7 O     -1.807061000000   -0.313006000000   -2.430168000000
               8 N     -2.799948000000    0.569364000000   -0.542045000000
               9 O     -3.372527000000    1.675916000000   -1.096539000000
              10 C     -3.041444000000    2.830806000000   -0.395816000000
              11 C      0.528788000000    0.112831000000   -0.737659000000
              12 C      1.789041000000   -0.343603000000   -0.160183000000
              13 C      2.178960000000   -1.466430000000    0.496818000000
              14 N      3.490162000000   -1.366253000000    0.797121000000
              15 C      3.963962000000   -0.193021000000    0.344964000000
              16 C      5.222848000000    0.392302000000    0.386231000000
              17 C      5.450877000000    1.635878000000   -0.173613000000
              18 C      4.413592000000    2.323828000000   -0.789923000000
              19 C      3.180858000000    1.711264000000   -0.809931000000
              20 C      2.930830000000    0.467731000000   -0.256669000000
              21 O     -0.339589000000   -2.023111000000   -0.900984000000
              22 C     -1.291758000000   -2.985748000000   -0.641965000000
              23 H     -4.322142000000   -1.749422000000    1.183655000000
              24 H     -4.147646000000   -1.425304000000   -0.545083000000
              25 H     -5.326843000000   -0.470374000000    0.353073000000
              26 H     -3.812666000000    0.927742000000    1.273340000000
              27 H     -0.110754000000   -0.967061000000    1.657957000000
              28 H     -2.897299000000    2.661862000000    0.673001000000
              29 H     -3.824518000000    3.612413000000   -0.535331000000
              30 H     -2.080437000000    3.290848000000   -0.762296000000
              31 H      0.333850000000    1.169445000000   -0.429101000000
              32 H      0.659962000000    0.134880000000   -1.853322000000
              33 H      1.565890000000   -2.301117000000    0.735993000000
              34 H      4.050723000000   -2.092146000000    1.306374000000
              35 H      6.035304000000   -0.117711000000    0.854445000000
              36 H      6.405264000000    2.122786000000   -0.165384000000
              37 H      4.572177000000    3.307060000000   -1.236914000000
              38 H      2.369668000000    2.267687000000   -1.300975000000
              39 H     -2.265059000000   -2.752256000000   -1.098423000000
              40 H     -0.946543000000   -3.914597000000   -1.156235000000
              41 H     -1.358805000000   -3.253715000000    0.431387000000
