-------------------------------------------------------------
----------------------- !PROPERTIES! ------------------------
-------------------------------------------------------------
# -----------------------------------------------------------
$ SCF_Energy
   description: The SCF energy
   geom. index: 1
   prop. index: 1
        SCF Energy:    -2081.9465756954
# -----------------------------------------------------------
$ DFT_Energy
   description: The DFT energy
   geom. index: 1
   prop. index: 1
   Number of Alpha Electrons                121.9999967046 
   Number of Beta  Electrons                121.9999967046 
   Total number of  Electrons               243.9999934092 
   Exchange energy                         -184.1434525046 
   Correlation energy                       -10.2347686467 
   Correlation energy NL                      0.0000000000 
   Exchange-Correlation energy             -194.3782211512 
   Embedding correction                       0.0000000000 
   Total DFT Energy (No VdW correction)   -2081.9465756954 
# -----------------------------------------------------------
$ Mayer_Pop
   description: The Mayer population analysis
   geom. index: 1
   prop. index: 1
     Number of atoms                     : 48
     Threshold for printing              : 0.1000000
     Number of bond orders printed       : 50
  NA   - Mulliken gross atomic population
  ZA   - Total nuclear charge
  QA   - Mulliken gross atomic charge
  VA   - Mayer's total valence
  BVA  - Mayer's bonded valence
  FA   - Mayer's free valence
  ATOM       NA         ZA         QA         VA         BVA        FA
  0   0     6.0531     6.0000    -0.0531     3.8778     3.8778     0.0000
  1   0    15.2024    16.0000     0.7976     5.1662     5.1662     0.0000
  2   0     8.4928     8.0000    -0.4928     1.8878     1.8878     0.0000
  3   0     8.4839     8.0000    -0.4839     1.8966     1.8966    -0.0000
  4   0     7.3319     7.0000    -0.3319     2.9776     2.9776    -0.0000
  5   0     5.8364     6.0000     0.1636     3.8705     3.8705    -0.0000
  6   0     5.8559     6.0000     0.1441     3.9993     3.9993     0.0000
  7   0     5.9488     6.0000     0.0512     3.8166     3.8166    -0.0000
  8   0     6.0325     6.0000    -0.0325     3.9552     3.9552     0.0000
  9   0     6.0622     6.0000    -0.0622     3.8269     3.8269     0.0000
 10   0     5.7304     6.0000     0.2696     3.8382     3.8382     0.0000
 11   0     5.9914     6.0000     0.0086     3.8618     3.8618     0.0000
 12   0     6.0222     6.0000    -0.0222     3.8361     3.8361     0.0000
 13   0     8.2860     8.0000    -0.2860     2.1789     2.1789     0.0000
 14   0     5.4343     6.0000     0.5657     4.2173     4.2173    -0.0000
 15   0     9.2217     9.0000    -0.2217     1.1250     1.1250     0.0000
 16   0     9.2258     9.0000    -0.2258     1.1148     1.1148     0.0000
 17   0     7.2003     7.0000    -0.2003     3.1699     3.1699     0.0000
 18   0     5.9088     6.0000     0.0912     4.2264     4.2264     0.0000
 19   0     7.1212     7.0000    -0.1212     3.1161     3.1161     0.0000
 20   0     5.9247     6.0000     0.0753     4.0051     4.0051     0.0000
 21   0     6.0660     6.0000    -0.0660     3.7811     3.7811     0.0000
 22   0     5.9065     6.0000     0.0935     4.0076     4.0076     0.0000
 23   0     7.1555     7.0000    -0.1555     3.1222     3.1222    -0.0000
 24   0     5.8500     6.0000     0.1500     3.9887     3.9887    -0.0000
 25   0     7.1480     7.0000    -0.1480     2.9746     2.9746     0.0000
 26   0     7.1048     7.0000    -0.1048     2.9513     2.9513     0.0000
 27   0     5.9975     6.0000     0.0025     3.9828     3.9828     0.0000
 28   0     8.1287     8.0000    -0.1287     2.4517     2.4517    -0.0000
 29   0     5.4357     6.0000     0.5643     4.1205     4.1205    -0.0000
 30   0     9.2240     9.0000    -0.2240     1.1242     1.1242     0.0000
 31   0     9.2192     9.0000    -0.2192     1.1313     1.1313     0.0000
 32   0     0.9036     1.0000     0.0964     1.0066     1.0066     0.0000
 33   0     0.9278     1.0000     0.0722     1.0032     1.0032    -0.0000
 34   0     0.9333     1.0000     0.0667     0.9988     0.9988    -0.0000
 35   0     0.8581     1.0000     0.1419     0.9996     0.9996     0.0000
 36   0     0.9676     1.0000     0.0324     1.0242     1.0242     0.0000
 37   0     0.9800     1.0000     0.0200     1.0463     1.0463    -0.0000
 38   0     0.9893     1.0000     0.0107     1.0044     1.0044     0.0000
 39   0     1.0206     1.0000    -0.0206     0.9866     0.9866    -0.0000
 40   0     1.0383     1.0000    -0.0383     0.9875     0.9875    -0.0000
 41   0     1.0127     1.0000    -0.0127     0.9957     0.9957     0.0000
 42   0     1.0308     1.0000    -0.0308     1.0032     1.0032     0.0000
 43   0     0.9836     1.0000     0.0164     1.0000     1.0000     0.0000
 44   0     0.8362     1.0000     0.1638     1.0014     1.0014     0.0000
 45   0     0.9806     1.0000     0.0194     0.9982     0.9982     0.0000
 46   0     0.9693     1.0000     0.0307     1.0122     1.0122     0.0000
 47   0     0.9655     1.0000     0.0345     1.0023     1.0023     0.0000
      Bond orders larger than 0.1000000
           Atom A     A.N. of A          Atom B    A.N. of B              Bond order
                0             6               1           16                0.881358
                0             6              32            1                0.942489
                0             6              33            1                0.943272
                0             6              34            1                0.946654
                1            16               2            8                1.645177
                1            16               3            8                1.629388
                1            16               4            7                0.897573
                4             7               5            6                0.959528
                4             7              35            1                0.900929
                5             6               6            6                1.057823
                5             6              36            1                0.908236
                5             6              37            1                0.917159
                6             6               7            6                0.978357
                6             6              17            7                0.965201
                6             6              38            1                0.895857
                7             6               8            6                1.445349
                7             6              12            6                1.334294
                8             6               9            6                1.361423
                8             6              39            1                0.978242
                9             6              10            6                1.338483
                9             6              40            1                0.996538
               10             6              11            6                1.363396
               10             6              13            8                1.017823
               11             6              12            6                1.389823
               11             6              41            1                0.994186
               12             6              42            1                0.981895
               13             8              14            6                1.067112
               14             6              15            9                1.077329
               14             6              16            9                1.067485
               14             6              43            1                0.949943
               17             7              18            6                1.176936
               17             7              44            1                0.898169
               18             6              19            7                1.421701
               18             6              23            7                1.407944
               19             7              20            6                1.566766
               20             6              21            6                1.328475
               20             6              45            1                0.978082
               21             6              22            6                1.363984
               21             6              24            6                1.020356
               22             6              23            7                1.519357
               22             6              46            1                0.971666
               24             6              25            7                1.603906
               24             6              28            8                1.211336
               25             7              26            7                1.244090
               26             7              27            6                1.593382
               27             6              28            8                1.171842
               27             6              29            6                1.009116
               29             6              30            9                1.064148
               29             6              31            9                1.076395
               29             6              47            1                0.945760
# -----------------------------------------------------------
$ Calculation_Info
   description: Details of the calculation
   geom. index: 1
   prop. index: 1
     Multiplicity:                          1
     Charge:                                0
     number of atoms:                       48
     number of electrons:                   0
     number of frozen core electrons:       1
     number of correlated electrons:        0
     number of basis functions:             532
     number of aux C basis functions:       0
     number of aux J basis functions:       1746
     number of aux JK basis functions:      0
     number of aux CABS basis functions:    0
     Total Energy                           -2081.946576
# -----------------------------------------------------------
$ SCF_Electric_Properties
   description: The SCF Calculated Electric Properties
   geom. index: 1
   prop. index: 1
       Filename                          : 248.scfp 
       Do Dipole Moment Calculation      : true 
       Do Quadrupole Moment Calculation  : false 
       Do Polarizability Calculation     : true 
** Dipole moment part of electric properties **
        Magnitude of dipole moment (Debye) :        6.7225830210
        Electronic Contribution:
                  0    
      0      12.209063
      1      16.595067
      2       5.626987
        Nuclear Contribution:
                  0    
      0     -10.275049
      1     -14.861923
      2      -6.127829
        Total Dipole moment:
                  0    
      0       1.934014
      1       1.733144
      2      -0.500843
** Polarizabilities part of electric properties **
        Isotropic polarizability :      273.6530080842
        The raw cartesian tensor (atomic units):
                  0          1          2    
      0     428.715146  -1.900792 -20.426884
      1      -1.900792 188.706028   9.437499
      2     -20.426884   9.437499 203.537850
        Diagonalised polarizability tensor :
                  0    
      0     183.892358
      1     206.482443
      2     430.584223
# -------------------------------------------------------------
----------------------- !GEOMETRIES! ------------------------
# -------------------------------------------------------------
------------------------ !GEOMETRY! -------------------------
    Number of atoms:    48 
    Geometry Index:     1 
    Coordinates:
               0 C      0.691729000000   -3.955541000000   -0.091140000000
               1 S     -0.997040000000   -3.707503000000    0.404952000000
               2 O     -1.247939000000   -4.587682000000    1.613494000000
               3 O     -1.876375000000   -4.194230000000   -0.708541000000
               4 N     -1.304160000000   -2.048698000000    0.774643000000
               5 C     -1.070443000000   -1.283709000000   -0.416105000000
               6 C     -1.306518000000    0.198745000000   -0.224906000000
               7 C     -2.697736000000    0.484792000000    0.184835000000
               8 C     -3.634126000000    0.875508000000   -0.737347000000
               9 C     -4.958832000000    1.152201000000   -0.373500000000
              10 C     -5.337848000000    1.033176000000    0.928472000000
              11 C     -4.398911000000    0.634941000000    1.892228000000
              12 C     -3.101165000000    0.370717000000    1.494443000000
              13 O     -6.627431000000    1.295024000000    1.327958000000
              14 C     -7.690956000000    1.696226000000    0.537319000000
              15 F     -8.747293000000    0.783737000000    0.603920000000
              16 F     -8.157137000000    2.904368000000    1.069810000000
              17 N     -0.375516000000    0.805540000000    0.696166000000
              18 C      1.012752000000    0.815620000000    0.396226000000
              19 N      1.909876000000    1.378775000000    1.251496000000
              20 C      3.220455000000    1.386000000000    0.953360000000
              21 C      3.715773000000    0.835738000000   -0.208773000000
              22 C      2.803032000000    0.268412000000   -1.068245000000
              23 N      1.501275000000    0.282180000000   -0.732360000000
              24 C      5.142767000000    0.845961000000   -0.528891000000
              25 N      5.714716000000    0.336058000000   -1.633118000000
              26 N      7.042004000000    0.531064000000   -1.578698000000
              27 C      7.266804000000    1.177984000000   -0.403908000000
              28 O      6.106965000000    1.343801000000    0.186911000000
              29 C      8.591451000000    1.630463000000    0.139998000000
              30 F      8.717376000000    1.013283000000    1.376974000000
              31 F      8.511446000000    2.997428000000    0.335491000000
              32 H      0.778640000000   -5.037064000000   -0.365455000000
              33 H      0.974289000000   -3.364727000000   -0.962407000000
              34 H      1.374182000000   -3.820889000000    0.780411000000
              35 H     -0.650746000000   -1.790842000000    1.550917000000
              36 H     -1.831220000000   -1.617728000000   -1.167771000000
              37 H     -0.102393000000   -1.427404000000   -0.886290000000
              38 H     -1.169367000000    0.642556000000   -1.256464000000
              39 H     -3.346887000000    0.976321000000   -1.788098000000
              40 H     -5.605742000000    1.447843000000   -1.165996000000
              41 H     -4.752742000000    0.556660000000    2.909312000000
              42 H     -2.413101000000    0.066840000000    2.273469000000
              43 H     -7.440521000000    1.807254000000   -0.519901000000
              44 H     -0.748882000000    1.237274000000    1.589345000000
              45 H      3.962861000000    1.832530000000    1.624109000000
              46 H      3.158226000000   -0.177294000000   -1.998608000000
              47 H      9.394409000000    1.368294000000   -0.549176000000
