-------------------------------------------------------------
----------------------- !PROPERTIES! ------------------------
-------------------------------------------------------------
# -----------------------------------------------------------
$ SCF_Energy
   description: The SCF energy
   geom. index: 1
   prop. index: 1
        SCF Energy:    -2712.6972444137
# -----------------------------------------------------------
$ DFT_Energy
   description: The DFT energy
   geom. index: 1
   prop. index: 1
   Number of Alpha Electrons                176.9998507667 
   Number of Beta  Electrons                176.9998507667 
   Total number of  Electrons               353.9997015334 
   Exchange energy                         -248.0471972869 
   Correlation energy                       -14.3912080894 
   Correlation energy NL                      0.0000000000 
   Exchange-Correlation energy             -262.4384053763 
   Embedding correction                       0.0000000000 
   Total DFT Energy (No VdW correction)   -2712.6972444137 
# -----------------------------------------------------------
$ Mayer_Pop
   description: The Mayer population analysis
   geom. index: 1
   prop. index: 1
     Number of atoms                     : 92
     Threshold for printing              : 0.1000000
     Number of bond orders printed       : 97
  NA   - Mulliken gross atomic population
  ZA   - Total nuclear charge
  QA   - Mulliken gross atomic charge
  VA   - Mayer's total valence
  BVA  - Mayer's bonded valence
  FA   - Mayer's free valence
  ATOM       NA         ZA         QA         VA         BVA        FA
  0   0     5.8877     6.0000     0.1123     3.9380     3.9380     0.0000
  1   0     6.1569     6.0000    -0.1569     4.0770     4.0770     0.0000
  2   0     6.0202     6.0000    -0.0202     3.9010     3.9010     0.0000
  3   0     6.2320     6.0000    -0.2320     4.3631     4.3631     0.0000
  4   0     5.7166     6.0000     0.2834     3.8117     3.8117     0.0000
  5   0     6.1775     6.0000    -0.1775     4.1970     4.1970     0.0000
  6   0     7.0851     7.0000    -0.0851     3.1108     3.1108     0.0000
  7   0     6.1601     6.0000    -0.1601     4.1224     4.1224     0.0000
  8   0     5.9478     6.0000     0.0522     4.0575     4.0575    -0.0000
  9   0     8.2375     8.0000    -0.2375     2.2579     2.2579     0.0000
 10   0     6.0394     6.0000    -0.0394     3.9581     3.9581    -0.0000
 11   0     6.0688     6.0000    -0.0688     3.8997     3.8997     0.0000
 12   0    15.9331    16.0000     0.0669     2.3975     2.3975     0.0000
 13   0     5.9133     6.0000     0.0867     3.9719     3.9719     0.0000
 14   0     5.9147     6.0000     0.0853     4.0525     4.0525    -0.0000
 15   0     6.0632     6.0000    -0.0632     4.0405     4.0405     0.0000
 16   0     6.0469     6.0000    -0.0469     3.9040     3.9040     0.0000
 17   0     6.1239     6.0000    -0.1239     4.1988     4.1988     0.0000
 18   0     7.1190     7.0000    -0.1190     3.1036     3.1036    -0.0000
 19   0     6.1752     6.0000    -0.1752     4.1067     4.1067    -0.0000
 20   0     5.9109     6.0000     0.0891     4.1011     4.1011     0.0000
 21   0     8.2478     8.0000    -0.2478     2.2637     2.2637     0.0000
 22   0     5.8786     6.0000     0.1214     3.9256     3.9256    -0.0000
 23   0     5.8737     6.0000     0.1263     3.9116     3.9116     0.0000
 24   0     5.8144     6.0000     0.1856     3.8340     3.8340     0.0000
 25   0     6.1440     6.0000    -0.1440     4.2947     4.2947     0.0000
 26   0     6.0784     6.0000    -0.0784     3.8699     3.8699    -0.0000
 27   0     6.1137     6.0000    -0.1137     4.0767     4.0767    -0.0000
 28   0     5.9259     6.0000     0.0741     4.1009     4.1009    -0.0000
 29   0     8.2487     8.0000    -0.2487     2.2511     2.2511     0.0000
 30   0     6.2083     6.0000    -0.2083     4.1576     4.1576     0.0000
 31   0     7.1333     7.0000    -0.1333     3.0679     3.0679    -0.0000
 32   0     5.9160     6.0000     0.0840     3.9192     3.9192    -0.0000
 33   0     5.8367     6.0000     0.1633     3.9097     3.9097    -0.0000
 34   0     5.9021     6.0000     0.0979     3.9476     3.9476     0.0000
 35   0    15.9303    16.0000     0.0697     2.3559     2.3559     0.0000
 36   0     5.8613     6.0000     0.1387     3.8660     3.8660    -0.0000
 37   0     5.8759     6.0000     0.1241     3.9128     3.9128     0.0000
 38   0     5.9002     6.0000     0.0998     3.9249     3.9249    -0.0000
 39   0     7.1542     7.0000    -0.1542     3.0423     3.0423    -0.0000
 40   0     6.2182     6.0000    -0.2182     4.1519     4.1519    -0.0000
 41   0     5.9133     6.0000     0.0867     4.1322     4.1322     0.0000
 42   0     8.2336     8.0000    -0.2336     2.2770     2.2770    -0.0000
 43   0     5.8660     6.0000     0.1340     3.8989     3.8989     0.0000
 44   0     5.8616     6.0000     0.1384     3.9017     3.9017     0.0000
 45   0     5.8532     6.0000     0.1468     3.8172     3.8172    -0.0000
 46   0     0.9822     1.0000     0.0178     1.0097     1.0097     0.0000
 47   0     0.9638     1.0000     0.0362     0.9918     0.9918     0.0000
 48   0     0.9608     1.0000     0.0392     1.0074     1.0074     0.0000
 49   0     1.0206     1.0000    -0.0206     1.0235     1.0235     0.0000
 50   0     0.9808     1.0000     0.0192     1.0036     1.0036     0.0000
 51   0     0.9565     1.0000     0.0435     1.0105     1.0105    -0.0000
 52   0     0.9805     1.0000     0.0195     1.0076     1.0076    -0.0000
 53   0     1.0036     1.0000    -0.0036     1.0039     1.0039     0.0000
 54   0     0.9781     1.0000     0.0219     0.9877     0.9877    -0.0000
 55   0     0.9837     1.0000     0.0163     1.0063     1.0063     0.0000
 56   0     0.9664     1.0000     0.0336     1.0117     1.0117     0.0000
 57   0     0.9974     1.0000     0.0026     0.9949     0.9949    -0.0000
 58   0     0.9744     1.0000     0.0256     1.0253     1.0253    -0.0000
 59   0     0.9919     1.0000     0.0081     0.9979     0.9979     0.0000
 60   0     0.9779     1.0000     0.0221     1.0208     1.0208    -0.0000
 61   0     0.9818     1.0000     0.0182     1.0341     1.0341    -0.0000
 62   0     0.9664     1.0000     0.0336     1.0016     1.0016     0.0000
 63   0     0.8955     1.0000     0.1045     1.0083     1.0083    -0.0000
 64   0     0.9715     1.0000     0.0285     1.0008     1.0008     0.0000
 65   0     0.9939     1.0000     0.0061     1.0074     1.0074     0.0000
 66   0     0.9808     1.0000     0.0192     0.9992     0.9992     0.0000
 67   0     0.9964     1.0000     0.0036     1.0057     1.0057     0.0000
 68   0     1.0026     1.0000    -0.0026     1.0012     1.0012     0.0000
 69   0     0.9921     1.0000     0.0079     1.0130     1.0130     0.0000
 70   0     0.9767     1.0000     0.0233     1.0065     1.0065     0.0000
 71   0     0.9700     1.0000     0.0300     0.9887     0.9887     0.0000
 72   0     0.9715     1.0000     0.0285     1.0001     1.0001    -0.0000
 73   0     1.0012     1.0000    -0.0012     1.0015     1.0015    -0.0000
 74   0     0.9854     1.0000     0.0146     1.0167     1.0167    -0.0000
 75   0     0.9895     1.0000     0.0105     1.0049     1.0049    -0.0000
 76   0     0.9844     1.0000     0.0156     1.0136     1.0136     0.0000
 77   0     0.9773     1.0000     0.0227     1.0028     1.0028     0.0000
 78   0     0.9795     1.0000     0.0205     1.0153     1.0153    -0.0000
 79   0     0.9883     1.0000     0.0117     1.0031     1.0031    -0.0000
 80   0     0.9634     1.0000     0.0366     1.0175     1.0175    -0.0000
 81   0     0.9855     1.0000     0.0145     0.9991     0.9991    -0.0000
 82   0     0.8943     1.0000     0.1057     1.0089     1.0089    -0.0000
 83   0     0.9737     1.0000     0.0263     1.0173     1.0173    -0.0000
 84   0     1.0218     1.0000    -0.0218     1.0097     1.0097    -0.0000
 85   0     0.9878     1.0000     0.0122     0.9981     0.9981     0.0000
 86   0     0.9880     1.0000     0.0120     0.9933     0.9933     0.0000
 87   0     0.9955     1.0000     0.0045     1.0005     1.0005     0.0000
 88   0     0.9897     1.0000     0.0103     1.0111     1.0111    -0.0000
 89   0     0.9815     1.0000     0.0185     1.0122     1.0122     0.0000
 90   0     0.9754     1.0000     0.0246     1.0018     1.0018    -0.0000
 91   0     1.0008     1.0000    -0.0008     1.0114     1.0114    -0.0000
      Bond orders larger than 0.1000000
           Atom A     A.N. of A          Atom B    A.N. of B              Bond order
                0             6               1            6                1.089132
                0             6              46            1                0.934746
                0             6              47            1                0.950266
                0             6              48            1                0.933218
                1             6               2            6                1.805005
                1             6              41            6                1.029565
                2             6               3            6                0.963632
                2             6              12           16                1.001347
                3             6               4            6                1.028081
                3             6              39            7                1.072709
                3             6              45            6                1.038164
                4             6               5            6                1.049690
                4             6              49            1                0.891428
                4             6              50            1                0.890606
                5             6               6            7                1.904776
                5             6              11            6                1.029884
                6             7               7            6                1.033202
                7             6               8            6                0.911254
                7             6              37            6                1.042213
                7             6              38            6                1.037761
                8             6               9            8                2.019397
                8             6              10            6                1.037728
               10             6              11            6                1.703504
               10             6              13            6                1.058756
               11             6              12           16                1.015430
               13             6              14            6                1.090999
               13             6              51            1                0.886329
               13             6              52            1                0.883171
               14             6              15            6                1.096901
               14             6              53            1                0.893666
               14             6              54            1                0.881665
               15             6              16            6                1.742777
               15             6              20            6                1.015025
               16             6              17            6                1.042267
               16             6              35           16                1.002334
               17             6              18            7                1.902650
               17             6              24            6                1.065811
               18             7              19            6                1.026182
               19             6              20            6                0.911177
               19             6              22            6                1.035666
               19             6              23            6                1.036045
               20             6              21            8                2.068400
               22             6              55            1                0.948891
               22             6              56            1                0.957316
               22             6              57            1                0.955092
               23             6              58            1                0.946204
               23             6              59            1                0.953764
               23             6              60            1                0.953007
               24             6              25            6                1.026267
               24             6              61            1                0.887413
               24             6              62            1                0.878882
               25             6              26            6                0.950721
               25             6              31            7                1.093436
               25             6              36            6                1.027538
               26             6              27            6                1.802179
               26             6              35           16                1.018497
               27             6              28            6                1.011957
               27             6              34            6                1.131979
               28             6              29            8                2.093411
               28             6              30            6                0.906336
               30             6              31            7                1.039345
               30             6              32            6                1.032951
               30             6              33            6                1.053205
               31             7              63            1                0.922612
               32             6              64            1                0.952500
               32             6              65            1                0.955095
               32             6              66            1                0.958129
               33             6              67            1                0.948879
               33             6              68            1                0.944210
               33             6              69            1                0.944635
               34             6              70            1                0.940907
               34             6              71            1                0.934903
               34             6              72            1                0.934369
               36             6              73            1                0.946396
               36             6              74            1                0.945209
               36             6              75            1                0.950388
               37             6              76            1                0.956014
               37             6              77            1                0.954380
               37             6              78            1                0.945264
               38             6              79            1                0.954296
               38             6              80            1                0.947482
               38             6              81            1                0.955552
               39             7              40            6                1.042623
               39             7              82            1                0.915951
               40             6              41            6                0.902217
               40             6              43            6                1.060089
               40             6              44            6                1.033823
               41             6              42            8                2.126557
               43             6              83            1                0.946313
               43             6              84            1                0.946877
               43             6              85            1                0.952587
               44             6              86            1                0.955249
               44             6              87            1                0.954127
               44             6              88            1                0.955313
               45             6              89            1                0.930811
               45             6              90            1                0.944445
               45             6              91            1                0.944355
# -----------------------------------------------------------
$ Calculation_Info
   description: Details of the calculation
   geom. index: 1
   prop. index: 1
     Multiplicity:                          1
     Charge:                                0
     number of atoms:                       92
     number of electrons:                   0
     number of frozen core electrons:       1
     number of correlated electrons:        0
     number of basis functions:             882
     number of aux C basis functions:       0
     number of aux J basis functions:       2764
     number of aux JK basis functions:      0
     number of aux CABS basis functions:    0
     Total Energy                           -2712.697244
# -----------------------------------------------------------
$ SCF_Electric_Properties
   description: The SCF Calculated Electric Properties
   geom. index: 1
   prop. index: 1
       Filename                          : 167.scfp 
       Do Dipole Moment Calculation      : true 
       Do Quadrupole Moment Calculation  : false 
       Do Polarizability Calculation     : true 
** Dipole moment part of electric properties **
        Magnitude of dipole moment (Debye) :        1.9890924803
        Electronic Contribution:
                  0    
      0       1.222311
      1       2.937905
      2       9.388611
        Nuclear Contribution:
                  0    
      0      -1.066374
      1      -2.884415
      2     -10.153602
        Total Dipole moment:
                  0    
      0       0.155937
      1       0.053491
      2      -0.764992
** Polarizabilities part of electric properties **
        Isotropic polarizability :      483.6312814111
        The raw cartesian tensor (atomic units):
                  0          1          2    
      0     601.911602  28.234638  42.738907
      1      28.234638 453.381174  10.311361
      2      42.738907  10.311361 395.601068
        Diagonalised polarizability tensor :
                  0    
      0     386.759684
      1     448.285434
      2     615.848726
# -------------------------------------------------------------
----------------------- !GEOMETRIES! ------------------------
# -------------------------------------------------------------
------------------------ !GEOMETRY! -------------------------
    Number of atoms:    92 
    Geometry Index:     1 
    Coordinates:
               0 C      5.232054000000    1.495324000000    3.439315000000
               1 C      5.620492000000    1.343331000000    1.995203000000
               2 C      4.725251000000    1.140149000000    1.065979000000
               3 C      5.144354000000    0.996167000000   -0.348023000000
               4 C      3.963678000000    1.326734000000   -1.261992000000
               5 C      2.901662000000    0.278870000000   -1.182346000000
               6 N      2.541374000000   -0.366058000000   -2.247617000000
               7 C      1.530252000000   -1.376141000000   -2.225921000000
               8 C      0.935603000000   -1.607940000000   -0.877254000000
               9 O      0.053317000000   -2.479708000000   -0.815576000000
              10 C      1.341274000000   -0.881053000000    0.301966000000
              11 C      2.300436000000    0.026822000000    0.115613000000
              12 S      2.960780000000    1.015924000000    1.488413000000
              13 C      0.825155000000   -1.056181000000    1.651173000000
              14 C     -0.580398000000   -0.704041000000    1.926542000000
              15 C     -1.648387000000   -1.435705000000    1.268501000000
              16 C     -2.437834000000   -0.843377000000    0.407861000000
              17 C     -3.494531000000   -1.571657000000   -0.241049000000
              18 N     -3.669535000000   -2.831730000000    0.031645000000
              19 C     -2.897071000000   -3.607378000000    0.942886000000
              20 C     -1.834845000000   -2.851642000000    1.638213000000
              21 O     -1.109797000000   -3.394573000000    2.518585000000
              22 C     -3.759452000000   -4.260504000000    2.019319000000
              23 C     -2.196266000000   -4.708623000000    0.132159000000
              24 C     -4.378855000000   -0.959594000000   -1.216764000000
              25 C     -4.898596000000    0.406562000000   -0.966066000000
              26 C     -4.017936000000    1.327208000000   -0.247490000000
              27 C     -4.473827000000    2.447010000000    0.250446000000
              28 C     -5.918953000000    2.698550000000    0.034073000000
              29 O     -6.301375000000    3.906052000000   -0.146190000000
              30 C     -6.811010000000    1.546270000000    0.041829000000
              31 N     -6.233933000000    0.366684000000   -0.440239000000
              32 C     -7.220236000000    1.286997000000    1.505625000000
              33 C     -8.101560000000    1.940375000000   -0.654346000000
              34 C     -3.651932000000    3.427437000000    0.975524000000
              35 S     -2.323085000000    0.887947000000   -0.038212000000
              36 C     -5.061020000000    1.037719000000   -2.372947000000
              37 C      0.456595000000   -1.147204000000   -3.263439000000
              38 C      2.244134000000   -2.694630000000   -2.566299000000
              39 N      6.231781000000    1.891090000000   -0.682199000000
              40 C      7.324651000000    1.888013000000    0.226114000000
              41 C      7.016302000000    1.406769000000    1.588790000000
              42 O      7.913519000000    1.052087000000    2.405266000000
              43 C      8.520193000000    1.111783000000   -0.295103000000
              44 C      7.786104000000    3.347828000000    0.360506000000
              45 C      5.584257000000   -0.408354000000   -0.696013000000
              46 H      4.170321000000    1.218753000000    3.521779000000
              47 H      5.482717000000    2.489824000000    3.813378000000
              48 H      5.803424000000    0.715916000000    3.985758000000
              49 H      4.333566000000    1.484737000000   -2.280355000000
              50 H      3.527842000000    2.283960000000   -0.896387000000
              51 H      1.087666000000   -2.106399000000    1.954204000000
              52 H      1.447427000000   -0.441259000000    2.373886000000
              53 H     -0.693277000000    0.394485000000    1.651494000000
              54 H     -0.816318000000   -0.691043000000    3.027246000000
              55 H     -4.695664000000   -4.639866000000    1.569732000000
              56 H     -3.161180000000   -5.087781000000    2.432229000000
              57 H     -3.971548000000   -3.490047000000    2.781245000000
              58 H     -1.265629000000   -4.959534000000    0.662781000000
              59 H     -2.891497000000   -5.586894000000    0.087574000000
              60 H     -1.958471000000   -4.340042000000   -0.875726000000
              61 H     -5.278814000000   -1.624952000000   -1.418716000000
              62 H     -3.832782000000   -1.017146000000   -2.213362000000
              63 H     -6.425640000000   -0.471898000000    0.149056000000
              64 H     -7.413705000000    2.228684000000    2.042081000000
              65 H     -6.471324000000    0.647153000000    2.004395000000
              66 H     -8.160146000000    0.717040000000    1.459466000000
              67 H     -8.641062000000    2.614987000000    0.047304000000
              68 H     -8.761719000000    1.086460000000   -0.857871000000
              69 H     -7.851935000000    2.544569000000   -1.546241000000
              70 H     -4.243780000000    4.201010000000    1.475868000000
              71 H     -2.978290000000    3.961656000000    0.254031000000
              72 H     -2.960588000000    2.940974000000    1.717366000000
              73 H     -4.028661000000    1.192251000000   -2.737498000000
              74 H     -5.544625000000    2.013666000000   -2.304830000000
              75 H     -5.635316000000    0.372169000000   -3.029674000000
              76 H     -0.440314000000   -0.722824000000   -2.803284000000
              77 H      0.197456000000   -2.140105000000   -3.732719000000
              78 H      0.888487000000   -0.536595000000   -4.072667000000
              79 H      3.235852000000   -2.734792000000   -2.060321000000
              80 H      1.662913000000   -3.564601000000   -2.216039000000
              81 H      2.402110000000   -2.774134000000   -3.644248000000
              82 H      6.535180000000    1.787370000000   -1.662603000000
              83 H      8.685936000000    0.189248000000    0.317347000000
              84 H      8.318207000000    0.854914000000   -1.334207000000
              85 H      9.449270000000    1.708849000000   -0.216377000000
              86 H      8.865734000000    3.368307000000    0.641702000000
              87 H      7.234155000000    3.860568000000    1.173876000000
              88 H      7.651358000000    3.870775000000   -0.605970000000
              89 H      4.673249000000   -1.026675000000   -0.857150000000
              90 H      6.236794000000   -0.842896000000    0.090015000000
              91 H      6.099835000000   -0.362448000000   -1.676687000000
