-------------------------------------------------------------
----------------------- !PROPERTIES! ------------------------
-------------------------------------------------------------
# -----------------------------------------------------------
$ SCF_Energy
   description: The SCF energy
   geom. index: 1
   prop. index: 1
        SCF Energy:    -1510.7247105823
# -----------------------------------------------------------
$ DFT_Energy
   description: The DFT energy
   geom. index: 1
   prop. index: 1
   Number of Alpha Electrons                108.0000542462 
   Number of Beta  Electrons                108.0000542462 
   Total number of  Electrons               216.0001084924 
   Exchange energy                         -151.5930555257 
   Correlation energy                        -8.8626979547 
   Correlation energy NL                      0.0000000000 
   Exchange-Correlation energy             -160.4557534804 
   Embedding correction                       0.0000000000 
   Total DFT Energy (No VdW correction)   -1510.7247105823 
# -----------------------------------------------------------
$ Mayer_Pop
   description: The Mayer population analysis
   geom. index: 1
   prop. index: 1
     Number of atoms                     : 47
     Threshold for printing              : 0.1000000
     Number of bond orders printed       : 51
  NA   - Mulliken gross atomic population
  ZA   - Total nuclear charge
  QA   - Mulliken gross atomic charge
  VA   - Mayer's total valence
  BVA  - Mayer's bonded valence
  FA   - Mayer's free valence
  ATOM       NA         ZA         QA         VA         BVA        FA
  0   0     6.0384     6.0000    -0.0384     3.9752     3.9752     0.0000
  1   0     6.0141     6.0000    -0.0141     3.9744     3.9744     0.0000
  2   0     6.0837     6.0000    -0.0837     3.8643     3.8643    -0.0000
  3   0     5.8298     6.0000     0.1702     4.2805     4.2805     0.0000
  4   0     8.2868     8.0000    -0.2868     2.2333     2.2333    -0.0000
  5   0     7.2146     7.0000    -0.2146     3.1854     3.1854    -0.0000
  6   0     5.8032     6.0000     0.1968     3.9624     3.9624    -0.0000
  7   0     5.9521     6.0000     0.0479     3.9435     3.9435    -0.0000
  8   0     5.9448     6.0000     0.0552     3.8015     3.8015    -0.0000
  9   0     6.0147     6.0000    -0.0147     3.8310     3.8310     0.0000
 10   0     6.0554     6.0000    -0.0554     3.7995     3.7995    -0.0000
 11   0     5.6832     6.0000     0.3168     3.8435     3.8435     0.0000
 12   0     6.0419     6.0000    -0.0419     3.7933     3.7933    -0.0000
 13   0     6.0231     6.0000    -0.0231     3.8421     3.8421    -0.0000
 14   0     9.2182     9.0000    -0.2182     1.1418     1.1418    -0.0000
 15   0     7.1641     7.0000    -0.1641     3.2077     3.2077     0.0000
 16   0     5.9175     6.0000     0.0825     4.2311     4.2311    -0.0000
 17   0     7.1284     7.0000    -0.1284     3.1073     3.1073     0.0000
 18   0     5.9052     6.0000     0.0948     4.0296     4.0296     0.0000
 19   0     6.0629     6.0000    -0.0629     3.7661     3.7661     0.0000
 20   0     5.9179     6.0000     0.0821     4.0018     4.0018     0.0000
 21   0     7.1564     7.0000    -0.1564     3.1221     3.1221    -0.0000
 22   0     5.8549     6.0000     0.1451     3.9659     3.9659    -0.0000
 23   0     7.1344     7.0000    -0.1344     2.9800     2.9800    -0.0000
 24   0     7.1172     7.0000    -0.1172     2.9589     2.9589    -0.0000
 25   0     6.0024     6.0000    -0.0024     3.9424     3.9424    -0.0000
 26   0     8.1342     8.0000    -0.1342     2.4352     2.4352    -0.0000
 27   0     5.4410     6.0000     0.5590     4.1490     4.1490    -0.0000
 28   0     9.1959     9.0000    -0.1959     1.1591     1.1591     0.0000
 29   0     9.2155     9.0000    -0.2155     1.1362     1.1362     0.0000
 30   0     0.9640     1.0000     0.0360     0.9765     0.9765     0.0000
 31   0     0.9395     1.0000     0.0605     0.9997     0.9997    -0.0000
 32   0     0.9463     1.0000     0.0537     0.9967     0.9967     0.0000
 33   0     0.9619     1.0000     0.0381     0.9771     0.9771    -0.0000
 34   0     0.9978     1.0000     0.0022     0.9837     0.9837     0.0000
 35   0     0.8669     1.0000     0.1331     0.9890     0.9890    -0.0000
 36   0     0.9880     1.0000     0.0120     0.9964     0.9964    -0.0000
 37   0     0.9725     1.0000     0.0275     1.0400     1.0400    -0.0000
 38   0     0.9527     1.0000     0.0473     1.0333     1.0333     0.0000
 39   0     1.0192     1.0000    -0.0192     1.0023     1.0023     0.0000
 40   0     1.0122     1.0000    -0.0122     0.9890     0.9890    -0.0000
 41   0     1.0186     1.0000    -0.0186     0.9908     0.9908     0.0000
 42   0     1.0025     1.0000    -0.0025     0.9986     0.9986    -0.0000
 43   0     0.8337     1.0000     0.1663     0.9862     0.9862     0.0000
 44   0     0.9739     1.0000     0.0261     1.0163     1.0163     0.0000
 45   0     1.0095     1.0000    -0.0095     0.9948     0.9948    -0.0000
 46   0     0.9889     1.0000     0.0111     0.9927     0.9927    -0.0000
      Bond orders larger than 0.1000000
           Atom A     A.N. of A          Atom B    A.N. of B              Bond order
                0             6               1            6                1.042906
                0             6               2            6                0.959761
                0             6              30            1                0.949670
                0             6              31            1                0.951826
                1             6               2            6                0.973542
                1             6              32            1                0.944877
                1             6              33            1                0.950861
                2             6               3            6                0.997909
                2             6              34            1                0.927497
                3             6               4            8                1.977047
                3             6               5            7                1.175310
                5             7               6            6                0.999755
                5             7              35            1                0.920763
                6             6               7            6                1.048090
                6             6              36            1                0.921570
                6             6              37            1                0.917714
                7             6               8            6                0.961533
                7             6              15            7                0.978796
                7             6              38            1                0.896563
                8             6               9            6                1.394199
                8             6              13            6                1.378467
                9             6              10            6                1.341250
                9             6              39            1                0.991638
               10             6              11            6                1.363496
               10             6              40            1                0.989064
               11             6              12            6                1.341231
               11             6              14            9                1.054426
               12             6              13            6                1.360384
               12             6              41            1                0.999832
               13             6              42            1                0.976445
               15             7              16            6                1.215149
               15             7              43            1                0.906230
               16             6              17            7                1.403412
               16             6              21            7                1.373978
               17             7              18            6                1.573466
               18             6              19            6                1.341030
               18             6              44            1                0.969828
               19             6              20            6                1.330656
               19             6              22            6                1.026046
               20             6              21            7                1.544573
               20             6              45            1                0.987066
               22             6              23            7                1.576867
               22             6              25            6                0.111722
               22             6              26            8                1.194393
               23             7              24            7                1.278919
               24             7              25            6                1.570476
               25             6              26            8                1.172683
               25             6              27            6                0.993804
               27             6              28            9                1.109528
               27             6              29            9                1.086736
               27             6              46            1                0.935326
# -----------------------------------------------------------
$ Calculation_Info
   description: Details of the calculation
   geom. index: 1
   prop. index: 1
     Multiplicity:                          1
     Charge:                                0
     number of atoms:                       47
     number of electrons:                   0
     number of frozen core electrons:       1
     number of correlated electrons:        0
     number of basis functions:             505
     number of aux C basis functions:       0
     number of aux J basis functions:       1657
     number of aux JK basis functions:      0
     number of aux CABS basis functions:    0
     Total Energy                           -1510.724711
# -----------------------------------------------------------
$ SCF_Electric_Properties
   description: The SCF Calculated Electric Properties
   geom. index: 1
   prop. index: 1
       Filename                          : 221.scfp 
       Do Dipole Moment Calculation      : true 
       Do Quadrupole Moment Calculation  : false 
       Do Polarizability Calculation     : true 
** Dipole moment part of electric properties **
        Magnitude of dipole moment (Debye) :        6.6395082470
        Electronic Contribution:
                  0    
      0      53.604784
      1      -5.339832
      2       8.757862
        Nuclear Contribution:
                  0    
      0     -55.474743
      1       6.238488
      2      -7.170758
        Total Dipole moment:
                  0    
      0      -1.869959
      1       0.898656
      2       1.587104
** Polarizabilities part of electric properties **
        Isotropic polarizability :      266.8794443044
        The raw cartesian tensor (atomic units):
                  0          1          2    
      0     404.909033  30.951841  23.809773
      1      30.951841 197.629588  -5.715218
      2      23.809773  -5.715218 198.099712
        Diagonalised polarizability tensor :
                  0    
      0     185.253662
      1     203.530490
      2     411.854181
# -------------------------------------------------------------
----------------------- !GEOMETRIES! ------------------------
# -------------------------------------------------------------
------------------------ !GEOMETRY! -------------------------
    Number of atoms:    47 
    Geometry Index:     1 
    Coordinates:
               0 C     -6.153758000000    1.255923000000   -0.459010000000
               1 C     -5.864928000000    2.723531000000   -0.645887000000
               2 C     -4.904761000000    1.874980000000    0.130548000000
               3 C     -3.643590000000    1.447912000000   -0.515133000000
               4 O     -3.616292000000    1.261300000000   -1.737377000000
               5 N     -2.483271000000    1.256618000000    0.264341000000
               6 C     -1.198987000000    0.838666000000   -0.253924000000
               7 C     -1.190707000000   -0.502548000000   -0.900815000000
               8 C     -1.561502000000   -1.637102000000   -0.050989000000
               9 C     -0.638749000000   -2.354893000000    0.666382000000
              10 C     -1.094361000000   -3.410792000000    1.446418000000
              11 C     -2.430941000000   -3.727194000000    1.497608000000
              12 C     -3.379606000000   -3.022807000000    0.786569000000
              13 C     -2.917625000000   -1.982146000000    0.019811000000
              14 F     -2.849659000000   -4.767013000000    2.270471000000
              15 N     -0.014465000000   -0.716606000000   -1.693560000000
              16 C      1.312518000000   -0.444956000000   -1.339698000000
              17 N      2.353248000000   -0.713555000000   -2.184407000000
              18 C      3.625827000000   -0.436609000000   -1.868073000000
              19 C      3.937490000000    0.140331000000   -0.655925000000
              20 C      2.871261000000    0.400193000000    0.175345000000
              21 N      1.603930000000    0.114819000000   -0.161017000000
              22 C      5.323188000000    0.441404000000   -0.312529000000
              23 N      6.407973000000    0.216097000000   -1.071051000000
              24 N      7.483747000000    0.622887000000   -0.418798000000
              25 C      7.078567000000    1.117113000000    0.778368000000
              26 O      5.781781000000    0.984326000000    0.788979000000
              27 C      7.956577000000    1.690853000000    1.849414000000
              28 F      8.649491000000    2.756480000000    1.347004000000
              29 F      8.793850000000    0.680041000000    2.291850000000
              30 H     -6.953663000000    1.000416000000    0.282262000000
              31 H     -6.062492000000    0.569328000000   -1.317195000000
              32 H     -5.588805000000    3.046108000000   -1.670816000000
              33 H     -6.482754000000    3.457073000000   -0.078221000000
              34 H     -4.874030000000    2.029039000000    1.235503000000
              35 H     -2.564419000000    1.433207000000    1.303659000000
              36 H     -0.914490000000    1.606191000000   -1.015299000000
              37 H     -0.414071000000    0.917258000000    0.545455000000
              38 H     -2.051523000000   -0.406899000000   -1.699324000000
              39 H      0.429360000000   -2.145400000000    0.652649000000
              40 H     -0.341165000000   -3.971401000000    2.011922000000
              41 H     -4.425681000000   -3.286696000000    0.839567000000
              42 H     -3.663492000000   -1.415794000000   -0.555821000000
              43 H     -0.131597000000   -1.136711000000   -2.680109000000
              44 H      4.456933000000   -0.646701000000   -2.532833000000
              45 H      3.054403000000    0.849503000000    1.133442000000
              46 H      7.291238000000    1.994222000000    2.682727000000
