-------------------------------------------------------------
----------------------- !PROPERTIES! ------------------------
-------------------------------------------------------------
# -----------------------------------------------------------
$ SCF_Energy
   description: The SCF energy
   geom. index: 1
   prop. index: 1
        SCF Energy:    -1078.1256063307
# -----------------------------------------------------------
$ DFT_Energy
   description: The DFT energy
   geom. index: 1
   prop. index: 1
   Number of Alpha Electrons                 91.0001090273 
   Number of Beta  Electrons                 91.0001090273 
   Total number of  Electrons               182.0002180546 
   Exchange energy                         -117.5183417269 
   Correlation energy                        -7.2292022775 
   Correlation energy NL                      0.0000000000 
   Exchange-Correlation energy             -124.7475440043 
   Embedding correction                       0.0000000000 
   Total DFT Energy (No VdW correction)   -1078.1256063307 
# -----------------------------------------------------------
$ Mayer_Pop
   description: The Mayer population analysis
   geom. index: 1
   prop. index: 1
     Number of atoms                     : 51
     Threshold for printing              : 0.1000000
     Number of bond orders printed       : 54
  NA   - Mulliken gross atomic population
  ZA   - Total nuclear charge
  QA   - Mulliken gross atomic charge
  VA   - Mayer's total valence
  BVA  - Mayer's bonded valence
  FA   - Mayer's free valence
  ATOM       NA         ZA         QA         VA         BVA        FA
  0   0     5.9237     6.0000     0.0763     3.8875     3.8875     0.0000
  1   0     5.9906     6.0000     0.0094     3.9318     3.9318    -0.0000
  2   0     6.0881     6.0000    -0.0881     3.7626     3.7626     0.0000
  3   0     5.8333     6.0000     0.1667     3.7790     3.7790     0.0000
  4   0     6.0019     6.0000    -0.0019     3.7727     3.7727     0.0000
  5   0     6.0280     6.0000    -0.0280     3.8422     3.8422     0.0000
  6   0     6.0295     6.0000    -0.0295     3.8548     3.8548    -0.0000
  7   0     6.0007     6.0000    -0.0007     4.1165     4.1165    -0.0000
  8   0     8.2921     8.0000    -0.2921     2.1963     2.1963     0.0000
  9   0     5.8350     6.0000     0.1650     3.8211     3.8211     0.0000
 10   0     6.1798     6.0000    -0.1798     3.7592     3.7592     0.0000
 11   0     5.7574     6.0000     0.2426     3.7827     3.7827     0.0000
 12   0     5.7943     6.0000     0.2057     3.9527     3.9527    -0.0000
 13   0     6.1453     6.0000    -0.1453     3.7105     3.7105     0.0000
 14   0     5.9066     6.0000     0.0934     3.6856     3.6856     0.0000
 15   0     8.2559     8.0000    -0.2559     2.1674     2.1674    -0.0000
 16   0     8.3495     8.0000    -0.3495     2.1705     2.1705    -0.0000
 17   0     5.8114     6.0000     0.1886     3.9379     3.9379     0.0000
 18   0     5.9153     6.0000     0.0847     3.9030     3.9030    -0.0000
 19   0     5.9580     6.0000     0.0420     3.9778     3.9778    -0.0000
 20   0     5.8822     6.0000     0.1178     3.9664     3.9664    -0.0000
 21   0     6.0714     6.0000    -0.0714     4.0113     4.0113    -0.0000
 22   0     6.2449     6.0000    -0.2449     4.2295     4.2295    -0.0000
 23   0     5.8931     6.0000     0.1069     3.9205     3.9205     0.0000
 24   0     5.9240     6.0000     0.0760     3.9163     3.9163    -0.0000
 25   0     0.9747     1.0000     0.0253     0.9886     0.9886     0.0000
 26   0     0.9954     1.0000     0.0046     0.9932     0.9932     0.0000
 27   0     0.9739     1.0000     0.0261     0.9850     0.9850    -0.0000
 28   0     1.0739     1.0000    -0.0739     0.9810     0.9810     0.0000
 29   0     1.0543     1.0000    -0.0543     0.9830     0.9830     0.0000
 30   0     1.0433     1.0000    -0.0433     0.9828     0.9828    -0.0000
 31   0     1.0488     1.0000    -0.0488     1.0145     1.0145    -0.0000
 32   0     1.0813     1.0000    -0.0813     0.9950     0.9950    -0.0000
 33   0     0.7967     1.0000     0.2033     0.9885     0.9885    -0.0000
 34   0     0.9770     1.0000     0.0230     0.9832     0.9832    -0.0000
 35   0     0.9877     1.0000     0.0123     0.9840     0.9840     0.0000
 36   0     0.9660     1.0000     0.0340     0.9838     0.9838    -0.0000
 37   0     0.9768     1.0000     0.0232     1.0056     1.0056     0.0000
 38   0     0.9936     1.0000     0.0064     0.9974     0.9974    -0.0000
 39   0     0.9982     1.0000     0.0018     0.9950     0.9950    -0.0000
 40   0     0.9844     1.0000     0.0156     0.9795     0.9795    -0.0000
 41   0     1.0065     1.0000    -0.0065     1.0019     1.0019    -0.0000
 42   0     0.9967     1.0000     0.0033     0.9950     0.9950     0.0000
 43   0     1.0121     1.0000    -0.0121     0.9940     0.9940     0.0000
 44   0     1.0333     1.0000    -0.0333     0.9841     0.9841    -0.0000
 45   0     0.9712     1.0000     0.0288     0.9856     0.9856     0.0000
 46   0     0.9811     1.0000     0.0189     0.9998     0.9998    -0.0000
 47   0     1.0085     1.0000    -0.0085     0.9869     0.9869     0.0000
 48   0     0.9772     1.0000     0.0228     0.9900     0.9900    -0.0000
 49   0     0.9789     1.0000     0.0211     0.9955     0.9955    -0.0000
 50   0     0.9967     1.0000     0.0033     0.9935     0.9935    -0.0000
      Bond orders larger than 0.1000000
           Atom A     A.N. of A          Atom B    A.N. of B              Bond order
                0             6               1            6                1.065643
                0             6              25            1                0.953622
                0             6              26            1                0.953312
                0             6              27            1                0.946494
                1             6               2            6                1.396638
                1             6               6            6                1.348443
                2             6               3            6                1.266444
                2             6              28            1                0.989917
                3             6               4            6                1.437482
                3             6              14            6                1.023233
                4             6               5            6                1.319920
                4             6               7            6                0.969796
                5             6               6            6                1.398354
                5             6              29            1                0.994424
                6             6              30            1                0.987737
                7             6               8            8                0.987442
                7             6              18            6                1.051186
                7             6              19            6                1.001128
                8             8               9            6                1.098385
                9             6              10            6                1.291610
                9             6              14            6                1.317535
               10             6              11            6                1.256676
               10             6              13            6                0.120437
               10             6              31            1                1.017424
               11             6              12            6                1.367113
               11             6              16            8                1.105130
               12             6              13            6                1.295834
               12             6              15            8                1.175067
               13             6              14            6                1.291171
               13             6              32            1                1.007300
               15             8              33            1                0.927663
               16             8              17            6                0.972844
               17             6              34            1                0.957016
               17             6              35            1                0.971832
               17             6              36            1                0.973362
               18             6              37            1                0.947211
               18             6              38            1                0.951209
               18             6              39            1                0.949531
               19             6              20            6                1.115744
               19             6              40            1                0.910680
               19             6              41            1                0.923316
               20             6              21            6                1.044599
               20             6              42            1                0.883678
               20             6              43            1                0.900320
               21             6              22            6                1.944804
               21             6              44            1                0.938800
               22             6              23            6                1.100926
               22             6              24            6                1.022072
               23             6              45            1                0.938747
               23             6              46            1                0.943847
               23             6              47            1                0.934380
               24             6              48            1                0.967670
               24             6              49            1                0.968859
               24             6              50            1                0.956641
# -----------------------------------------------------------
$ Calculation_Info
   description: Details of the calculation
   geom. index: 1
   prop. index: 1
     Multiplicity:                          1
     Charge:                                0
     number of atoms:                       51
     number of electrons:                   0
     number of frozen core electrons:       1
     number of correlated electrons:        0
     number of basis functions:             480
     number of aux C basis functions:       0
     number of aux J basis functions:       1511
     number of aux JK basis functions:      0
     number of aux CABS basis functions:    0
     Total Energy                           -1078.125606
# -----------------------------------------------------------
$ SCF_Electric_Properties
   description: The SCF Calculated Electric Properties
   geom. index: 1
   prop. index: 1
       Filename                          : 92.scfp 
       Do Dipole Moment Calculation      : true 
       Do Quadrupole Moment Calculation  : false 
       Do Polarizability Calculation     : true 
** Dipole moment part of electric properties **
        Magnitude of dipole moment (Debye) :        1.5867051485
        Electronic Contribution:
                  0    
      0     -28.258061
      1      -1.346352
      2      -2.612645
        Nuclear Contribution:
                  0    
      0      28.513553
      1       0.789577
      2       2.492612
        Total Dipole moment:
                  0    
      0       0.255492
      1      -0.556775
      2      -0.120033
** Polarizabilities part of electric properties **
        Isotropic polarizability :      257.9042707843
        The raw cartesian tensor (atomic units):
                  0          1          2    
      0     291.980156 -19.782030 -23.041682
      1     -19.782030 307.130433  21.236315
      2     -23.041682  21.236315 174.602223
        Diagonalised polarizability tensor :
                  0    
      0     168.050036
      1     278.754484
      2     326.908293
# -------------------------------------------------------------
----------------------- !GEOMETRIES! ------------------------
# -------------------------------------------------------------
------------------------ !GEOMETRY! -------------------------
    Number of atoms:    51 
    Geometry Index:     1 
    Coordinates:
               0 C     -1.058869000000   -5.246976000000   -1.157930000000
               1 C     -0.728129000000   -3.805346000000   -1.145985000000
               2 C     -1.587699000000   -2.817105000000   -0.723811000000
               3 C     -1.226356000000   -1.464247000000   -0.731990000000
               4 C      0.023698000000   -1.099820000000   -1.172739000000
               5 C      0.899705000000   -2.097592000000   -1.602563000000
               6 C      0.516473000000   -3.416449000000   -1.583097000000
               7 C      0.439030000000    0.308950000000   -1.178171000000
               8 O     -0.515231000000    1.207045000000   -0.792653000000
               9 C     -1.764477000000    0.902313000000   -0.343559000000
              10 C     -2.642889000000    1.925936000000    0.069505000000
              11 C     -3.886174000000    1.552548000000    0.510857000000
              12 C     -4.270089000000    0.233908000000    0.552535000000
              13 C     -3.405976000000   -0.787615000000    0.145078000000
              14 C     -2.164191000000   -0.418324000000   -0.296044000000
              15 O     -5.521501000000   -0.142533000000    0.996715000000
              16 O     -4.775778000000    2.553302000000    0.926328000000
              17 C     -4.411148000000    3.920354000000    0.895557000000
              18 C      0.932319000000    0.733522000000   -2.564778000000
              19 C      1.690487000000    0.373835000000   -0.271929000000
              20 C      2.212372000000    1.750157000000   -0.189189000000
              21 C      3.387673000000    1.982081000000    0.660300000000
              22 C      4.055405000000    1.201406000000    1.455760000000
              23 C      3.807977000000   -0.205436000000    1.744917000000
              24 C      5.241190000000    1.830010000000    2.177615000000
              25 H     -0.761257000000   -5.744430000000   -2.101299000000
              26 H     -2.124670000000   -5.435118000000   -0.908977000000
              27 H     -0.479852000000   -5.769811000000   -0.341141000000
              28 H     -2.548753000000   -3.151637000000   -0.389676000000
              29 H      1.869862000000   -1.843839000000   -1.949876000000
              30 H      1.242247000000   -4.165168000000   -1.931652000000
              31 H     -2.283863000000    2.939927000000    0.013419000000
              32 H     -3.705325000000   -1.811877000000    0.178350000000
              33 H     -5.823689000000   -1.105430000000    1.035426000000
              34 H     -3.893798000000    4.188209000000   -0.058376000000
              35 H     -3.715649000000    4.089498000000    1.748075000000
              36 H     -5.286111000000    4.566110000000    1.038988000000
              37 H      0.915977000000    1.838489000000   -2.665445000000
              38 H      0.287242000000    0.325016000000   -3.356738000000
              39 H      1.991516000000    0.425203000000   -2.693519000000
              40 H      2.432489000000   -0.220258000000   -0.881781000000
              41 H      1.426990000000   -0.057230000000    0.679077000000
              42 H      1.395446000000    2.430161000000    0.231765000000
              43 H      2.384712000000    2.211672000000   -1.202973000000
              44 H      3.746537000000    3.056269000000    0.576535000000
              45 H      2.922988000000   -0.245053000000    2.451554000000
              46 H      3.653216000000   -0.880352000000    0.910357000000
              47 H      4.654862000000   -0.666732000000    2.337532000000
              48 H      4.807115000000    2.515515000000    2.913841000000
              49 H      5.738332000000    2.470087000000    1.399745000000
              50 H      5.905615000000    1.066855000000    2.576952000000
