-------------------------------------------------------------
----------------------- !PROPERTIES! ------------------------
-------------------------------------------------------------
# -----------------------------------------------------------
$ SCF_Energy
   description: The SCF energy
   geom. index: 1
   prop. index: 1
        SCF Energy:     -975.1280460534
# -----------------------------------------------------------
$ DFT_Energy
   description: The DFT energy
   geom. index: 1
   prop. index: 1
   Number of Alpha Electrons                 94.9997290631 
   Number of Beta  Electrons                 94.9997290631 
   Total number of  Electrons               189.9994581262 
   Exchange energy                         -114.1591230953 
   Correlation energy                        -7.3720174343 
   Correlation energy NL                      0.0000000000 
   Exchange-Correlation energy             -121.5311405296 
   Embedding correction                       0.0000000000 
   Total DFT Energy (No VdW correction)    -975.1280460534 
# -----------------------------------------------------------
$ Mayer_Pop
   description: The Mayer population analysis
   geom. index: 1
   prop. index: 1
     Number of atoms                     : 65
     Threshold for printing              : 0.1000000
     Number of bond orders printed       : 68
  NA   - Mulliken gross atomic population
  ZA   - Total nuclear charge
  QA   - Mulliken gross atomic charge
  VA   - Mayer's total valence
  BVA  - Mayer's bonded valence
  FA   - Mayer's free valence
  ATOM       NA         ZA         QA         VA         BVA        FA
  0   0     5.8820     6.0000     0.1180     3.9066     3.9066     0.0000
  1   0     6.1251     6.0000    -0.1251     4.2544     4.2544     0.0000
  2   0     5.9189     6.0000     0.0811     4.0370     4.0370     0.0000
  3   0     5.8648     6.0000     0.1352     4.0080     4.0080    -0.0000
  4   0     6.2727     6.0000    -0.2727     4.1821     4.1821     0.0000
  5   0     6.0561     6.0000    -0.0561     3.9585     3.9585     0.0000
  6   0     6.0248     6.0000    -0.0248     4.1019     4.1019    -0.0000
  7   0     5.8092     6.0000     0.1908     4.0099     4.0099    -0.0000
  8   0     5.9896     6.0000     0.0104     4.0800     4.0800    -0.0000
  9   0     6.0433     6.0000    -0.0433     4.1587     4.1587     0.0000
 10   0     5.8994     6.0000     0.1006     4.0968     4.0968    -0.0000
 11   0     5.8120     6.0000     0.1880     3.9670     3.9670    -0.0000
 12   0     6.4172     6.0000    -0.4172     4.4614     4.4614     0.0000
 13   0     5.8127     6.0000     0.1873     4.0080     4.0080     0.0000
 14   0     5.9713     6.0000     0.0287     4.0202     4.0202    -0.0000
 15   0     6.1134     6.0000    -0.1134     4.1008     4.1008    -0.0000
 16   0     6.2040     6.0000    -0.2040     4.1043     4.1043     0.0000
 17   0     5.7040     6.0000     0.2960     3.8072     3.8072    -0.0000
 18   0     6.0167     6.0000    -0.0167     3.9772     3.9772    -0.0000
 19   0     5.8823     6.0000     0.1177     3.9573     3.9573     0.0000
 20   0     5.8785     6.0000     0.1215     3.8760     3.8760     0.0000
 21   0     6.0426     6.0000    -0.0426     4.2524     4.2524     0.0000
 22   0     5.9619     6.0000     0.0381     3.9691     3.9691     0.0000
 23   0     5.9648     6.0000     0.0352     3.9505     3.9505    -0.0000
 24   0     5.9474     6.0000     0.0526     4.0091     4.0091    -0.0000
 25   0     1.0024     1.0000    -0.0024     0.9998     0.9998    -0.0000
 26   0     0.9996     1.0000     0.0004     0.9864     0.9864    -0.0000
 27   0     0.9903     1.0000     0.0097     0.9977     0.9977     0.0000
 28   0     1.0279     1.0000    -0.0279     0.9761     0.9761     0.0000
 29   0     1.0172     1.0000    -0.0172     0.9729     0.9729     0.0000
 30   0     1.0094     1.0000    -0.0094     0.9828     0.9828    -0.0000
 31   0     1.0045     1.0000    -0.0045     0.9832     0.9832    -0.0000
 32   0     1.0032     1.0000    -0.0032     0.9807     0.9807    -0.0000
 33   0     1.0301     1.0000    -0.0301     0.9862     0.9862     0.0000
 34   0     1.0146     1.0000    -0.0146     1.0105     1.0105     0.0000
 35   0     1.0286     1.0000    -0.0286     1.0034     1.0034     0.0000
 36   0     1.0398     1.0000    -0.0398     0.9752     0.9752    -0.0000
 37   0     1.0261     1.0000    -0.0261     0.9629     0.9629     0.0000
 38   0     1.0285     1.0000    -0.0285     1.0070     1.0070     0.0000
 39   0     1.0320     1.0000    -0.0320     0.9733     0.9733     0.0000
 40   0     1.0360     1.0000    -0.0360     0.9886     0.9886     0.0000
 41   0     1.0242     1.0000    -0.0242     0.9821     0.9821    -0.0000
 42   0     1.0138     1.0000    -0.0138     0.9939     0.9939    -0.0000
 43   0     1.0185     1.0000    -0.0185     0.9835     0.9835    -0.0000
 44   0     1.0135     1.0000    -0.0135     0.9911     0.9911    -0.0000
 45   0     1.0346     1.0000    -0.0346     0.9784     0.9784     0.0000
 46   0     1.0309     1.0000    -0.0309     0.9751     0.9751    -0.0000
 47   0     1.0077     1.0000    -0.0077     0.9966     0.9966     0.0000
 48   0     1.0147     1.0000    -0.0147     0.9987     0.9987     0.0000
 49   0     0.9983     1.0000     0.0017     0.9892     0.9892    -0.0000
 50   0     1.0161     1.0000    -0.0161     0.9819     0.9819    -0.0000
 51   0     0.9844     1.0000     0.0156     0.9766     0.9766     0.0000
 52   0     0.9984     1.0000     0.0016     0.9949     0.9949    -0.0000
 53   0     0.9845     1.0000     0.0155     1.0060     1.0060     0.0000
 54   0     1.0078     1.0000    -0.0078     0.9980     0.9980     0.0000
 55   0     1.0177     1.0000    -0.0177     0.9652     0.9652     0.0000
 56   0     1.0028     1.0000    -0.0028     0.9792     0.9792    -0.0000
 57   0     0.9829     1.0000     0.0171     1.0023     1.0023     0.0000
 58   0     0.9926     1.0000     0.0074     0.9927     0.9927    -0.0000
 59   0     0.9903     1.0000     0.0097     0.9932     0.9932     0.0000
 60   0     0.9914     1.0000     0.0086     0.9966     0.9966     0.0000
 61   0     1.0016     1.0000    -0.0016     0.9785     0.9785     0.0000
 62   0     0.9793     1.0000     0.0207     0.9759     0.9759     0.0000
 63   0     1.0016     1.0000    -0.0016     0.9905     0.9905     0.0000
 64   0     0.9872     1.0000     0.0128     0.9777     0.9777     0.0000
      Bond orders larger than 0.1000000
           Atom A     A.N. of A          Atom B    A.N. of B              Bond order
                0             6               1            6                1.064701
                0             6              25            1                0.957255
                0             6              26            1                0.958755
                0             6              27            1                0.960084
                1             6               2            6                1.129019
                1             6              18            6                1.026017
                1             6              28            1                0.867474
                2             6               3            6                1.049803
                2             6              29            1                0.920096
                2             6              30            1                0.919749
                3             6               4            6                1.095056
                3             6              31            1                0.915593
                3             6              32            1                0.886563
                4             6               5            6                1.861876
                4             6              18            6                1.024308
                5             6               6            6                0.964866
                5             6              24            6                1.092561
                6             6               7            6                1.098529
                6             6              14            6                1.082979
                6             6              33            1                0.846637
                7             6               8            6                1.071872
                7             6              34            1                0.899689
                7             6              35            1                0.840462
                8             6               9            6                1.020212
                8             6              12            6                1.044452
                8             6              36            1                0.856676
                9             6              10            6                1.120017
                9             6              21            6                1.069166
                9             6              37            1                0.871445
               10             6              11            6                1.093808
               10             6              38            1                0.888791
               10             6              39            1                0.921289
               11             6              12            6                1.045988
               11             6              40            1                0.900002
               11             6              41            1                0.920173
               12             6              13            6                1.028922
               12             6              20            6                1.040140
               13             6              14            6                1.093684
               13             6              42            1                0.907026
               13             6              43            1                0.868826
               14             6              15            6                0.966177
               14             6              44            1                0.837519
               15             6              16            6                1.928838
               15             6              19            6                1.088971
               16             6              17            6                1.072001
               16             6              45            1                0.918871
               17             6              18            6                1.020083
               17             6              46            1                0.894948
               17             6              47            1                0.875845
               18             6              48            1                0.902830
               19             6              49            1                0.931326
               19             6              50            1                0.945110
               19             6              51            1                0.940178
               20             6              52            1                0.935214
               20             6              53            1                0.933433
               20             6              54            1                0.933663
               21             6              22            6                1.099514
               21             6              23            6                1.066986
               21             6              55            1                0.901530
               22             6              56            1                0.941346
               22             6              57            1                0.953068
               22             6              58            1                0.948771
               23             6              59            1                0.959299
               23             6              60            1                0.956416
               23             6              61            1                0.953931
               24             6              62            1                0.934614
               24             6              63            1                0.932614
               24             6              64            1                0.942075
# -----------------------------------------------------------
$ Calculation_Info
   description: Details of the calculation
   geom. index: 1
   prop. index: 1
     Multiplicity:                          1
     Charge:                                0
     number of atoms:                       65
     number of electrons:                   0
     number of frozen core electrons:       1
     number of correlated electrons:        0
     number of basis functions:             550
     number of aux C basis functions:       0
     number of aux J basis functions:       1665
     number of aux JK basis functions:      0
     number of aux CABS basis functions:    0
     Total Energy                           -975.128046
# -----------------------------------------------------------
$ SCF_Electric_Properties
   description: The SCF Calculated Electric Properties
   geom. index: 1
   prop. index: 1
       Filename                          : 26.scfp 
       Do Dipole Moment Calculation      : true 
       Do Quadrupole Moment Calculation  : false 
       Do Polarizability Calculation     : true 
** Dipole moment part of electric properties **
        Magnitude of dipole moment (Debye) :        0.4037867328
        Electronic Contribution:
                  0    
      0       7.052756
      1       4.528332
      2       0.525764
        Nuclear Contribution:
                  0    
      0      -7.152271
      1      -4.636080
      2      -0.464746
        Total Dipole moment:
                  0    
      0      -0.099515
      1      -0.107748
      2       0.061018
** Polarizabilities part of electric properties **
        Isotropic polarizability :        0.0000000000
        The raw cartesian tensor (atomic units):
                  0          1          2    
      0       0.000000   0.000000   0.000000
      1       0.000000   0.000000   0.000000
      2       0.000000   0.000000   0.000000
        Diagonalised polarizability tensor :
                  0    
      0       0.000000
      1       0.000000
      2       0.000000
# -------------------------------------------------------------
----------------------- !GEOMETRIES! ------------------------
# -------------------------------------------------------------
------------------------ !GEOMETRY! -------------------------
    Number of atoms:    65 
    Geometry Index:     1 
    Coordinates:
               0 C      5.740374000000   -0.572788000000   -1.568226000000
               1 C      4.807563000000   -1.015221000000   -0.467568000000
               2 C      4.282584000000   -2.401923000000   -0.669241000000
               3 C      3.152345000000   -2.401582000000    0.399148000000
               4 C      2.478022000000   -1.135630000000    0.023537000000
               5 C      1.151652000000   -0.973728000000    0.079291000000
               6 C      0.159305000000    0.054309000000   -0.195328000000
               7 C     -1.250383000000   -0.551056000000   -0.021288000000
               8 C     -2.189716000000    0.409387000000   -0.652211000000
               9 C     -3.554015000000    0.074252000000   -0.970396000000
              10 C     -4.379147000000    1.156544000000   -0.249503000000
              11 C     -3.384616000000    2.336044000000   -0.340924000000
              12 C     -2.200773000000    1.608883000000    0.311979000000
              13 C     -0.902893000000    2.272394000000    0.102072000000
              14 C      0.227217000000    1.336965000000    0.543414000000
              15 C      1.459478000000    2.128469000000    0.399216000000
              16 C      2.757613000000    1.912526000000    0.499920000000
              17 C      3.698149000000    0.814956000000    0.799895000000
              18 C      3.580960000000   -0.174884000000   -0.360031000000
              19 C      1.247996000000    3.575976000000    0.064184000000
              20 C     -2.577795000000    1.339197000000    1.696503000000
              21 C     -4.084895000000   -1.287612000000   -0.789310000000
              22 C     -4.074935000000   -1.886644000000    0.553299000000
              23 C     -3.405763000000   -2.210720000000   -1.770659000000
              24 C      0.587544000000   -2.252296000000    0.621153000000
              25 H      6.030748000000   -1.488262000000   -2.145819000000
              26 H      6.675154000000   -0.219582000000   -1.085338000000
              27 H      5.287312000000    0.190124000000   -2.233811000000
              28 H      5.317303000000   -1.016187000000    0.527174000000
              29 H      5.020808000000   -3.183700000000   -0.370667000000
              30 H      3.854170000000   -2.578864000000   -1.671959000000
              31 H      2.547012000000   -3.316031000000    0.255919000000
              32 H      3.702302000000   -2.356103000000    1.358893000000
              33 H      0.146534000000    0.345894000000   -1.300868000000
              34 H     -1.260308000000   -1.504037000000   -0.532035000000
              35 H     -1.434523000000   -0.537585000000    1.058889000000
              36 H     -1.670958000000    0.784760000000   -1.573142000000
              37 H     -3.792429000000    0.317728000000   -2.059879000000
              38 H     -4.572026000000    0.876464000000    0.794527000000
              39 H     -5.310547000000    1.377477000000   -0.774558000000
              40 H     -3.206377000000    2.533618000000   -1.398953000000
              41 H     -3.726461000000    3.180763000000    0.255386000000
              42 H     -0.829404000000    3.232387000000    0.599494000000
              43 H     -0.768386000000    2.320797000000   -1.024167000000
              44 H      0.131512000000    1.087386000000    1.641353000000
              45 H      3.344226000000    2.822498000000    0.302316000000
              46 H      4.721348000000    1.159465000000    0.921191000000
              47 H      3.331851000000    0.325458000000    1.733180000000
              48 H      3.375779000000    0.323684000000   -1.324025000000
              49 H      0.577280000000    3.754453000000   -0.771679000000
              50 H      2.208987000000    4.060396000000   -0.215891000000
              51 H      0.936188000000    4.139374000000    0.995722000000
              52 H     -3.330772000000    2.104629000000    2.062952000000
              53 H     -2.988303000000    0.383148000000    1.977572000000
              54 H     -1.703686000000    1.523836000000    2.389419000000
              55 H     -5.170031000000   -1.249445000000   -1.118098000000
              56 H     -4.735567000000   -2.804563000000    0.513951000000
              57 H     -3.118639000000   -2.236286000000    0.941640000000
              58 H     -4.629073000000   -1.212042000000    1.269496000000
              59 H     -2.695093000000   -1.674258000000   -2.445009000000
              60 H     -2.911896000000   -3.082059000000   -1.257881000000
              61 H     -4.133281000000   -2.703705000000   -2.479051000000
              62 H      0.601819000000   -3.078719000000   -0.116382000000
              63 H     -0.388401000000   -2.144101000000    1.117875000000
              64 H      1.239961000000   -2.614629000000    1.482656000000
