-------------------------------------------------------------
----------------------- !PROPERTIES! ------------------------
-------------------------------------------------------------
# -----------------------------------------------------------
$ SCF_Energy
   description: The SCF energy
   geom. index: 1
   prop. index: 1
        SCF Energy:    -2112.6428021959
# -----------------------------------------------------------
$ DFT_Energy
   description: The DFT energy
   geom. index: 1
   prop. index: 1
   Number of Alpha Electrons                171.9996152177 
   Number of Beta  Electrons                171.9996152177 
   Total number of  Electrons               343.9992304354 
   Exchange energy                         -225.8338920793 
   Correlation energy                       -13.7730589396 
   Correlation energy NL                      0.0000000000 
   Exchange-Correlation energy             -239.6069510188 
   Embedding correction                       0.0000000000 
   Total DFT Energy (No VdW correction)   -2112.6428021959 
# -----------------------------------------------------------
$ Mayer_Pop
   description: The Mayer population analysis
   geom. index: 1
   prop. index: 1
     Number of atoms                     : 93
     Threshold for printing              : 0.1000000
     Number of bond orders printed       : 99
  NA   - Mulliken gross atomic population
  ZA   - Total nuclear charge
  QA   - Mulliken gross atomic charge
  VA   - Mayer's total valence
  BVA  - Mayer's bonded valence
  FA   - Mayer's free valence
  ATOM       NA         ZA         QA         VA         BVA        FA
  0   0     6.0842     6.0000    -0.0842     4.0035     4.0035    -0.0000
  1   0     5.7832     6.0000     0.2168     4.0079     4.0079    -0.0000
  2   0     8.2995     8.0000    -0.2995     2.2162     2.2162    -0.0000
  3   0     5.7517     6.0000     0.2483     4.1520     4.1520     0.0000
  4   0     8.2954     8.0000    -0.2954     2.1934     2.1934    -0.0000
  5   0     6.0810     6.0000    -0.0810     4.0604     4.0604     0.0000
  6   0     5.8786     6.0000     0.1214     4.0021     4.0021     0.0000
  7   0     5.8948     6.0000     0.1052     4.1674     4.1674    -0.0000
  8   0     5.9110     6.0000     0.0890     3.9554     3.9554    -0.0000
  9   0     5.9812     6.0000     0.0188     4.1317     4.1317     0.0000
 10   0     5.7660     6.0000     0.2340     4.0017     4.0017     0.0000
 11   0     6.0549     6.0000    -0.0549     3.7213     3.7213    -0.0000
 12   0     5.8237     6.0000     0.1763     3.8843     3.8843    -0.0000
 13   0     8.3199     8.0000    -0.3199     2.1295     2.1295     0.0000
 14   0     6.0328     6.0000    -0.0328     3.7619     3.7619    -0.0000
 15   0     6.0259     6.0000    -0.0259     3.7380     3.7380    -0.0000
 16   0     5.8636     6.0000     0.1364     3.8864     3.8864    -0.0000
 17   0     5.9688     6.0000     0.0312     3.8774     3.8774     0.0000
 18   0     5.8947     6.0000     0.1053     3.7679     3.7679     0.0000
 19   0     6.1390     6.0000    -0.1390     3.6216     3.6216    -0.0000
 20   0     5.7002     6.0000     0.2998     3.7899     3.7899     0.0000
 21   0     6.1238     6.0000    -0.1238     3.7867     3.7867    -0.0000
 22   0     6.1206     6.0000    -0.1206     4.0185     4.0185    -0.0000
 23   0     5.8384     6.0000     0.1616     3.8112     3.8112    -0.0000
 24   0     8.3533     8.0000    -0.3533     2.1326     2.1326     0.0000
 25   0     5.7617     6.0000     0.2383     3.7910     3.7910    -0.0000
 26   0     6.0948     6.0000    -0.0948     4.0690     4.0690     0.0000
 27   0     6.0930     6.0000    -0.0930     3.9579     3.9579     0.0000
 28   0     5.8734     6.0000     0.1266     3.9305     3.9305     0.0000
 29   0     5.9135     6.0000     0.0865     3.9464     3.9464     0.0000
 30   0     6.0720     6.0000    -0.0720     3.9832     3.9832    -0.0000
 31   0     6.1919     6.0000    -0.1919     4.2438     4.2438    -0.0000
 32   0     5.8996     6.0000     0.1004     3.9295     3.9295    -0.0000
 33   0     5.8947     6.0000     0.1053     4.0245     4.0245     0.0000
 34   0     5.8954     6.0000     0.1046     3.9560     3.9560     0.0000
 35   0     6.0593     6.0000    -0.0593     3.9779     3.9779     0.0000
 36   0     6.2674     6.0000    -0.2674     4.2452     4.2452    -0.0000
 37   0     5.9225     6.0000     0.0775     3.9150     3.9150     0.0000
 38   0     5.9075     6.0000     0.0925     3.9395     3.9395     0.0000
 39   0     5.8156     6.0000     0.1844     4.2522     4.2522    -0.0000
 40   0     8.2314     8.0000    -0.2314     2.2542     2.2542     0.0000
 41   0     8.2487     8.0000    -0.2487     2.2036     2.2036    -0.0000
 42   0     8.2550     8.0000    -0.2550     2.1612     2.1612     0.0000
 43   0     8.2361     8.0000    -0.2361     2.2077     2.2077     0.0000
 44   0     6.1802     6.0000    -0.1802     4.2467     4.2467    -0.0000
 45   0     6.0137     6.0000    -0.0137     3.9534     3.9534    -0.0000
 46   0     5.8916     6.0000     0.1084     3.9136     3.9136    -0.0000
 47   0     0.9793     1.0000     0.0207     0.9959     0.9959     0.0000
 48   0     0.9898     1.0000     0.0102     0.9828     0.9828     0.0000
 49   0     0.9398     1.0000     0.0602     1.0209     1.0209    -0.0000
 50   0     0.9738     1.0000     0.0262     0.9866     0.9866    -0.0000
 51   0     0.9724     1.0000     0.0276     0.9790     0.9790    -0.0000
 52   0     0.9855     1.0000     0.0145     1.0061     1.0061    -0.0000
 53   0     0.9815     1.0000     0.0185     0.9938     0.9938     0.0000
 54   0     1.0013     1.0000    -0.0013     0.9953     0.9953    -0.0000
 55   0     1.0087     1.0000    -0.0087     0.9858     0.9858    -0.0000
 56   0     1.0032     1.0000    -0.0032     1.0060     1.0060    -0.0000
 57   0     0.9849     1.0000     0.0151     1.0097     1.0097     0.0000
 58   0     0.9793     1.0000     0.0207     0.9966     0.9966     0.0000
 59   0     1.0327     1.0000    -0.0327     0.9942     0.9942    -0.0000
 60   0     1.0560     1.0000    -0.0560     0.9896     0.9896    -0.0000
 61   0     1.0720     1.0000    -0.0720     1.0786     1.0786    -0.0000
 62   0     1.0344     1.0000    -0.0344     1.0203     1.0203    -0.0000
 63   0     0.9981     1.0000     0.0019     0.9902     0.9902    -0.0000
 64   0     0.9838     1.0000     0.0162     1.0376     1.0376     0.0000
 65   0     0.9819     1.0000     0.0181     1.0067     1.0067    -0.0000
 66   0     0.9908     1.0000     0.0092     0.9922     0.9922     0.0000
 67   0     1.0150     1.0000    -0.0150     0.9902     0.9902     0.0000
 68   0     0.9855     1.0000     0.0145     1.0262     1.0262     0.0000
 69   0     1.0075     1.0000    -0.0075     0.9745     0.9745     0.0000
 70   0     1.0442     1.0000    -0.0442     0.9925     0.9925    -0.0000
 71   0     0.9807     1.0000     0.0193     0.9933     0.9933    -0.0000
 72   0     1.0150     1.0000    -0.0150     0.9983     0.9983    -0.0000
 73   0     0.9698     1.0000     0.0302     1.0143     1.0143    -0.0000
 74   0     1.0074     1.0000    -0.0074     0.9763     0.9763     0.0000
 75   0     1.0229     1.0000    -0.0229     0.9863     0.9863    -0.0000
 76   0     1.0077     1.0000    -0.0077     0.9994     0.9994    -0.0000
 77   0     0.9951     1.0000     0.0049     0.9744     0.9744     0.0000
 78   0     1.0503     1.0000    -0.0503     0.9953     0.9953     0.0000
 79   0     0.9776     1.0000     0.0224     0.9906     0.9906    -0.0000
 80   0     1.0029     1.0000    -0.0029     0.9943     0.9943    -0.0000
 81   0     0.9714     1.0000     0.0286     0.9884     0.9884    -0.0000
 82   0     1.0077     1.0000    -0.0077     0.9923     0.9923     0.0000
 83   0     0.9721     1.0000     0.0279     0.9860     0.9860     0.0000
 84   0     0.9601     1.0000     0.0399     0.9862     0.9862     0.0000
 85   0     0.7929     1.0000     0.2071     1.0049     1.0049     0.0000
 86   0     0.8044     1.0000     0.1956     0.9957     0.9957    -0.0000
 87   0     0.8025     1.0000     0.1975     0.9929     0.9929    -0.0000
 88   0     1.0037     1.0000    -0.0037     0.9843     0.9843    -0.0000
 89   0     1.0040     1.0000    -0.0040     0.9893     0.9893    -0.0000
 90   0     0.9679     1.0000     0.0321     0.9933     0.9933    -0.0000
 91   0     0.9950     1.0000     0.0050     1.0049     1.0049    -0.0000
 92   0     0.9827     1.0000     0.0173     0.9812     0.9812    -0.0000
      Bond orders larger than 0.1000000
           Atom A     A.N. of A          Atom B    A.N. of B              Bond order
                0             6               1            6                1.098654
                0             6              47            1                0.967332
                0             6              48            1                0.961694
                0             6              49            1                0.968224
                1             6               2            8                0.911479
                1             6              50            1                0.949365
                1             6              51            1                0.958659
                2             8               3            6                1.211501
                3             6               4            8                1.946829
                3             6               5            6                0.877618
                5             6               6            6                0.984912
                5             6              10            6                1.019116
                5             6              13            8                0.961713
                6             6               7            6                1.135226
                6             6              52            1                0.915140
                6             6              53            1                0.901680
                7             6               8            6                1.100389
                7             6              10            6                0.103287
                7             6              54            1                0.857430
                7             6              55            1                0.924040
                8             6               9            6                0.957430
                8             6              44            6                1.039367
                8             6              56            1                0.849899
                9             6              10            6                1.097682
                9             6              11            6                0.904041
                9             6              24            8                0.977035
               10             6              57            1                0.878890
               10             6              58            1                0.904520
               11             6              12            6                1.365418
               11             6              17            6                1.335220
               12             6              13            8                1.058118
               12             6              14            6                1.309649
               14             6              15            6                1.345446
               14             6              59            1                1.005302
               15             6              16            6                1.302730
               15             6              60            1                0.976373
               16             6              17            6                1.345612
               16             6              43            8                1.134436
               17             6              18            6                1.050444
               18             6              19            6                1.339376
               18             6              23            6                1.262895
               19             6              20            6                1.234872
               19             6              61            1                0.981519
               20             6              21            6                1.309612
               20             6              42            8                1.141336
               21             6              22            6                1.337062
               21             6              62            1                1.021159
               22             6              23            6                1.427938
               22             6              25            6                1.037141
               23             6              24            8                1.032075
               25             6              26            6                1.035259
               25             6              63            1                0.864727
               25             6              64            1                0.885876
               26             6              27            6                1.866427
               26             6              65            1                0.937360
               27             6              28            6                1.022380
               27             6              39            6                0.992161
               28             6              29            6                1.062475
               28             6              66            1                0.912360
               28             6              67            1                0.920031
               29             6              30            6                1.029562
               29             6              68            1                0.937165
               29             6              69            1                0.899440
               30             6              31            6                1.918024
               30             6              70            1                0.947753
               31             6              32            6                1.077920
               31             6              33            6                1.077520
               32             6              71            1                0.939195
               32             6              72            1                0.937308
               32             6              73            1                0.932842
               33             6              34            6                1.092135
               33             6              74            1                0.897499
               33             6              75            1                0.913086
               34             6              35            6                1.036366
               34             6              76            1                0.905699
               34             6              77            1                0.904805
               35             6              36            6                1.889073
               35             6              78            1                0.970001
               36             6              37            6                1.071818
               36             6              38            6                1.105198
               37             6              79            1                0.960159
               37             6              80            1                0.949728
               37             6              81            1                0.957334
               38             6              82            1                0.937468
               38             6              83            1                0.944050
               38             6              84            1                0.938366
               39             6              40            8                2.011198
               39             6              41            8                1.163851
               41             8              85            1                0.916992
               42             8              86            1                0.932124
               43             8              61            1                0.111098
               43             8              87            1                0.925338
               44             6              45            6                1.967319
               44             6              46            6                1.060983
               45             6              88            1                0.947890
               45             6              89            1                0.938204
               46             6              90            1                0.939727
               46             6              91            1                0.946402
               46             6              92            1                0.942369
# -----------------------------------------------------------
$ Calculation_Info
   description: Details of the calculation
   geom. index: 1
   prop. index: 1
     Multiplicity:                          1
     Charge:                                0
     number of atoms:                       93
     number of electrons:                   0
     number of frozen core electrons:       1
     number of correlated electrons:        0
     number of basis functions:             888
     number of aux C basis functions:       0
     number of aux J basis functions:       2809
     number of aux JK basis functions:      0
     number of aux CABS basis functions:    0
     Total Energy                           -2112.642802
# -----------------------------------------------------------
$ SCF_Electric_Properties
   description: The SCF Calculated Electric Properties
   geom. index: 1
   prop. index: 1
       Filename                          : 197.scfp 
       Do Dipole Moment Calculation      : true 
       Do Quadrupole Moment Calculation  : false 
       Do Polarizability Calculation     : true 
** Dipole moment part of electric properties **
        Magnitude of dipole moment (Debye) :        4.8344860897
        Electronic Contribution:
                  0    
      0     -46.541268
      1      -4.315155
      2     -28.501520
        Nuclear Contribution:
                  0    
      0      45.632185
      1       2.661814
      2      28.261488
        Total Dipole moment:
                  0    
      0      -0.909084
      1      -1.653340
      2      -0.240032
** Polarizabilities part of electric properties **
        Isotropic polarizability :      450.9651432224
        The raw cartesian tensor (atomic units):
                  0          1          2    
      0     509.381195  41.787595 -45.307667
      1      41.787595 406.703389  15.233534
      2     -45.307667  15.233534 436.810846
        Diagonalised polarizability tensor :
                  0    
      0     375.138847
      1     438.830624
      2     538.925959
# -------------------------------------------------------------
----------------------- !GEOMETRIES! ------------------------
# -------------------------------------------------------------
------------------------ !GEOMETRY! -------------------------
    Number of atoms:    93 
    Geometry Index:     1 
    Coordinates:
               0 C     -7.810178000000    0.250822000000    4.413859000000
               1 C     -6.585795000000   -0.650480000000    4.628459000000
               2 O     -6.100349000000   -0.926474000000    3.328307000000
               3 C     -5.636780000000    0.013141000000    2.439276000000
               4 O     -5.626708000000    1.219134000000    2.793241000000
               5 C     -5.137858000000   -0.280319000000    1.070696000000
               6 C     -6.085194000000    0.411826000000    0.096865000000
               7 C     -5.352374000000    1.552647000000   -0.514619000000
               8 C     -4.171944000000    1.117660000000   -1.330739000000
               9 C     -3.369336000000    0.103131000000   -0.554164000000
              10 C     -3.703613000000    0.151776000000    0.911480000000
              11 C     -3.594653000000   -1.320361000000   -0.973114000000
              12 C     -4.538387000000   -2.097412000000   -0.356779000000
              13 O     -5.231897000000   -1.654245000000    0.769295000000
              14 C     -4.855807000000   -3.371949000000   -0.813032000000
              15 C     -4.183583000000   -3.832918000000   -1.913242000000
              16 C     -3.201680000000   -3.074455000000   -2.577430000000
              17 C     -2.925844000000   -1.824990000000   -2.083348000000
              18 C     -1.768825000000   -1.082195000000   -2.619425000000
              19 C     -1.171024000000   -1.439764000000   -3.796892000000
              20 C     -0.174642000000   -0.621821000000   -4.342090000000
              21 C      0.193482000000    0.519666000000   -3.704307000000
              22 C     -0.414815000000    0.888817000000   -2.497832000000
              23 C     -1.384274000000    0.091925000000   -1.960918000000
              24 O     -2.001833000000    0.424560000000   -0.736616000000
              25 C     -0.035343000000    2.158299000000   -1.860959000000
              26 C      0.752723000000    1.953209000000   -0.652223000000
              27 C      2.036430000000    2.209736000000   -0.511115000000
              28 C      2.715955000000    1.955042000000    0.811204000000
              29 C      3.791641000000    0.896348000000    0.692892000000
              30 C      4.511379000000    0.751165000000    1.992663000000
              31 C      5.835209000000    0.864985000000    2.070548000000
              32 C      6.614900000000    1.136691000000    0.817007000000
              33 C      6.579598000000    0.843881000000    3.330846000000
              34 C      7.552007000000   -0.239355000000    3.575898000000
              35 C      8.594798000000   -0.435127000000    2.565523000000
              36 C      8.920851000000   -1.700272000000    2.229539000000
              37 C      9.951703000000   -1.946939000000    1.204564000000
              38 C      8.232641000000   -2.826500000000    2.897438000000
              39 C      2.840991000000    2.734904000000   -1.593416000000
              40 O      2.442236000000    2.984647000000   -2.729304000000
              41 O      4.198544000000    2.987949000000   -1.343526000000
              42 O      0.398222000000   -1.011041000000   -5.515874000000
              43 O     -2.581908000000   -3.631026000000   -3.676330000000
              44 C     -4.411768000000    0.859886000000   -2.735827000000
              45 C     -3.922863000000    1.736850000000   -3.648429000000
              46 C     -5.171775000000   -0.255786000000   -3.356603000000
              47 H     -8.387049000000   -0.267239000000    3.587674000000
              48 H     -8.488860000000    0.231707000000    5.282362000000
              49 H     -7.512015000000    1.259697000000    4.136475000000
              50 H     -5.868450000000   -0.078370000000    5.251244000000
              51 H     -6.952035000000   -1.552106000000    5.139728000000
              52 H     -6.541853000000   -0.284452000000   -0.631137000000
              53 H     -6.980211000000    0.832664000000    0.652496000000
              54 H     -4.940777000000    2.150716000000    0.356417000000
              55 H     -5.993561000000    2.287720000000   -1.044605000000
              56 H     -3.494697000000    2.055323000000   -1.303897000000
              57 H     -3.501338000000    1.137731000000    1.380255000000
              58 H     -3.075144000000   -0.616935000000    1.428140000000
              59 H     -5.607341000000   -3.959500000000   -0.306030000000
              60 H     -4.397586000000   -4.815608000000   -2.312847000000
              61 H     -1.441131000000   -2.310227000000   -4.319121000000
              62 H      0.951512000000    1.197009000000   -4.080256000000
              63 H     -1.029450000000    2.631549000000   -1.498114000000
              64 H      0.393626000000    2.832328000000   -2.585272000000
              65 H      0.243622000000    1.540095000000    0.265310000000
              66 H      3.194245000000    2.929848000000    1.133910000000
              67 H      1.950062000000    1.660119000000    1.532086000000
              68 H      4.414991000000    0.963902000000   -0.187189000000
              69 H      3.214336000000   -0.080208000000    0.583398000000
              70 H      3.993334000000    0.547816000000    2.919483000000
              71 H      6.780710000000    0.261218000000    0.200169000000
              72 H      7.579298000000    1.620567000000    1.077206000000
              73 H      6.061348000000    1.927176000000    0.233241000000
              74 H      7.135793000000    1.818334000000    3.387906000000
              75 H      5.839156000000    0.817561000000    4.177377000000
              76 H      6.969306000000   -1.214139000000    3.659047000000
              77 H      8.045634000000   -0.132785000000    4.573117000000
              78 H      9.154381000000    0.347527000000    2.076894000000
              79 H     10.897136000000   -1.420769000000    1.410011000000
              80 H     10.213047000000   -3.044678000000    1.194132000000
              81 H      9.546300000000   -1.670213000000    0.215181000000
              82 H      8.742911000000   -3.776832000000    2.581190000000
              83 H      8.265450000000   -2.784621000000    3.995856000000
              84 H      7.174295000000   -2.878679000000    2.521814000000
              85 H      4.705935000000    3.501584000000   -2.037442000000
              86 H      0.197441000000   -1.820691000000   -6.054377000000
              87 H     -2.812924000000   -4.534451000000   -4.007104000000
              88 H     -4.073978000000    1.592378000000   -4.714685000000
              89 H     -3.374392000000    2.594454000000   -3.285972000000
              90 H     -4.549790000000   -0.688435000000   -4.196888000000
              91 H     -5.602460000000   -0.985702000000   -2.700670000000
              92 H     -6.051087000000    0.187412000000   -3.927959000000
