-------------------------------------------------------------
----------------------- !PROPERTIES! ------------------------
-------------------------------------------------------------
# -----------------------------------------------------------
$ SCF_Energy
   description: The SCF energy
   geom. index: 1
   prop. index: 1
        SCF Energy:    -1341.5991328368
# -----------------------------------------------------------
$ DFT_Energy
   description: The DFT energy
   geom. index: 1
   prop. index: 1
   Number of Alpha Electrons                106.0000503970 
   Number of Beta  Electrons                106.0000503970 
   Total number of  Electrons               212.0001007940 
   Exchange energy                         -141.2551398639 
   Correlation energy                        -8.5185644232 
   Correlation energy NL                      0.0000000000 
   Exchange-Correlation energy             -149.7737042870 
   Embedding correction                       0.0000000000 
   Total DFT Energy (No VdW correction)   -1341.5991328368 
# -----------------------------------------------------------
$ Mayer_Pop
   description: The Mayer population analysis
   geom. index: 1
   prop. index: 1
     Number of atoms                     : 55
     Threshold for printing              : 0.1000000
     Number of bond orders printed       : 56
  NA   - Mulliken gross atomic population
  ZA   - Total nuclear charge
  QA   - Mulliken gross atomic charge
  VA   - Mayer's total valence
  BVA  - Mayer's bonded valence
  FA   - Mayer's free valence
  ATOM       NA         ZA         QA         VA         BVA        FA
  0   0     5.9128     6.0000     0.0872     3.9281     3.9281    -0.0000
  1   0     6.2136     6.0000    -0.2136     4.2757     4.2757     0.0000
  2   0     6.0654     6.0000    -0.0654     3.9916     3.9916    -0.0000
  3   0     5.7934     6.0000     0.2066     3.8473     3.8473     0.0000
  4   0     6.1132     6.0000    -0.1132     3.9726     3.9726     0.0000
  5   0     5.8066     6.0000     0.1934     4.0076     4.0076     0.0000
  6   0     6.0521     6.0000    -0.0521     3.7521     3.7521     0.0000
  7   0     5.9759     6.0000     0.0241     3.8524     3.8524    -0.0000
  8   0     6.0058     6.0000    -0.0058     3.7835     3.7835     0.0000
  9   0     6.0117     6.0000    -0.0117     3.8650     3.8650     0.0000
 10   0     5.8899     6.0000     0.1101     3.9203     3.9203    -0.0000
 11   0     5.9526     6.0000     0.0474     3.9941     3.9941     0.0000
 12   0     5.9555     6.0000     0.0445     3.7558     3.7558     0.0000
 13   0     6.0150     6.0000    -0.0150     3.9277     3.9277     0.0000
 14   0     5.9587     6.0000     0.0413     3.8171     3.8171    -0.0000
 15   0     6.0342     6.0000    -0.0342     3.8375     3.8375    -0.0000
 16   0     5.7644     6.0000     0.2356     3.8660     3.8660     0.0000
 17   0     6.0294     6.0000    -0.0294     3.8114     3.8114     0.0000
 18   0     6.0098     6.0000    -0.0098     3.8322     3.8322     0.0000
 19   0     8.3177     8.0000    -0.3177     2.0686     2.0686     0.0000
 20   0     5.8263     6.0000     0.1737     4.3059     4.3059     0.0000
 21   0     8.2346     8.0000    -0.2346     2.2412     2.2412    -0.0000
 22   0     8.2401     8.0000    -0.2401     2.1946     2.1946     0.0000
 23   0     5.7990     6.0000     0.2010     4.2581     4.2581     0.0000
 24   0     8.2548     8.0000    -0.2548     2.2316     2.2316     0.0000
 25   0     8.3199     8.0000    -0.3199     2.1684     2.1684    -0.0000
 26   0     5.8215     6.0000     0.1785     3.9065     3.9065    -0.0000
 27   0     8.2577     8.0000    -0.2577     2.1837     2.1837    -0.0000
 28   0     5.9112     6.0000     0.0888     3.9302     3.9302     0.0000
 29   0     0.9726     1.0000     0.0274     0.9889     0.9889    -0.0000
 30   0     1.0046     1.0000    -0.0046     0.9936     0.9936    -0.0000
 31   0     0.9740     1.0000     0.0260     1.0180     1.0180     0.0000
 32   0     1.0264     1.0000    -0.0264     0.9931     0.9931     0.0000
 33   0     1.0019     1.0000    -0.0019     1.0062     1.0062     0.0000
 34   0     1.0134     1.0000    -0.0134     0.9819     0.9819     0.0000
 35   0     1.0799     1.0000    -0.0799     1.0142     1.0142    -0.0000
 36   0     1.0498     1.0000    -0.0498     0.9830     0.9830     0.0000
 37   0     1.0503     1.0000    -0.0503     0.9857     0.9857    -0.0000
 38   0     1.0101     1.0000    -0.0101     0.9884     0.9884    -0.0000
 39   0     0.9654     1.0000     0.0346     1.0015     1.0015    -0.0000
 40   0     0.9612     1.0000     0.0388     1.0171     1.0171    -0.0000
 41   0     0.9735     1.0000     0.0265     0.9952     0.9952     0.0000
 42   0     1.0101     1.0000    -0.0101     0.9956     0.9956    -0.0000
 43   0     1.0456     1.0000    -0.0456     0.9953     0.9953     0.0000
 44   0     1.0367     1.0000    -0.0367     0.9941     0.9941     0.0000
 45   0     1.0272     1.0000    -0.0272     0.9880     0.9880    -0.0000
 46   0     0.7871     1.0000     0.2129     0.9780     0.9780     0.0000
 47   0     0.7796     1.0000     0.2204     0.9930     0.9930     0.0000
 48   0     0.9743     1.0000     0.0257     0.9882     0.9882     0.0000
 49   0     0.9846     1.0000     0.0154     0.9816     0.9816     0.0000
 50   0     0.9525     1.0000     0.0475     1.0168     1.0168     0.0000
 51   0     0.8063     1.0000     0.1937     0.9944     0.9944     0.0000
 52   0     0.9965     1.0000     0.0035     0.9963     0.9963     0.0000
 53   0     0.9888     1.0000     0.0112     0.9855     0.9855     0.0000
 54   0     0.9848     1.0000     0.0152     0.9848     0.9848    -0.0000
      Bond orders larger than 0.1000000
           Atom A     A.N. of A          Atom B    A.N. of B              Bond order
                0             6               1            6                1.088112
                0             6              29            1                0.944174
                0             6              30            1                0.946844
                0             6              31            1                0.932947
                1             6               2            6                1.919835
                1             6              28            6                1.079020
                2             6               3            6                1.034351
                2             6              32            1                0.949780
                3             6               4            6                1.030727
                3             6              33            1                0.901294
                3             6              34            1                0.892812
                4             6               5            6                1.421124
                4             6               9            6                1.382879
                5             6               6            6                1.304359
                5             6              27            8                1.144661
                6             6               7            6                1.352227
                6             6              35            1                0.988207
                7             6               8            6                1.362438
                7             6              10            6                1.025200
                8             6               9            6                1.355137
                8             6              36            1                0.994394
                9             6              37            1                0.998456
               10             6              11            6                1.071622
               10             6              38            1                0.909438
               10             6              39            1                0.883528
               11             6              12            6                1.049041
               11             6              23            6                0.940651
               11             6              40            1                0.887306
               12             6              13            6                0.987282
               12             6              20            6                0.919775
               12             6              41            1                0.859112
               13             6              14            6                1.391798
               13             6              18            6                1.394687
               14             6              15            6                1.341512
               14             6              42            1                0.969458
               15             6              16            6                1.370371
               15             6              43            1                1.000466
               16             6              17            6                1.353006
               16             6              19            8                1.049239
               17             6              18            6                1.337358
               17             6              44            1                1.002426
               18             6              45            1                0.979023
               19             8              46            1                0.934864
               20             6              21            8                2.066063
               20             6              22            8                1.225443
               22             8              47            1                0.910957
               23             6              24            8                2.050754
               23             6              25            8                1.105025
               25             8              26            6                0.934499
               26             6              48            1                0.974799
               26             6              49            1                0.973920
               26             6              50            1                0.963356
               27             8              51            1                0.933603
               28             6              52            1                0.957743
               28             6              53            1                0.951367
               28             6              54            1                0.945467
# -----------------------------------------------------------
$ Calculation_Info
   description: Details of the calculation
   geom. index: 1
   prop. index: 1
     Multiplicity:                          1
     Charge:                                0
     number of atoms:                       55
     number of electrons:                   0
     number of frozen core electrons:       1
     number of correlated electrons:        0
     number of basis functions:             536
     number of aux C basis functions:       0
     number of aux J basis functions:       1707
     number of aux JK basis functions:      0
     number of aux CABS basis functions:    0
     Total Energy                           -1341.599133
# -----------------------------------------------------------
$ SCF_Electric_Properties
   description: The SCF Calculated Electric Properties
   geom. index: 1
   prop. index: 1
       Filename                          : 75.scfp 
       Do Dipole Moment Calculation      : true 
       Do Quadrupole Moment Calculation  : false 
       Do Polarizability Calculation     : true 
** Dipole moment part of electric properties **
        Magnitude of dipole moment (Debye) :        4.2794094108
        Electronic Contribution:
                  0    
      0     -20.746784
      1     -23.447726
      2      -6.103300
        Nuclear Contribution:
                  0    
      0      19.274057
      1      24.038650
      2       6.665831
        Total Dipole moment:
                  0    
      0      -1.472728
      1       0.590924
      2       0.562531
** Polarizabilities part of electric properties **
        Isotropic polarizability :      259.6012515974
        The raw cartesian tensor (atomic units):
                  0          1          2    
      0     289.229803  21.084800   7.043894
      1      21.084800 270.718161  -3.846591
      2       7.043894  -3.846591 218.855790
        Diagonalised polarizability tensor :
                  0    
      0     217.422107
      1     258.207807
      2     303.173840
# -------------------------------------------------------------
----------------------- !GEOMETRIES! ------------------------
# -------------------------------------------------------------
------------------------ !GEOMETRY! -------------------------
    Number of atoms:    55 
    Geometry Index:     1 
    Coordinates:
               0 C      4.053832000000    4.624442000000    1.503138000000
               1 C      4.447939000000    3.563262000000    0.558983000000
               2 C      4.256629000000    2.300612000000    0.839392000000
               3 C      3.639321000000    1.878339000000    2.101033000000
               4 C      2.503221000000    0.946252000000    1.781439000000
               5 C      1.326371000000    1.444903000000    1.307222000000
               6 C      0.275153000000    0.575256000000    1.011877000000
               7 C      0.425590000000   -0.768245000000    1.197087000000
               8 C      1.610565000000   -1.265450000000    1.674283000000
               9 C      2.650893000000   -0.418592000000    1.968023000000
              10 C     -0.650818000000   -1.708804000000    0.889521000000
              11 C     -0.539778000000   -2.246610000000   -0.522203000000
              12 C     -1.668913000000   -3.219697000000   -0.752617000000
              13 C     -2.966077000000   -2.543964000000   -0.593607000000
              14 C     -3.590774000000   -1.940766000000   -1.665268000000
              15 C     -4.802185000000   -1.314476000000   -1.458779000000
              16 C     -5.377084000000   -1.290407000000   -0.215653000000
              17 C     -4.753461000000   -1.894223000000    0.857611000000
              18 C     -3.549758000000   -2.516285000000    0.653182000000
              19 O     -6.592636000000   -0.655788000000   -0.034200000000
              20 C     -1.530646000000   -3.954044000000   -2.022302000000
              21 O     -0.615810000000   -3.647221000000   -2.832517000000
              22 O     -2.403575000000   -4.981119000000   -2.328036000000
              23 C     -0.481391000000   -1.148195000000   -1.513537000000
              24 O      0.486954000000   -1.047002000000   -2.322439000000
              25 O     -1.456161000000   -0.196575000000   -1.608214000000
              26 C     -1.503638000000    0.874528000000   -2.497157000000
              27 O      1.138695000000    2.818467000000    1.105519000000
              28 C      5.074080000000    3.939058000000   -0.736264000000
              29 H      4.374745000000    4.328289000000    2.540127000000
              30 H      4.564679000000    5.576852000000    1.210570000000
              31 H      2.967672000000    4.742690000000    1.483590000000
              32 H      4.568706000000    1.531216000000    0.104916000000
              33 H      3.173435000000    2.724835000000    2.630292000000
              34 H      4.345799000000    1.409184000000    2.815191000000
              35 H     -0.626404000000    1.036574000000    0.648225000000
              36 H      1.742824000000   -2.334080000000    1.826257000000
              37 H      3.584987000000   -0.789693000000    2.342120000000
              38 H     -0.710614000000   -2.502350000000    1.639197000000
              39 H     -1.608151000000   -1.111457000000    0.948531000000
              40 H      0.422238000000   -2.857201000000   -0.602269000000
              41 H     -1.641764000000   -4.017548000000    0.062514000000
              42 H     -3.170777000000   -1.948631000000   -2.683447000000
              43 H     -5.290120000000   -0.843582000000   -2.291853000000
              44 H     -5.207084000000   -1.876425000000    1.843225000000
              45 H     -3.053814000000   -2.998266000000    1.513193000000
              46 H     -6.641366000000    0.323638000000    0.210828000000
              47 H     -2.495302000000   -5.382632000000   -3.245205000000
              48 H     -2.243930000000    0.632305000000   -3.298081000000
              49 H     -1.929683000000    1.750961000000   -1.933182000000
              50 H     -0.528445000000    1.181716000000   -2.909913000000
              51 H      0.273364000000    3.165528000000    0.758689000000
              52 H      5.211512000000    3.054478000000   -1.403246000000
              53 H      4.427776000000    4.665320000000   -1.263835000000
              54 H      6.083179000000    4.330624000000   -0.524175000000
