-------------------------------------------------------------
----------------------- !PROPERTIES! ------------------------
-------------------------------------------------------------
# -------------------------------------------------------------
----------------------- !GEOMETRIES! ------------------------
# -------------------------------------------------------------
------------------------ !GEOMETRY! -------------------------
    Number of atoms:    131 
    Geometry Index:     1 
    Coordinates:
               0  C      9.964279000000   -2.842596000000    4.493106000000
               1  C     10.802599000000   -3.021955000000    3.237554000000
               2  C     10.023745000000   -3.916794000000    2.305979000000
               3  C     10.723947000000   -4.193870000000    1.020742000000
               4  C     11.044233000000   -3.026770000000    0.167897000000
               5  C      9.826884000000   -2.236115000000   -0.302486000000
               6  C     10.357451000000   -1.108125000000   -1.134632000000
               7  C      9.305815000000   -0.211624000000   -1.733665000000
               8  C      8.409553000000   -1.023415000000   -2.641071000000
               9  C      7.380768000000   -0.072096000000   -3.291904000000
              10  C      6.479055000000   -0.791089000000   -4.205760000000
              11  C      5.598212000000   -1.866013000000   -3.798844000000
              12  C      4.415522000000   -1.845919000000   -2.993791000000
              13  C      4.216784000000   -1.420120000000   -1.622038000000
              14  C      4.379014000000   -0.013085000000   -1.197047000000
              15  C      4.028811000000    0.086257000000    0.299651000000
              16  C      2.603136000000   -0.301150000000    0.505728000000
              17  C      1.735373000000    0.651483000000   -0.276797000000
              18  O      0.593165000000    0.319932000000   -0.651834000000
              19  O      2.190096000000    1.887780000000   -0.580149000000
              20  C      1.591842000000    2.917214000000   -1.256373000000
              21  C      0.419829000000    3.530145000000   -0.613617000000
              22  C     -0.119095000000    4.717551000000   -1.438300000000
              23  O     -1.174140000000    5.292499000000   -0.728818000000
              24  C     -1.058567000000    5.889244000000    0.490339000000
              25  O      0.055536000000    5.967836000000    1.057573000000
              26  C     -2.236083000000    6.471638000000    1.204272000000
              27  C     -3.470563000000    6.158263000000    0.425900000000
              28  C     -4.682009000000    6.726409000000    1.126431000000
              29  C     -4.594893000000    8.211358000000    1.263472000000
              30  C     -4.508950000000    8.835073000000   -0.113593000000
              31  O     -0.666446000000    2.675799000000   -0.446894000000
              32  C     -1.277558000000    2.406212000000    0.768065000000
              33  O     -0.807756000000    2.936731000000    1.800194000000
              34  C     -2.497715000000    1.493047000000    0.843702000000
              35  C     -2.925013000000    1.267528000000   -0.542299000000
              36  C     -4.118960000000    0.468417000000   -0.859809000000
              37  C     -5.417647000000    1.034847000000   -0.458327000000
              38  C     -5.729507000000    1.307830000000    0.957409000000
              39  C     -5.644801000000    0.123552000000    1.858978000000
              40  C     -6.577684000000   -0.954885000000    1.409618000000
              41  C     -7.994428000000   -0.502015000000    1.397643000000
              42  C     -8.935727000000   -1.644646000000    0.943077000000
              43  C     -8.841196000000   -2.813539000000    1.853967000000
              44  C     -9.811074000000   -3.927105000000    1.413812000000
              45  C     -9.476787000000   -4.389021000000    0.053484000000
              46  C    -10.317359000000   -5.432317000000   -0.583659000000
              47  C    -10.393227000000   -6.734739000000    0.109234000000
              48  C    -11.003864000000   -6.741586000000    1.457343000000
              49  H      9.046748000000   -2.257178000000    4.293211000000
              50  H     10.542733000000   -2.382625000000    5.314749000000
              51  H      9.709937000000   -3.873888000000    4.873870000000
              52  H     11.762755000000   -3.443561000000    3.544302000000
              53  H     10.894180000000   -2.006207000000    2.774959000000
              54  H      9.946423000000   -4.910084000000    2.840490000000
              55  H      8.999920000000   -3.531236000000    2.228386000000
              56  H     10.056064000000   -4.872738000000    0.427909000000
              57  H     11.651008000000   -4.788850000000    1.180484000000
              58  H     11.488608000000   -3.435384000000   -0.790716000000
              59  H     11.818830000000   -2.345631000000    0.556808000000
              60  H      9.205730000000   -1.907524000000    0.538879000000
              61  H      9.185459000000   -2.857053000000   -0.968473000000
              62  H     10.953803000000   -1.497600000000   -2.001148000000
              63  H     11.067938000000   -0.523498000000   -0.517749000000
              64  H      8.732991000000    0.358148000000   -0.994603000000
              65  H      9.859405000000    0.522678000000   -2.380302000000
              66  H      8.994540000000   -1.494683000000   -3.449362000000
              67  H      7.848028000000   -1.782840000000   -2.067129000000
              68  H      6.989536000000    0.571021000000   -2.524738000000
              69  H      8.089592000000    0.591156000000   -3.953013000000
              70  H      7.180911000000   -1.246099000000   -5.012264000000
              71  H      5.921789000000   -0.027539000000   -4.870307000000
              72  H      5.280627000000   -2.448820000000   -4.786890000000
              73  H      6.286424000000   -2.718325000000   -3.369578000000
              74  H      3.550963000000   -1.336202000000   -3.638591000000
              75  H      3.967186000000   -2.942385000000   -3.094378000000
              76  H      3.151313000000   -1.757615000000   -1.339154000000
              77  H      4.823678000000   -2.032153000000   -0.874613000000
              78  H      5.366699000000    0.431433000000   -1.290162000000
              79  H      3.606077000000    0.590599000000   -1.764563000000
              80  H      4.711773000000   -0.573937000000    0.880077000000
              81  H      4.140274000000    1.151040000000    0.590257000000
              82  H      2.355608000000   -1.351021000000    0.346679000000
              83  H      2.345329000000   -0.016809000000    1.593952000000
              84  H      2.366315000000    3.688970000000   -1.558217000000
              85  H      1.236063000000    2.554228000000   -2.288627000000
              86  H      0.712067000000    3.913713000000    0.388559000000
              87  H      0.675732000000    5.394275000000   -1.754731000000
              88  H     -0.574796000000    4.293198000000   -2.381969000000
              89  H     -2.057154000000    7.564851000000    1.308882000000
              90  H     -2.289261000000    6.056678000000    2.218552000000
              91  H     -3.544110000000    5.040893000000    0.348249000000
              92  H     -3.355067000000    6.556011000000   -0.608841000000
              93  H     -4.714955000000    6.247651000000    2.146341000000
              94  H     -5.595879000000    6.396198000000    0.606413000000
              95  H     -5.513063000000    8.614635000000    1.747251000000
              96  H     -3.753605000000    8.485748000000    1.894514000000
              97  H     -5.105848000000    8.278684000000   -0.859458000000
              98  H     -4.929248000000    9.862646000000   -0.056473000000
              99  H     -3.465754000000    8.910252000000   -0.466891000000
             100  H     -3.191830000000    2.020664000000    1.490614000000
             101  H     -2.198239000000    0.559615000000    1.386414000000
             102  H     -3.006853000000    2.319449000000   -1.011248000000
             103  H     -2.006901000000    0.881284000000   -1.113696000000
             104  H     -4.133321000000    0.360322000000   -2.005906000000
             105  H     -4.004100000000   -0.610931000000   -0.525775000000
             106  H     -6.245165000000    0.434691000000   -0.962788000000
             107  H     -5.529264000000    2.051864000000   -0.991611000000
             108  H     -5.282376000000    2.234334000000    1.324148000000
             109  H     -6.855327000000    1.577529000000    0.955774000000
             110  H     -6.022376000000    0.463045000000    2.870529000000
             111  H     -4.611023000000   -0.255406000000    2.006846000000
             112  H     -6.248503000000   -1.405173000000    0.449805000000
             113  H     -6.514360000000   -1.774622000000    2.183726000000
             114  H     -8.303386000000   -0.129726000000    2.372953000000
             115  H     -8.224273000000    0.297538000000    0.640372000000
             116  H     -9.941822000000   -1.192104000000    0.883926000000
             117  H     -8.601328000000   -1.912181000000   -0.088389000000
             118  H     -9.017978000000   -2.562897000000    2.916243000000
             119  H     -7.839194000000   -3.279191000000    1.818321000000
             120  H     -9.763010000000   -4.727421000000    2.210984000000
             121  H    -10.816668000000   -3.481804000000    1.501907000000
             122  H     -9.586430000000   -3.474301000000   -0.626828000000
             123  H     -8.392895000000   -4.672560000000   -0.049836000000
             124  H    -11.357434000000   -5.014555000000   -0.781674000000
             125  H     -9.923186000000   -5.667155000000   -1.633421000000
             126  H     -9.315413000000   -7.083336000000    0.249920000000
             127  H    -10.906634000000   -7.499136000000   -0.542015000000
             128  H    -11.688900000000   -7.668120000000    1.514607000000
             129  H    -11.664509000000   -5.907710000000    1.689867000000
             130  H    -10.296220000000   -6.941282000000    2.291911000000
