-------------------------------------------------------------
----------------------- !PROPERTIES! ------------------------
-------------------------------------------------------------
# -----------------------------------------------------------
$ SCF_Energy
   description: The SCF energy
   geom. index: 1
   prop. index: 1
        SCF Energy:    -1076.6651673971
# -----------------------------------------------------------
$ DFT_Energy
   description: The DFT energy
   geom. index: 1
   prop. index: 1
   Number of Alpha Electrons                 90.0000082348 
   Number of Beta  Electrons                 90.0000082348 
   Total number of  Electrons               180.0000164695 
   Exchange energy                         -116.9297372732 
   Correlation energy                        -7.1627259932 
   Correlation energy NL                      0.0000000000 
   Exchange-Correlation energy             -124.0924632663 
   Embedding correction                       0.0000000000 
   Total DFT Energy (No VdW correction)   -1076.6651673971 
# -----------------------------------------------------------
$ Mayer_Pop
   description: The Mayer population analysis
   geom. index: 1
   prop. index: 1
     Number of atoms                     : 49
     Threshold for printing              : 0.1000000
     Number of bond orders printed       : 53
  NA   - Mulliken gross atomic population
  ZA   - Total nuclear charge
  QA   - Mulliken gross atomic charge
  VA   - Mayer's total valence
  BVA  - Mayer's bonded valence
  FA   - Mayer's free valence
  ATOM       NA         ZA         QA         VA         BVA        FA
  0   0     5.9052     6.0000     0.0948     3.8877     3.8877     0.0000
  1   0     6.0006     6.0000    -0.0006     3.9207     3.9207     0.0000
  2   0     6.0904     6.0000    -0.0904     3.7781     3.7781    -0.0000
  3   0     5.8290     6.0000     0.1710     3.7469     3.7469     0.0000
  4   0     6.0239     6.0000    -0.0239     3.7033     3.7033    -0.0000
  5   0     6.0546     6.0000    -0.0546     3.8391     3.8391    -0.0000
  6   0     6.0163     6.0000    -0.0163     3.8264     3.8264     0.0000
  7   0     6.0246     6.0000    -0.0246     3.9638     3.9638    -0.0000
  8   0     8.3041     8.0000    -0.3041     2.1677     2.1677    -0.0000
  9   0     5.7756     6.0000     0.2244     3.8137     3.8137     0.0000
 10   0     6.2320     6.0000    -0.2320     3.8150     3.8150    -0.0000
 11   0     5.7444     6.0000     0.2556     3.7880     3.7880     0.0000
 12   0     5.8604     6.0000     0.1396     3.9710     3.9710    -0.0000
 13   0     6.1062     6.0000    -0.1062     3.6566     3.6566    -0.0000
 14   0     5.9699     6.0000     0.0301     3.7252     3.7252    -0.0000
 15   0     8.2882     8.0000    -0.2882     2.1273     2.1273     0.0000
 16   0     8.1943     8.0000    -0.1943     2.2815     2.2815    -0.0000
 17   0     5.8350     6.0000     0.1650     3.9408     3.9408     0.0000
 18   0     5.8379     6.0000     0.1621     3.8484     3.8484    -0.0000
 19   0     5.7570     6.0000     0.2430     2.9908     2.9908    -0.0000
 20   0     5.9911     6.0000     0.0089     3.3177     3.3177     0.0000
 21   0     6.1005     6.0000    -0.1005     3.7900     3.7900     0.0000
 22   0     6.2446     6.0000    -0.2446     4.2606     4.2606    -0.0000
 23   0     5.9006     6.0000     0.0994     3.9113     3.9113     0.0000
 24   0     5.9186     6.0000     0.0814     3.9254     3.9254     0.0000
 25   0     0.9788     1.0000     0.0212     0.9883     0.9883     0.0000
 26   0     0.9923     1.0000     0.0077     0.9961     0.9961     0.0000
 27   0     0.9823     1.0000     0.0177     0.9895     0.9895     0.0000
 28   0     1.0760     1.0000    -0.0760     0.9853     0.9853    -0.0000
 29   0     1.0475     1.0000    -0.0475     1.0026     1.0026    -0.0000
 30   0     1.0612     1.0000    -0.0612     0.9821     0.9821    -0.0000
 31   0     1.0418     1.0000    -0.0418     1.0045     1.0045    -0.0000
 32   0     1.0674     1.0000    -0.0674     0.9993     0.9993     0.0000
 33   0     0.8061     1.0000     0.1939     0.9949     0.9949     0.0000
 34   0     0.9892     1.0000     0.0108     0.9735     0.9735    -0.0000
 35   0     0.9955     1.0000     0.0045     0.9731     0.9731    -0.0000
 36   0     1.0032     1.0000    -0.0032     0.9760     0.9760    -0.0000
 37   0     0.9687     1.0000     0.0313     1.0137     1.0137    -0.0000
 38   0     1.0065     1.0000    -0.0065     1.0132     1.0132    -0.0000
 39   0     0.9773     1.0000     0.0227     1.0078     1.0078     0.0000
 40   0     1.0746     1.0000    -0.0746     0.9766     0.9766     0.0000
 41   0     1.0867     1.0000    -0.0867     0.9496     0.9496     0.0000
 42   0     1.0106     1.0000    -0.0106     0.9876     0.9876    -0.0000
 43   0     0.9400     1.0000     0.0600     0.9931     0.9931     0.0000
 44   0     0.9976     1.0000     0.0024     0.9944     0.9944     0.0000
 45   0     0.9591     1.0000     0.0409     0.9925     0.9925     0.0000
 46   0     0.9681     1.0000     0.0319     0.9869     0.9869    -0.0000
 47   0     0.9872     1.0000     0.0128     0.9968     0.9968     0.0000
 48   0     0.9773     1.0000     0.0227     0.9865     0.9865    -0.0000
      Bond orders larger than 0.1000000
           Atom A     A.N. of A          Atom B    A.N. of B              Bond order
                0             6               1            6                1.050221
                0             6              25            1                0.952050
                0             6              26            1                0.958865
                0             6              27            1                0.953880
                1             6               2            6                1.379153
                1             6               6            6                1.375777
                2             6               3            6                1.281979
                2             6              28            1                0.997248
                3             6               4            6                1.365048
                3             6              14            6                1.058537
                4             6               5            6                1.379834
                4             6               7            6                0.925312
                5             6               6            6                1.347152
                5             6              29            1                0.981022
                6             6              30            1                1.000730
                7             6               8            8                0.978388
                7             6              18            6                1.064793
                7             6              19            6                0.839128
                8             8               9            6                1.113107
                9             6              10            6                1.317351
                9             6              14            6                1.282214
               10             6              11            6                1.276302
               10             6              13            6                0.105540
               10             6              31            1                1.002004
               11             6              12            6                1.308372
               11             6              16            8                1.094659
               12             6              13            6                1.362155
               12             6              15            8                1.123779
               13             6              14            6                1.256268
               13             6              32            1                0.993828
               15             8              33            1                0.933444
               16             8              17            6                1.033547
               17             6              34            1                0.960460
               17             6              35            1                0.949729
               17             6              36            1                0.953487
               18             6              37            1                0.950279
               18             6              38            1                0.946296
               18             6              39            1                0.955116
               19             6              20            6                1.523470
               19             6              40            1                0.660546
               20             6              21            6                0.968779
               20             6              41            1                0.756490
               21             6              22            6                1.769405
               21             6              42            1                0.979859
               22             6              23            6                1.103756
               22             6              24            6                1.094301
               23             6              43            1                0.936992
               23             6              44            1                0.945189
               23             6              45            1                0.934296
               24             6              46            1                0.942069
               24             6              47            1                0.954555
               24             6              48            1                0.939677
               40             1              41            1                0.156550
# -----------------------------------------------------------
$ Calculation_Info
   description: Details of the calculation
   geom. index: 1
   prop. index: 1
     Multiplicity:                          1
     Charge:                                0
     number of atoms:                       49
     number of electrons:                   0
     number of frozen core electrons:       1
     number of correlated electrons:        0
     number of basis functions:             470
     number of aux C basis functions:       0
     number of aux J basis functions:       1489
     number of aux JK basis functions:      0
     number of aux CABS basis functions:    0
     Total Energy                           -1076.665167
# -----------------------------------------------------------
$ SCF_Electric_Properties
   description: The SCF Calculated Electric Properties
   geom. index: 1
   prop. index: 1
       Filename                          : 94.scfp 
       Do Dipole Moment Calculation      : true 
       Do Quadrupole Moment Calculation  : false 
       Do Polarizability Calculation     : true 
** Dipole moment part of electric properties **
        Magnitude of dipole moment (Debye) :        1.1551193810
        Electronic Contribution:
                  0    
      0     -21.384183
      1       3.274920
      2       1.770423
        Nuclear Contribution:
                  0    
      0      21.820898
      1      -3.318830
      2      -1.888224
        Total Dipole moment:
                  0    
      0       0.436715
      1      -0.043910
      2      -0.117800
** Polarizabilities part of electric properties **
        Isotropic polarizability :      290.6936626949
        The raw cartesian tensor (atomic units):
                  0          1          2    
      0     369.880385 -11.942102   2.467036
      1     -11.942102 351.113758  28.616215
      2       2.467036  28.616215 151.086846
        Diagonalised polarizability tensor :
                  0    
      0     146.997782
      1     348.874038
      2     376.209168
# -------------------------------------------------------------
----------------------- !GEOMETRIES! ------------------------
# -------------------------------------------------------------
------------------------ !GEOMETRY! -------------------------
    Number of atoms:    49 
    Geometry Index:     1 
    Coordinates:
               0 C     -3.134955000000   -4.641362000000   -0.554367000000
               1 C     -2.169863000000   -3.491816000000   -0.550794000000
               2 C     -2.609990000000   -2.202920000000   -0.321458000000
               3 C     -1.696266000000   -1.136247000000   -0.322267000000
               4 C     -0.365786000000   -1.344869000000   -0.550497000000
               5 C      0.053167000000   -2.634791000000   -0.776103000000
               6 C     -0.847279000000   -3.716072000000   -0.775694000000
               7 C      0.622572000000   -0.214616000000   -0.682174000000
               8 O      0.017335000000    0.959782000000   -0.122877000000
               9 C     -1.294971000000    1.206698000000    0.077962000000
              10 C     -1.751129000000    2.474471000000    0.362050000000
              11 C     -3.111214000000    2.779813000000    0.569332000000
              12 C     -3.976604000000    1.667608000000    0.461982000000
              13 C     -3.560561000000    0.405822000000    0.186591000000
              14 C     -2.232476000000    0.172112000000   -0.004101000000
              15 O     -5.349770000000    1.901441000000    0.656342000000
              16 O     -3.529598000000    3.960769000000    0.830315000000
              17 C     -3.622176000000    5.214223000000    1.069181000000
              18 C      0.484613000000    0.105809000000   -2.235187000000
              19 C      1.906227000000   -0.378985000000   -0.333655000000
              20 C      3.083355000000   -0.618609000000   -0.007711000000
              21 C      4.422700000000   -0.891435000000    0.363165000000
              22 C      5.319646000000    0.102989000000    0.544254000000
              23 C      4.964889000000    1.528358000000    0.366172000000
              24 C      6.694526000000   -0.256324000000    0.932885000000
              25 H     -3.616366000000   -4.660693000000    0.459561000000
              26 H     -2.628731000000   -5.587678000000   -0.758839000000
              27 H     -3.948419000000   -4.422912000000   -1.263063000000
              28 H     -3.659960000000   -2.103392000000   -0.144343000000
              29 H      1.085750000000   -2.815666000000   -0.989435000000
              30 H     -0.446724000000   -4.680704000000   -0.963710000000
              31 H     -0.994604000000    3.268227000000    0.420639000000
              32 H     -4.332500000000   -0.369053000000    0.125248000000
              33 H     -6.033747000000    1.169304000000    0.603847000000
              34 H     -4.678004000000    5.518397000000    1.410152000000
              35 H     -3.406453000000    5.944001000000    0.226044000000
              36 H     -2.935277000000    5.543365000000    1.934381000000
              37 H     -0.058906000000    1.029102000000   -2.373922000000
              38 H      1.506869000000    0.204065000000   -2.664181000000
              39 H      0.035107000000   -0.786337000000   -2.666644000000
              40 H      2.281290000000    0.966890000000   -0.449549000000
              41 H      2.692962000000   -1.953175000000    0.135609000000
              42 H      4.836675000000   -1.866211000000    0.524808000000
              43 H      4.038609000000    1.835084000000    0.906719000000
              44 H      5.823439000000    2.165138000000    0.727030000000
              45 H      4.900899000000    1.719987000000   -0.719785000000
              46 H      7.006223000000    0.181540000000    1.892264000000
              47 H      6.829682000000   -1.366190000000    0.952618000000
              48 H      7.385793000000    0.115064000000    0.145845000000
