-------------------------------------------------------------
----------------------- !PROPERTIES! ------------------------
-------------------------------------------------------------
# -----------------------------------------------------------
$ SCF_Energy
   description: The SCF energy
   geom. index: 1
   prop. index: 1
        SCF Energy:    -1222.8331771908
# -----------------------------------------------------------
$ DFT_Energy
   description: The DFT energy
   geom. index: 1
   prop. index: 1
   Number of Alpha Electrons                 91.9999432459 
   Number of Beta  Electrons                 91.9999432459 
   Total number of  Electrons               183.9998864918 
   Exchange energy                         -125.4501258889 
   Correlation energy                        -7.4691586310 
   Correlation energy NL                      0.0000000000 
   Exchange-Correlation energy             -132.9192845199 
   Embedding correction                       0.0000000000 
   Total DFT Energy (No VdW correction)   -1222.8331771908 
# -----------------------------------------------------------
$ Mayer_Pop
   description: The Mayer population analysis
   geom. index: 1
   prop. index: 1
     Number of atoms                     : 45
     Threshold for printing              : 0.1000000
     Number of bond orders printed       : 47
  NA   - Mulliken gross atomic population
  ZA   - Total nuclear charge
  QA   - Mulliken gross atomic charge
  VA   - Mayer's total valence
  BVA  - Mayer's bonded valence
  FA   - Mayer's free valence
  ATOM       NA         ZA         QA         VA         BVA        FA
  0   0     6.0304     6.0000    -0.0304     4.0047     4.0047     0.0000
  1   0     6.0175     6.0000    -0.0175     4.1276     4.1276    -0.0000
  2   0     5.9456     6.0000     0.0544     4.0850     4.0850     0.0000
  3   0     6.0401     6.0000    -0.0401     4.1271     4.1271     0.0000
  4   0     5.8266     6.0000     0.1734     3.8303     3.8303    -0.0000
  5   0     6.1656     6.0000    -0.1656     3.9033     3.9033    -0.0000
  6   0     6.1353     6.0000    -0.1353     3.9090     3.9090    -0.0000
  7   0     5.8447     6.0000     0.1553     3.8609     3.8609    -0.0000
  8   0     6.2146     6.0000    -0.2146     4.1269     4.1269    -0.0000
  9   0     5.6737     6.0000     0.3263     3.9814     3.9814     0.0000
 10   0     6.2016     6.0000    -0.2016     3.8248     3.8248     0.0000
 11   0     6.0619     6.0000    -0.0619     3.8381     3.8381     0.0000
 12   0     5.7469     6.0000     0.2531     4.1941     4.1941     0.0000
 13   0     8.1972     8.0000    -0.1972     2.3183     2.3183     0.0000
 14   0     8.1969     8.0000    -0.1969     2.2545     2.2545     0.0000
 15   0     5.7303     6.0000     0.2697     4.2078     4.2078     0.0000
 16   0     8.1972     8.0000    -0.1972     2.3193     2.3193     0.0000
 17   0     8.2627     8.0000    -0.2627     2.1576     2.1576     0.0000
 18   0     5.9951     6.0000     0.0049     4.0731     4.0731    -0.0000
 19   0     5.9832     6.0000     0.0168     3.9969     3.9969    -0.0000
 20   0     5.7251     6.0000     0.2749     4.1653     4.1653     0.0000
 21   0     8.2035     8.0000    -0.2035     2.3087     2.3087    -0.0000
 22   0     8.2032     8.0000    -0.2032     2.2582     2.2582    -0.0000
 23   0     5.7249     6.0000     0.2751     4.1734     4.1734     0.0000
 24   0     8.2037     8.0000    -0.2037     2.3092     2.3092     0.0000
 25   0     0.9807     1.0000     0.0193     0.9833     0.9833     0.0000
 26   0     0.9738     1.0000     0.0262     0.9919     0.9919     0.0000
 27   0     0.9658     1.0000     0.0342     1.0059     1.0059     0.0000
 28   0     0.9898     1.0000     0.0102     0.9714     0.9714     0.0000
 29   0     0.9818     1.0000     0.0182     0.9774     0.9774    -0.0000
 30   0     0.9976     1.0000     0.0024     1.0042     1.0042     0.0000
 31   0     0.9835     1.0000     0.0165     0.9934     0.9934     0.0000
 32   0     0.9698     1.0000     0.0302     1.0018     1.0018     0.0000
 33   0     1.0047     1.0000    -0.0047     1.0391     1.0391     0.0000
 34   0     0.9911     1.0000     0.0089     1.0286     1.0286     0.0000
 35   0     0.9499     1.0000     0.0501     0.9988     0.9988    -0.0000
 36   0     0.9675     1.0000     0.0325     1.0133     1.0133    -0.0000
 37   0     0.9966     1.0000     0.0034     0.9917     0.9917    -0.0000
 38   0     0.9973     1.0000     0.0027     1.0237     1.0237     0.0000
 39   0     0.8195     1.0000     0.1805     1.0135     1.0135    -0.0000
 40   0     0.9801     1.0000     0.0199     0.9858     0.9858     0.0000
 41   0     0.9928     1.0000     0.0072     0.9763     0.9763     0.0000
 42   0     0.9752     1.0000     0.0248     0.9845     0.9845     0.0000
 43   0     0.9800     1.0000     0.0200     0.9834     0.9834     0.0000
 44   0     0.9754     1.0000     0.0246     1.0105     1.0105     0.0000
      Bond orders larger than 0.1000000
           Atom A     A.N. of A          Atom B    A.N. of B              Bond order
                0             6               1            6                1.090066
                0             6              25            1                0.963078
                0             6              26            1                0.963596
                0             6              27            1                0.964020
                1             6               2            6                1.114712
                1             6              28            1                0.928531
                1             6              29            1                0.934901
                2             6               3            6                1.050548
                2             6              30            1                0.919234
                2             6              31            1                0.924756
                3             6               4            6                1.080235
                3             6              11            6                1.039384
                3             6              32            1                0.871560
                4             6               5            6                1.056660
                4             6              33            1                0.879890
                4             6              34            1                0.847316
                5             6               6            6                1.725079
                5             6              23            6                0.969186
                6             6               7            6                1.085633
                6             6              20            6                0.953936
                7             6               8            6                1.030127
                7             6              35            1                0.860515
                7             6              36            1                0.892780
                8             6               9            6                0.971660
                8             6              18            6                1.045067
                8             6              37            1                0.928117
                9             6              10            6                0.959064
                9             6              17            8                1.155502
                9             6              38            1                0.874244
               10             6              11            6                1.737113
               10             6              15            6                0.977314
               11             6              12            6                0.938682
               12             6              13            8                2.120077
               12             6              14            8                1.069263
               14             8              15            6                1.049079
               15             6              16            8                2.124747
               17             8              39            1                0.950642
               18             6              19            6                1.089402
               18             6              40            1                0.938770
               18             6              41            1                0.944264
               19             6              42            1                0.961057
               19             6              43            1                0.958944
               19             6              44            1                0.965887
               20             6              21            8                2.101328
               20             6              22            8                1.055631
               22             8              23            6                1.056556
               23             6              24            8                2.089155
# -----------------------------------------------------------
$ Calculation_Info
   description: Details of the calculation
   geom. index: 1
   prop. index: 1
     Multiplicity:                          1
     Charge:                                0
     number of atoms:                       45
     number of electrons:                   0
     number of frozen core electrons:       1
     number of correlated electrons:        0
     number of basis functions:             450
     number of aux C basis functions:       0
     number of aux J basis functions:       1445
     number of aux JK basis functions:      0
     number of aux CABS basis functions:    0
     Total Energy                           -1222.833177
# -----------------------------------------------------------
$ SCF_Electric_Properties
   description: The SCF Calculated Electric Properties
   geom. index: 1
   prop. index: 1
       Filename                          : 96.scfp 
       Do Dipole Moment Calculation      : true 
       Do Quadrupole Moment Calculation  : false 
       Do Polarizability Calculation     : true 
** Dipole moment part of electric properties **
        Magnitude of dipole moment (Debye) :        5.5074036118
        Electronic Contribution:
                  0    
      0       3.108721
      1       5.266835
      2     -15.459993
        Nuclear Contribution:
                  0    
      0      -2.808238
      1      -5.934319
      2      17.499335
        Total Dipole moment:
                  0    
      0       0.300482
      1      -0.667484
      2       2.039343
** Polarizabilities part of electric properties **
        Isotropic polarizability :      202.5285274834
        The raw cartesian tensor (atomic units):
                  0          1          2    
      0     254.299425  21.923398  -1.504771
      1      21.923398 188.287831   7.210524
      2      -1.504771   7.210524 164.998326
        Diagonalised polarizability tensor :
                  0    
      0     162.225176
      1     184.438984
      2     260.921423
# -------------------------------------------------------------
----------------------- !GEOMETRIES! ------------------------
# -------------------------------------------------------------
------------------------ !GEOMETRY! -------------------------
    Number of atoms:    45 
    Geometry Index:     1 
    Coordinates:
               0 C     -4.448451000000   -0.559738000000   -0.437221000000
               1 C     -3.732274000000   -0.325457000000    0.865862000000
               2 C     -2.640367000000    0.683939000000    0.791879000000
               3 C     -1.529362000000    0.321236000000   -0.202956000000
               4 C     -0.881878000000   -0.942985000000    0.138207000000
               5 C     -0.143629000000   -1.628339000000   -0.979682000000
               6 C      0.993539000000   -1.225781000000   -1.481013000000
               7 C      1.769397000000   -0.018352000000   -1.044228000000
               8 C      1.990549000000    0.033076000000    0.447571000000
               9 C      1.283769000000    1.210713000000    1.061749000000
              10 C      0.393376000000    1.926733000000    0.075551000000
              11 C     -0.725965000000    1.536270000000   -0.405948000000
              12 C     -1.187465000000    2.608071000000   -1.331262000000
              13 O     -2.252704000000    2.644472000000   -2.029161000000
              14 O     -0.289161000000    3.642482000000   -1.370782000000
              15 C      0.711234000000    3.245670000000   -0.500810000000
              16 O      1.735812000000    3.981828000000   -0.284237000000
              17 O      0.682880000000    0.985858000000    2.286770000000
              18 C      3.531177000000    0.192519000000    0.619119000000
              19 C      4.243899000000   -0.962857000000    0.007726000000
              20 C      1.382886000000   -2.167792000000   -2.559321000000
              21 O      2.441176000000   -2.085638000000   -3.271579000000
              22 O      0.433197000000   -3.156583000000   -2.688580000000
              23 C     -0.515257000000   -2.854322000000   -1.734802000000
              24 O     -1.570677000000   -3.540923000000   -1.532484000000
              25 H     -5.557748000000   -0.573455000000   -0.325192000000
              26 H     -4.188991000000   -1.586360000000   -0.818476000000
              27 H     -4.209799000000    0.150026000000   -1.222686000000
              28 H     -4.513428000000    0.147806000000    1.541614000000
              29 H     -3.472390000000   -1.261934000000    1.402657000000
              30 H     -2.240965000000    0.849096000000    1.794858000000
              31 H     -3.084353000000    1.634064000000    0.427786000000
              32 H     -2.148935000000    0.044063000000   -1.122175000000
              33 H     -0.414071000000   -1.070383000000    1.116165000000
              34 H     -1.797658000000   -1.639360000000    0.322518000000
              35 H      1.300387000000    0.929983000000   -1.447768000000
              36 H      2.767108000000    0.010674000000   -1.591442000000
              37 H      1.830204000000   -0.931632000000    0.963902000000
              38 H      2.134252000000    1.892037000000    1.402657000000
              39 H      0.996941000000    0.134888000000    2.678153000000
              40 H      3.778289000000    1.113563000000    0.062165000000
              41 H      3.783096000000    0.358489000000    1.668705000000
              42 H      5.019518000000   -0.577922000000   -0.683880000000
              43 H      4.789836000000   -1.582977000000    0.756028000000
              44 H      3.553005000000   -1.584767000000   -0.600617000000
