-------------------------------------------------------------
----------------------- !PROPERTIES! ------------------------
-------------------------------------------------------------
# -----------------------------------------------------------
$ SCF_Energy
   description: The SCF energy
   geom. index: 1
   prop. index: 1
        SCF Energy:    -1014.4877518183
# -----------------------------------------------------------
$ DFT_Energy
   description: The DFT energy
   geom. index: 1
   prop. index: 1
   Number of Alpha Electrons                 81.9999008462 
   Number of Beta  Electrons                 81.9999008462 
   Total number of  Electrons               163.9998016924 
   Exchange energy                         -108.5884415740 
   Correlation energy                        -6.5924805952 
   Correlation energy NL                      0.0000000000 
   Exchange-Correlation energy             -115.1809221692 
   Embedding correction                       0.0000000000 
   Total DFT Energy (No VdW correction)   -1014.4877518183 
# -----------------------------------------------------------
$ Mayer_Pop
   description: The Mayer population analysis
   geom. index: 1
   prop. index: 1
     Number of atoms                     : 42
     Threshold for printing              : 0.1000000
     Number of bond orders printed       : 45
  NA   - Mulliken gross atomic population
  ZA   - Total nuclear charge
  QA   - Mulliken gross atomic charge
  VA   - Mayer's total valence
  BVA  - Mayer's bonded valence
  FA   - Mayer's free valence
  ATOM       NA         ZA         QA         VA         BVA        FA
  0   0     5.9194     6.0000     0.0806     3.9352     3.9352    -0.0000
  1   0     6.0093     6.0000    -0.0093     4.0419     4.0419     0.0000
  2   0     5.9266     6.0000     0.0734     3.9465     3.9465     0.0000
  3   0     6.1299     6.0000    -0.1299     3.7218     3.7218    -0.0000
  4   0     5.7118     6.0000     0.2882     3.9001     3.9001     0.0000
  5   0     6.0696     6.0000    -0.0696     3.7701     3.7701     0.0000
  6   0     5.9483     6.0000     0.0517     3.9283     3.9283     0.0000
  7   0     7.0041     7.0000    -0.0041     3.3446     3.3446     0.0000
  8   0     5.9735     6.0000     0.0265     4.3397     4.3397     0.0000
  9   0     8.3211     8.0000    -0.3211     2.2271     2.2271     0.0000
 10   0     5.9331     6.0000     0.0669     3.8342     3.8342    -0.0000
 11   0     6.0154     6.0000    -0.0154     3.8409     3.8409     0.0000
 12   0     5.9645     6.0000     0.0355     3.8098     3.8098    -0.0000
 13   0     5.9732     6.0000     0.0268     3.8163     3.8163    -0.0000
 14   0     5.9713     6.0000     0.0287     3.8291     3.8291     0.0000
 15   0     5.9981     6.0000     0.0019     3.8793     3.8793    -0.0000
 16   0     8.3126     8.0000    -0.3126     2.1780     2.1780     0.0000
 17   0     6.0457     6.0000    -0.0457     4.0970     4.0970    -0.0000
 18   0     6.0489     6.0000    -0.0489     3.8335     3.8335     0.0000
 19   0     6.1446     6.0000    -0.1446     4.1618     4.1618     0.0000
 20   0     5.8771     6.0000     0.1229     3.8966     3.8966     0.0000
 21   0     5.6275     6.0000     0.3725     3.9635     3.9635    -0.0000
 22   0     8.3121     8.0000    -0.3121     2.1392     2.1392    -0.0000
 23   0     0.9945     1.0000     0.0055     0.9985     0.9985    -0.0000
 24   0     0.9857     1.0000     0.0143     0.9952     0.9952    -0.0000
 25   0     0.9815     1.0000     0.0185     0.9866     0.9866    -0.0000
 26   0     0.9762     1.0000     0.0238     1.0231     1.0231    -0.0000
 27   0     1.0071     1.0000    -0.0071     0.9967     0.9967     0.0000
 28   0     0.9940     1.0000     0.0060     0.9981     0.9981    -0.0000
 29   0     0.8515     1.0000     0.1485     1.0061     1.0061    -0.0000
 30   0     1.0492     1.0000    -0.0492     0.9872     0.9872    -0.0000
 31   0     1.0227     1.0000    -0.0227     0.9769     0.9769     0.0000
 32   0     1.0233     1.0000    -0.0233     0.9769     0.9769    -0.0000
 33   0     1.0193     1.0000    -0.0193     0.9762     0.9762    -0.0000
 34   0     1.0263     1.0000    -0.0263     0.9974     0.9974     0.0000
 35   0     1.0354     1.0000    -0.0354     1.0003     1.0003     0.0000
 36   0     0.9760     1.0000     0.0240     0.9948     0.9948    -0.0000
 37   0     0.9870     1.0000     0.0130     0.9971     0.9971    -0.0000
 38   0     0.9751     1.0000     0.0249     0.9918     0.9918     0.0000
 39   0     1.0194     1.0000    -0.0194     0.9863     0.9863     0.0000
 40   0     1.0200     1.0000    -0.0200     0.9925     0.9925    -0.0000
 41   0     0.8182     1.0000     0.1818     1.0196     1.0196    -0.0000
      Bond orders larger than 0.1000000
           Atom A     A.N. of A          Atom B    A.N. of B              Bond order
                0             6               1            6                1.056611
                0             6              23            1                0.958879
                0             6              24            1                0.956393
                0             6              25            1                0.959912
                1             6               2            6                1.033545
                1             6              19            6                0.998311
                1             6              26            1                0.890557
                2             6               3            6                0.981904
                2             6              17            6                1.035114
                2             6              27            1                0.864578
                3             6               4            6                1.435237
                3             6               8            6                1.133975
                4             6               5            6                1.229761
                4             6              16            8                1.132062
                5             6               6            6                1.530135
                5             6              10            6                0.955884
                6             6               7            7                1.238070
                6             6              28            1                0.964498
                7             7               8            6                1.131341
                7             7              29            1                0.893308
                8             6               9            8                2.018158
               10             6              11            6                1.408399
               10             6              15            6                1.374063
               11             6              12            6                1.347542
               11             6              30            1                0.991518
               12             6              13            6                1.395593
               12             6              31            1                0.985428
               13             6              14            6                1.347415
               13             6              32            1                0.992439
               14             6              15            6                1.414351
               14             6              33            1                0.989073
               15             6              34            1                0.984674
               16             8              17            6                0.908924
               17             6              18            6                0.924514
               17             6              21            6                1.039539
               18             6              19            6                1.859604
               18             6              35            1                0.972799
               19             6              20            6                1.089183
               20             6              36            1                0.944719
               20             6              37            1                0.952784
               20             6              38            1                0.942181
               21             6              22            8                1.084683
               21             6              39            1                0.914202
               21             6              40            1                0.907350
               22             8              41            1                0.960420
# -----------------------------------------------------------
$ Calculation_Info
   description: Details of the calculation
   geom. index: 1
   prop. index: 1
     Multiplicity:                          1
     Charge:                                0
     number of atoms:                       42
     number of electrons:                   0
     number of frozen core electrons:       1
     number of correlated electrons:        0
     number of basis functions:             417
     number of aux C basis functions:       0
     number of aux J basis functions:       1336
     number of aux JK basis functions:      0
     number of aux CABS basis functions:    0
     Total Energy                           -1014.487752
# -----------------------------------------------------------
$ SCF_Electric_Properties
   description: The SCF Calculated Electric Properties
   geom. index: 1
   prop. index: 1
       Filename                          : 184.scfp 
       Do Dipole Moment Calculation      : true 
       Do Quadrupole Moment Calculation  : false 
       Do Polarizability Calculation     : true 
** Dipole moment part of electric properties **
        Magnitude of dipole moment (Debye) :        3.3043819027
        Electronic Contribution:
                  0    
      0      13.641646
      1       1.617995
      2       5.969139
        Nuclear Contribution:
                  0    
      0     -12.882293
      1      -2.638426
      2      -5.700533
        Total Dipole moment:
                  0    
      0       0.759353
      1      -1.020431
      2       0.268606
** Polarizabilities part of electric properties **
        Isotropic polarizability :      211.8067761611
        The raw cartesian tensor (atomic units):
                  0          1          2    
      0     258.087887 -31.971282 -35.689268
      1     -31.971282 167.134053  -6.479120
      2     -35.689268  -6.479120 210.198388
        Diagonalised polarizability tensor :
                  0    
      0     151.292373
      1     201.302953
      2     282.825003
# -------------------------------------------------------------
----------------------- !GEOMETRIES! ------------------------
# -------------------------------------------------------------
------------------------ !GEOMETRY! -------------------------
    Number of atoms:    42 
    Geometry Index:     1 
    Coordinates:
               0 C     -4.013019000000    1.316731000000    0.118897000000
               1 C     -2.814277000000    0.456916000000    0.453349000000
               2 C     -1.532764000000    1.189436000000    0.188591000000
               3 C     -0.426566000000    0.724766000000    1.060201000000
               4 C      0.671196000000    0.353590000000    0.297938000000
               5 C      1.831194000000   -0.115000000000    0.873599000000
               6 C      1.901885000000   -0.217083000000    2.238474000000
               7 N      0.822045000000    0.147704000000    2.994303000000
               8 C     -0.314265000000    0.606040000000    2.442756000000
               9 O     -1.307576000000    0.940701000000    3.154232000000
              10 C      2.969215000000   -0.499411000000    0.076023000000
              11 C      3.703448000000   -1.645245000000    0.272135000000
              12 C      4.778953000000   -1.932060000000   -0.542194000000
              13 C      5.153346000000   -1.086822000000   -1.573794000000
              14 C      4.431452000000    0.061109000000   -1.783513000000
              15 C      3.374340000000    0.331656000000   -0.974118000000
              16 O      0.355416000000    0.545260000000   -1.018131000000
              17 C     -1.059651000000    0.680703000000   -1.160210000000
              18 C     -1.746063000000   -0.602348000000   -1.254200000000
              19 C     -2.719049000000   -0.748863000000   -0.372828000000
              20 C     -3.617327000000   -1.963255000000   -0.213553000000
              21 C     -1.316297000000    1.632246000000   -2.277785000000
              22 O     -0.763206000000    1.130742000000   -3.431369000000
              23 H     -3.727096000000    2.400165000000    0.173304000000
              24 H     -4.426049000000    1.130805000000   -0.875339000000
              25 H     -4.759218000000    1.172581000000    0.940188000000
              26 H     -2.851620000000    0.121902000000    1.526531000000
              27 H     -1.654375000000    2.286892000000    0.206988000000
              28 H      2.759376000000   -0.570595000000    2.792697000000
              29 H      0.875109000000    0.069997000000    4.038336000000
              30 H      3.401693000000   -2.293049000000    1.077115000000
              31 H      5.365082000000   -2.840959000000   -0.390243000000
              32 H      6.000279000000   -1.319690000000   -2.209514000000
              33 H      4.674417000000    0.770699000000   -2.580464000000
              34 H      2.802784000000    1.233417000000   -1.134522000000
              35 H     -1.506640000000   -1.406552000000   -1.980900000000
              36 H     -3.621461000000   -2.264801000000    0.842448000000
              37 H     -3.265960000000   -2.759994000000   -0.897082000000
              38 H     -4.672595000000   -1.681384000000   -0.474335000000
              39 H     -2.384785000000    1.909317000000   -2.382745000000
              40 H     -0.782120000000    2.581882000000   -2.039977000000
              41 H     -0.589252000000    0.151851000000   -3.394643000000
