-------------------------------------------------------------
----------------------- !PROPERTIES! ------------------------
-------------------------------------------------------------
# -------------------------------------------------------------
----------------------- !GEOMETRIES! ------------------------
# -------------------------------------------------------------
------------------------ !GEOMETRY! -------------------------
    Number of atoms:    124 
    Geometry Index:     1 
    Coordinates:
               0  C      1.800908000000   -2.892884000000    5.203878000000
               1  O      2.479247000000   -2.148946000000    4.241444000000
               2  C      1.846806000000   -1.949848000000    3.000572000000
               3  C      0.603245000000   -2.459320000000    2.720264000000
               4  C      0.032382000000   -2.233115000000    1.495468000000
               5  C      0.693007000000   -1.491358000000    0.523280000000
               6  C      1.916143000000   -0.982863000000    0.772193000000
               7  C      2.492949000000   -1.224270000000    2.043828000000
               8  P      2.950022000000   -0.119801000000   -0.336134000000
               9  O      4.072064000000   -1.143786000000   -0.719907000000
              10  C      3.868716000000    1.114015000000    0.625951000000
              11  C      3.127808000000    2.015577000000    1.348292000000
              12  C      3.765012000000    2.982961000000    2.103893000000
              13  C      5.127125000000    3.036041000000    2.126823000000
              14  C      5.872664000000    2.131675000000    1.401940000000
              15  C      5.222171000000    1.177491000000    0.657364000000
              16  C      2.302485000000    0.561683000000   -1.791805000000
              17  C      2.590619000000    0.011761000000   -3.019807000000
              18  C      2.100405000000    0.586693000000   -4.165572000000
              19  C      1.312431000000    1.717555000000   -4.147043000000
              20  C      1.012285000000    2.283044000000   -2.930044000000
              21  C      1.517097000000    1.687995000000   -1.779322000000
              22  C      0.038462000000   -1.291030000000   -0.730165000000
              23  C      0.351397000000   -2.066903000000   -1.823453000000
              24  C     -0.289583000000   -1.921397000000   -3.031026000000
              25  C     -1.279641000000   -0.956991000000   -3.132610000000
              26  C     -1.588242000000   -0.179998000000   -2.024255000000
              27  C     -0.949070000000   -0.325687000000   -0.814669000000
              28  P     -1.439846000000    0.645262000000    0.610936000000
              29  O     -0.329923000000    0.780913000000    1.606349000000
              30  C     -2.916723000000   -0.038773000000    1.388063000000
              31  C     -3.810546000000   -0.698287000000    0.585347000000
              32  C     -4.956497000000   -1.222716000000    1.178145000000
              33  C     -5.190054000000   -1.085908000000    2.529702000000
              34  C     -4.274393000000   -0.419020000000    3.307930000000
              35  C     -3.115255000000    0.114536000000    2.724071000000
              36  C     -1.914281000000    2.276614000000    0.074938000000
              37  C     -3.168597000000    2.460822000000   -0.512088000000
              38  C     -3.596317000000    3.695179000000   -0.931017000000
              39  C     -2.770320000000    4.809037000000   -0.774833000000
              40  C     -1.534669000000    4.615888000000   -0.193823000000
              41  C     -1.113531000000    3.382804000000    0.222164000000
              42  O     -1.976811000000   -0.737204000000   -4.297707000000
              43  C     -2.968858000000    0.255967000000   -4.353871000000
              44  O      1.354565000000   -3.049726000000   -1.735211000000
              45  C      1.633253000000   -3.813086000000   -2.884208000000
              46  O     -1.216678000000   -2.732149000000    1.176054000000
              47  C     -1.907091000000   -3.487778000000    2.147113000000
              48  C     -6.785419000000   -0.550127000000   -0.212380000000
              49  C     -6.274052000000   -0.769657000000    1.037054000000
              50  C     -4.909092000000   -0.849455000000    1.237595000000
              51  C     -4.002966000000   -0.714416000000    0.206413000000
              52  C     -4.518677000000   -0.493064000000   -1.053387000000
              53  C     -5.894307000000   -0.409646000000   -1.274027000000
              54  C     -2.554963000000   -0.802455000000    0.440392000000
              55  O     -2.152895000000   -1.005920000000    1.614111000000
              56  O     -1.628782000000   -0.673530000000   -0.557198000000
              57  C     -0.255274000000   -0.758460000000   -0.326340000000
              58  C      0.363345000000    0.592750000000   -0.605853000000
              59  C      0.029742000000    1.085395000000   -1.967032000000
              60  O     -1.164358000000    1.222618000000   -2.338012000000
              61  O      1.011165000000    1.417572000000   -2.893793000000
              62  O      1.732751000000    0.505505000000   -0.374911000000
              63  C      2.396228000000    1.202902000000    0.617899000000
              64  O      1.711145000000    1.957548000000    1.349195000000
              65  C      3.854067000000    1.064914000000    0.809968000000
              66  C      4.504770000000    1.764798000000    1.802512000000
              67  C      5.858444000000    1.637157000000    1.981400000000
              68  C      6.569293000000    0.806653000000    1.166125000000
              69  C      5.930254000000    0.101089000000    0.169669000000
              70  C      4.569402000000    0.236370000000   -0.001880000000
              71  C      0.418348000000   -1.827659000000   -1.053203000000
              72  O      1.650494000000   -1.993471000000   -0.919474000000
              73  O     -0.271281000000   -2.674916000000   -1.896544000000
              74  H      2.355254000000   -2.756133000000    6.171200000000
              75  H      1.942420000000   -3.975815000000    4.959455000000
              76  H      0.749211000000   -2.612256000000    5.316675000000
              77  H      0.094358000000   -3.027219000000    3.453773000000
              78  H      3.482154000000   -0.826231000000    2.284996000000
              79  H      2.048932000000    2.042476000000    1.384280000000
              80  H      3.193680000000    3.703234000000    2.680686000000
              81  H      5.660298000000    3.775007000000    2.703787000000
              82  H      6.934104000000    2.169149000000    1.418656000000
              83  H      5.771606000000    0.448507000000    0.074856000000
              84  H      3.207706000000   -0.875612000000   -3.036520000000
              85  H      2.350279000000    0.122664000000   -5.118779000000
              86  H      0.977499000000    2.091676000000   -5.089841000000
              87  H      0.392104000000    3.174194000000   -2.888188000000
              88  H      1.251695000000    2.179565000000   -0.857548000000
              89  H     -0.087521000000   -2.499790000000   -3.921719000000
              90  H     -2.373649000000    0.588161000000   -2.115862000000
              91  H     -3.626988000000   -0.805844000000   -0.468481000000
              92  H     -5.689941000000   -1.745865000000    0.605396000000
              93  H     -6.081085000000   -1.491223000000    3.000142000000
              94  H     -4.419113000000   -0.289796000000    4.369507000000
              95  H     -2.383716000000    0.641835000000    3.315760000000
              96  H     -3.837975000000    1.645908000000   -0.641895000000
              97  H     -4.554403000000    3.892676000000   -1.391091000000
              98  H     -3.086381000000    5.799469000000   -1.098610000000
              99  H     -0.895015000000    5.476378000000   -0.072264000000
             100  H     -0.147134000000    3.273290000000    0.679690000000
             101  H     -3.700949000000    0.013453000000   -3.557566000000
             102  H     -3.524291000000    0.143693000000   -5.310100000000
             103  H     -2.609718000000    1.274848000000   -4.177725000000
             104  H      2.510364000000   -4.476933000000   -2.746830000000
             105  H      1.832161000000   -3.173168000000   -3.759933000000
             106  H      0.719213000000   -4.408553000000   -3.143737000000
             107  H     -1.260057000000   -4.289665000000    2.590571000000
             108  H     -2.770307000000   -4.027370000000    1.699018000000
             109  H     -2.201136000000   -2.845382000000    3.000811000000
             110  H     -7.844663000000   -0.487213000000   -0.374003000000
             111  H     -6.964819000000   -0.878832000000    1.861733000000
             112  H     -4.495815000000   -1.022686000000    2.221967000000
             113  H     -3.864656000000   -0.379212000000   -1.898961000000
             114  H     -6.322745000000   -0.238202000000   -2.243258000000
             115  H     -0.093331000000   -0.941995000000    0.776225000000
             116  H     -0.082014000000    1.299765000000    0.127077000000
             117  H      0.873605000000    1.454103000000   -3.877722000000
             118  H      3.919764000000    2.416301000000    2.435388000000
             119  H      6.319765000000    2.210967000000    2.777517000000
             120  H      7.621988000000    0.687919000000    1.282054000000
             121  H      6.449316000000   -0.561738000000   -0.492794000000
             122  H      4.039285000000   -0.302043000000   -0.772663000000
             123  H      0.256940000000   -3.329630000000   -2.459349000000
