-------------------------------------------------------------
----------------------- !PROPERTIES! ------------------------
-------------------------------------------------------------
# -----------------------------------------------------------
$ SCF_Energy
   description: The SCF energy
   geom. index: 1
   prop. index: 1
        SCF Energy:    -1233.0265046803
# -----------------------------------------------------------
$ DFT_Energy
   description: The DFT energy
   geom. index: 1
   prop. index: 1
   Number of Alpha Electrons                 96.9999830031 
   Number of Beta  Electrons                 96.9999830031 
   Total number of  Electrons               193.9999660063 
   Exchange energy                         -130.5382379219 
   Correlation energy                        -7.8233328149 
   Correlation energy NL                      0.0000000000 
   Exchange-Correlation energy             -138.3615707369 
   Embedding correction                       0.0000000000 
   Total DFT Energy (No VdW correction)   -1233.0265046803 
# -----------------------------------------------------------
$ Mayer_Pop
   description: The Mayer population analysis
   geom. index: 1
   prop. index: 1
     Number of atoms                     : 45
     Threshold for printing              : 0.1000000
     Number of bond orders printed       : 47
  NA   - Mulliken gross atomic population
  ZA   - Total nuclear charge
  QA   - Mulliken gross atomic charge
  VA   - Mayer's total valence
  BVA  - Mayer's bonded valence
  FA   - Mayer's free valence
  ATOM       NA         ZA         QA         VA         BVA        FA
  0   0     5.9214     6.0000     0.0786     3.9195     3.9195     0.0000
  1   0     5.8501     6.0000     0.1499     3.9781     3.9781     0.0000
  2   0     6.0384     6.0000    -0.0384     3.8945     3.8945    -0.0000
  3   0     6.0317     6.0000    -0.0317     3.8003     3.8003    -0.0000
  4   0     5.9910     6.0000     0.0090     3.9228     3.9228     0.0000
  5   0     5.9623     6.0000     0.0377     3.6879     3.6879     0.0000
  6   0     5.9865     6.0000     0.0135     3.9059     3.9059     0.0000
  7   0     5.9931     6.0000     0.0069     3.8369     3.8369     0.0000
  8   0     5.8728     6.0000     0.1272     4.2452     4.2452    -0.0000
  9   0     8.2767     8.0000    -0.2767     2.2177     2.2177    -0.0000
 10   0     7.1394     7.0000    -0.1394     3.1775     3.1775     0.0000
 11   0     7.1985     7.0000    -0.1985     3.1791     3.1791     0.0000
 12   0     5.9163     6.0000     0.0837     4.2385     4.2385     0.0000
 13   0     7.1569     7.0000    -0.1569     3.1099     3.1099     0.0000
 14   0     5.8840     6.0000     0.1160     4.0143     4.0143     0.0000
 15   0     6.0956     6.0000    -0.0956     3.6938     3.6938    -0.0000
 16   0     5.9329     6.0000     0.0671     4.0114     4.0114     0.0000
 17   0     7.1167     7.0000    -0.1167     3.1194     3.1194     0.0000
 18   0     5.8584     6.0000     0.1416     4.0360     4.0360     0.0000
 19   0     8.2320     8.0000    -0.2320     2.2702     2.2702    -0.0000
 20   0     5.9561     6.0000     0.0439     3.6590     3.6590     0.0000
 21   0     5.9803     6.0000     0.0197     3.8548     3.8548     0.0000
 22   0     5.9561     6.0000     0.0439     3.7913     3.7913    -0.0000
 23   0     5.9477     6.0000     0.0523     3.8519     3.8519    -0.0000
 24   0     6.0761     6.0000    -0.0761     3.9225     3.9225     0.0000
 25   0     6.0059     6.0000    -0.0059     3.8353     3.8353     0.0000
 26   0     6.1072     6.0000    -0.1072     4.0184     4.0184     0.0000
 27   0     6.9379     7.0000     0.0621     3.1379     3.1379     0.0000
 28   0     0.9929     1.0000     0.0071     1.0091     1.0091     0.0000
 29   0     0.9632     1.0000     0.0368     1.0185     1.0185     0.0000
 30   0     0.9859     1.0000     0.0141     0.9926     0.9926     0.0000
 31   0     1.0049     1.0000    -0.0049     0.9926     0.9926    -0.0000
 32   0     1.0135     1.0000    -0.0135     1.0028     1.0028     0.0000
 33   0     1.0159     1.0000    -0.0159     0.9840     0.9840     0.0000
 34   0     1.0246     1.0000    -0.0246     0.9848     0.9848     0.0000
 35   0     1.0309     1.0000    -0.0309     0.9883     0.9883     0.0000
 36   0     0.8698     1.0000     0.1302     0.9973     0.9973    -0.0000
 37   0     0.8597     1.0000     0.1403     1.0065     1.0065     0.0000
 38   0     0.8427     1.0000     0.1573     1.0024     1.0024     0.0000
 39   0     0.9889     1.0000     0.0111     1.0078     1.0078    -0.0000
 40   0     0.9761     1.0000     0.0239     0.9989     0.9989     0.0000
 41   0     0.9916     1.0000     0.0084     1.0059     1.0059     0.0000
 42   0     1.0114     1.0000    -0.0114     0.9799     0.9799    -0.0000
 43   0     1.0097     1.0000    -0.0097     0.9868     0.9868     0.0000
 44   0     0.9965     1.0000     0.0035     1.0003     1.0003     0.0000
      Bond orders larger than 0.1000000
           Atom A     A.N. of A          Atom B    A.N. of B              Bond order
                0             6               1            6                1.063183
                0             6              28            1                0.951313
                0             6              29            1                0.948882
                0             6              30            1                0.960880
                1             6               2            6                0.985275
                1             6              11            7                0.951619
                1             6              31            1                0.917194
                2             6               3            6                1.340045
                2             6               7            6                1.425576
                3             6               4            6                1.373144
                3             6              32            1                0.992843
                4             6               5            6                1.396047
                4             6              33            1                0.987232
                5             6               6            6                1.406724
                5             6               8            6                0.888577
                6             6               7            6                1.343821
                6             6              34            1                0.990183
                7             6              35            1                0.996247
                8             6               9            8                2.062871
                8             6              10            7                1.226888
               10             7              36            1                0.938921
               10             7              37            1                0.935567
               11             7              12            6                1.187379
               11             7              38            1                0.904151
               12             6              13            7                1.407985
               12             6              17            7                1.425933
               13             7              14            6                1.532382
               14             6              15            6                1.327836
               14             6              39            1                0.983030
               15             6              16            6                1.331327
               15             6              18            6                0.979002
               16             6              17            7                1.562024
               16             6              40            1                0.966590
               18             6              19            8                2.111134
               18             6              20            6                0.934885
               20             6              21            6                1.358120
               20             6              25            6                1.340119
               21             6              22            6                1.361796
               21             6              41            1                0.995403
               22             6              23            6                1.341920
               22             6              42            1                0.997089
               23             6              24            6                1.403846
               23             6              43            1                0.992224
               24             6              25            6                1.343774
               24             6              26            6                1.043444
               25             6              44            1                1.001114
               26             6              27            7                3.011908
# -----------------------------------------------------------
$ Calculation_Info
   description: Details of the calculation
   geom. index: 1
   prop. index: 1
     Multiplicity:                          1
     Charge:                                0
     number of atoms:                       45
     number of electrons:                   0
     number of frozen core electrons:       1
     number of correlated electrons:        0
     number of basis functions:             477
     number of aux C basis functions:       0
     number of aux J basis functions:       1559
     number of aux JK basis functions:      0
     number of aux CABS basis functions:    0
     Total Energy                           -1233.026505
# -----------------------------------------------------------
$ SCF_Electric_Properties
   description: The SCF Calculated Electric Properties
   geom. index: 1
   prop. index: 1
       Filename                          : 269.scfp 
       Do Dipole Moment Calculation      : true 
       Do Quadrupole Moment Calculation  : false 
       Do Polarizability Calculation     : true 
** Dipole moment part of electric properties **
        Magnitude of dipole moment (Debye) :        2.1848050128
        Electronic Contribution:
                  0    
      0     -14.315200
      1      -3.814142
      2       6.109667
        Nuclear Contribution:
                  0    
      0      14.074985
      1       3.734396
      2      -5.288226
        Total Dipole moment:
                  0    
      0      -0.240215
      1      -0.079747
      2       0.821441
** Polarizabilities part of electric properties **
        Isotropic polarizability :      276.1647044665
        The raw cartesian tensor (atomic units):
                  0          1          2    
      0     411.998899  -0.893167 -20.904031
      1      -0.893167 185.450655 -25.218035
      2     -20.904031 -25.218035 231.044559
        Diagonalised polarizability tensor :
                  0    
      0     173.881527
      1     240.213030
      2     414.399557
# -------------------------------------------------------------
----------------------- !GEOMETRIES! ------------------------
# -------------------------------------------------------------
------------------------ !GEOMETRY! -------------------------
    Number of atoms:    45 
    Geometry Index:     1 
    Coordinates:
               0 C      1.597807000000    0.767319000000   -2.478552000000
               1 C      1.919642000000   -0.295725000000   -1.415961000000
               2 C      3.360756000000   -0.014192000000   -1.069403000000
               3 C      3.560248000000    1.162576000000   -0.364459000000
               4 C      4.873820000000    1.470732000000   -0.023194000000
               5 C      5.934994000000    0.666207000000   -0.356301000000
               6 C      5.673883000000   -0.489318000000   -1.056753000000
               7 C      4.378107000000   -0.855257000000   -1.429353000000
               8 C      7.313398000000    1.039448000000    0.028289000000
               9 O      7.970093000000    1.788790000000   -0.750755000000
              10 N      7.849926000000    0.557274000000    1.236013000000
              11 N      1.156665000000   -0.042017000000   -0.213918000000
              12 C     -0.265568000000    0.004246000000   -0.280405000000
              13 N     -0.842127000000   -0.191310000000   -1.476531000000
              14 C     -2.180168000000   -0.165219000000   -1.638047000000
              15 C     -2.978123000000    0.071444000000   -0.532183000000
              16 C     -2.350343000000    0.270613000000    0.692550000000
              17 N     -1.014673000000    0.239060000000    0.826163000000
              18 C     -4.417665000000    0.125081000000   -0.662038000000
              19 O     -4.920776000000    0.504829000000   -1.739321000000
              20 C     -5.250921000000   -0.262682000000    0.462674000000
              21 C     -6.480190000000    0.348582000000    0.563247000000
              22 C     -7.359836000000    0.044058000000    1.577511000000
              23 C     -6.971427000000   -0.906937000000    2.508345000000
              24 C     -5.743501000000   -1.525321000000    2.417800000000
              25 C     -4.861743000000   -1.209482000000    1.387307000000
              26 C     -5.349513000000   -2.513170000000    3.387626000000
              27 N     -5.028354000000   -3.330990000000    4.162341000000
              28 H      1.477956000000    1.714394000000   -1.950440000000
              29 H      0.749813000000    0.472106000000   -3.116825000000
              30 H      2.493912000000    0.842168000000   -3.140796000000
              31 H      1.781974000000   -1.313913000000   -1.812371000000
              32 H      2.740423000000    1.815681000000   -0.089425000000
              33 H      5.043508000000    2.403706000000    0.538034000000
              34 H      6.471672000000   -1.160566000000   -1.347114000000
              35 H      4.171486000000   -1.762976000000   -1.981191000000
              36 H      7.233139000000    0.117512000000    1.933864000000
              37 H      8.857850000000    0.642830000000    1.424400000000
              38 H      1.654220000000    0.107632000000    0.711097000000
              39 H     -2.590447000000   -0.328755000000   -2.620054000000
              40 H     -3.012571000000    0.462965000000    1.542484000000
              41 H     -6.798154000000    1.104125000000   -0.166726000000
              42 H     -8.318223000000    0.508829000000    1.672490000000
              43 H     -7.621664000000   -1.184033000000    3.323371000000
              44 H     -3.909308000000   -1.700342000000    1.316510000000
