-------------------------------------------------------------
----------------------- !PROPERTIES! ------------------------
-------------------------------------------------------------
# -----------------------------------------------------------
$ SCF_Energy
   description: The SCF energy
   geom. index: 1
   prop. index: 1
        SCF Energy:    -2034.1617632743
# -----------------------------------------------------------
$ DFT_Energy
   description: The DFT energy
   geom. index: 1
   prop. index: 1
   Number of Alpha Electrons                163.9996593388 
   Number of Beta  Electrons                163.9996593388 
   Total number of  Electrons               327.9993186776 
   Exchange energy                         -216.4488425997 
   Correlation energy                       -13.1464925334 
   Correlation energy NL                      0.0000000000 
   Exchange-Correlation energy             -229.5953351331 
   Embedding correction                       0.0000000000 
   Total DFT Energy (No VdW correction)   -2034.1617632743 
# -----------------------------------------------------------
$ Mayer_Pop
   description: The Mayer population analysis
   geom. index: 1
   prop. index: 1
     Number of atoms                     : 87
     Threshold for printing              : 0.1000000
     Number of bond orders printed       : 91
  NA   - Mulliken gross atomic population
  ZA   - Total nuclear charge
  QA   - Mulliken gross atomic charge
  VA   - Mayer's total valence
  BVA  - Mayer's bonded valence
  FA   - Mayer's free valence
  ATOM       NA         ZA         QA         VA         BVA        FA
  0   0     5.9274     6.0000     0.0726     3.9427     3.9427     0.0000
  1   0     6.1893     6.0000    -0.1893     4.2387     4.2387    -0.0000
  2   0     6.0909     6.0000    -0.0909     4.0192     4.0192    -0.0000
  3   0     5.9368     6.0000     0.0632     3.9889     3.9889    -0.0000
  4   0     5.8779     6.0000     0.1221     3.9695     3.9695    -0.0000
  5   0     6.0758     6.0000    -0.0758     3.8003     3.8003    -0.0000
  6   0     6.0419     6.0000    -0.0419     3.8459     3.8459    -0.0000
  7   0     5.8597     6.0000     0.1403     3.8579     3.8579    -0.0000
  8   0     5.9333     6.0000     0.0667     3.6970     3.6970    -0.0000
  9   0     5.7999     6.0000     0.2001     3.9122     3.9122     0.0000
 10   0     6.0297     6.0000    -0.0297     3.8078     3.8078    -0.0000
 11   0     6.0177     6.0000    -0.0177     3.7678     3.7678     0.0000
 12   0     5.7614     6.0000     0.2386     3.8534     3.8534    -0.0000
 13   0     6.0773     6.0000    -0.0773     3.7796     3.7796    -0.0000
 14   0     8.3216     8.0000    -0.3216     2.0746     2.0746     0.0000
 15   0     8.2402     8.0000    -0.2402     2.2317     2.2317    -0.0000
 16   0     5.7481     6.0000     0.2519     4.2667     4.2667    -0.0000
 17   0     8.2174     8.0000    -0.2174     2.3016     2.3016     0.0000
 18   0     6.2039     6.0000    -0.2039     3.7830     3.7830     0.0000
 19   0     5.9470     6.0000     0.0530     4.0886     4.0886     0.0000
 20   0     5.9101     6.0000     0.0899     3.9070     3.9070    -0.0000
 21   0     6.1186     6.0000    -0.1186     4.0179     4.0179     0.0000
 22   0     6.1846     6.0000    -0.1846     4.2439     4.2439     0.0000
 23   0     5.8940     6.0000     0.1060     3.9264     3.9264     0.0000
 24   0     5.9028     6.0000     0.0972     4.0094     4.0094     0.0000
 25   0     5.8798     6.0000     0.1202     3.9593     3.9593     0.0000
 26   0     6.1033     6.0000    -0.1033     4.0033     4.0033    -0.0000
 27   0     6.2326     6.0000    -0.2326     4.2419     4.2419    -0.0000
 28   0     5.9263     6.0000     0.0737     3.9491     3.9491     0.0000
 29   0     5.8973     6.0000     0.1027     3.9124     3.9124     0.0000
 30   0     5.8960     6.0000     0.1040     3.9089     3.9089    -0.0000
 31   0     5.9417     6.0000     0.0583     4.1703     4.1703    -0.0000
 32   0     8.2666     8.0000    -0.2666     2.2549     2.2549     0.0000
 33   0     5.8898     6.0000     0.1102     3.4636     3.4636    -0.0000
 34   0     5.8568     6.0000     0.1432     3.9873     3.9873    -0.0000
 35   0     6.0127     6.0000    -0.0127     3.7551     3.7551     0.0000
 36   0     5.9994     6.0000     0.0006     3.7683     3.7683     0.0000
 37   0     5.7851     6.0000     0.2149     3.8602     3.8602     0.0000
 38   0     6.0929     6.0000    -0.0929     3.7642     3.7642     0.0000
 39   0     8.3111     8.0000    -0.3111     2.0862     2.0862     0.0000
 40   0     8.2305     8.0000    -0.2305     2.2614     2.2614     0.0000
 41   0     8.2620     8.0000    -0.2620     2.2018     2.2018    -0.0000
 42   0     5.7269     6.0000     0.2731     4.1913     4.1913    -0.0000
 43   0     8.2374     8.0000    -0.2374     2.3032     2.3032     0.0000
 44   0     5.9373     6.0000     0.0627     3.9226     3.9226    -0.0000
 45   0     1.0006     1.0000    -0.0006     0.9943     0.9943    -0.0000
 46   0     0.9730     1.0000     0.0270     0.9862     0.9862     0.0000
 47   0     0.9554     1.0000     0.0446     0.9949     0.9949     0.0000
 48   0     1.0326     1.0000    -0.0326     0.9890     0.9890     0.0000
 49   0     1.0024     1.0000    -0.0024     0.9752     0.9752     0.0000
 50   0     0.9781     1.0000     0.0219     1.0300     1.0300     0.0000
 51   0     0.9828     1.0000     0.0172     0.9902     0.9902    -0.0000
 52   0     1.0143     1.0000    -0.0143     0.9915     0.9915    -0.0000
 53   0     1.0090     1.0000    -0.0090     1.0065     1.0065     0.0000
 54   0     1.0277     1.0000    -0.0277     0.9942     0.9942     0.0000
 55   0     1.0200     1.0000    -0.0200     0.9957     0.9957     0.0000
 56   0     1.0251     1.0000    -0.0251     1.0138     1.0138    -0.0000
 57   0     0.7827     1.0000     0.2173     0.9750     0.9750    -0.0000
 58   0     0.9829     1.0000     0.0171     1.0030     1.0030     0.0000
 59   0     0.9956     1.0000     0.0044     0.9984     0.9984     0.0000
 60   0     0.9752     1.0000     0.0248     1.0307     1.0307     0.0000
 61   0     0.9845     1.0000     0.0155     0.9899     0.9899     0.0000
 62   0     1.0349     1.0000    -0.0349     0.9916     0.9916     0.0000
 63   0     0.9718     1.0000     0.0282     0.9893     0.9893     0.0000
 64   0     0.9962     1.0000     0.0038     1.0092     1.0092     0.0000
 65   0     0.9624     1.0000     0.0376     0.9840     0.9840     0.0000
 66   0     1.0184     1.0000    -0.0184     0.9851     0.9851     0.0000
 67   0     0.9983     1.0000     0.0017     0.9779     0.9779    -0.0000
 68   0     1.0121     1.0000    -0.0121     1.0035     1.0035    -0.0000
 69   0     0.9985     1.0000     0.0015     0.9730     0.9730     0.0000
 70   0     1.0346     1.0000    -0.0346     0.9916     0.9916    -0.0000
 71   0     1.0065     1.0000    -0.0065     0.9929     0.9929     0.0000
 72   0     0.9686     1.0000     0.0314     0.9844     0.9844     0.0000
 73   0     0.9659     1.0000     0.0341     0.9931     0.9931     0.0000
 74   0     0.9854     1.0000     0.0146     0.9964     0.9964    -0.0000
 75   0     0.9966     1.0000     0.0034     0.9924     0.9924    -0.0000
 76   0     0.9741     1.0000     0.0259     0.9860     0.9860    -0.0000
 77   0     0.9717     1.0000     0.0283     0.9991     0.9991     0.0000
 78   0     0.9438     1.0000     0.0562     1.0117     1.0117     0.0000
 79   0     1.0305     1.0000    -0.0305     0.9988     0.9988     0.0000
 80   0     1.0317     1.0000    -0.0317     0.9955     0.9955     0.0000
 81   0     1.0337     1.0000    -0.0337     1.0186     1.0186    -0.0000
 82   0     0.7803     1.0000     0.2197     0.9706     0.9706     0.0000
 83   0     0.7932     1.0000     0.2068     1.0292     1.0292     0.0000
 84   0     0.9976     1.0000     0.0024     0.9901     0.9901     0.0000
 85   0     0.9748     1.0000     0.0252     0.9839     0.9839    -0.0000
 86   0     0.9838     1.0000     0.0162     0.9935     0.9935    -0.0000
      Bond orders larger than 0.1000000
           Atom A     A.N. of A          Atom B    A.N. of B              Bond order
                0             6               1            6                1.086653
                0             6              45            1                0.945841
                0             6              46            1                0.949849
                0             6              47            1                0.946275
                1             6               2            6                1.931673
                1             6              44            6                1.068782
                2             6               3            6                1.049005
                2             6              48            1                0.945355
                3             6               4            6                1.087721
                3             6              49            1                0.905466
                3             6              50            1                0.924384
                4             6               5            6                1.057153
                4             6              51            1                0.904217
                4             6              52            1                0.916062
                5             6               6            6                1.699557
                5             6              42            6                0.960789
                6             6               7            6                0.982349
                6             6              53            1                1.009643
                7             6               8            6                0.884998
                7             6              18            6                0.856423
                7             6              41            8                1.045250
                8             6               9            6                1.394160
                8             6              13            6                1.287587
                9             6              10            6                1.356647
                9             6              15            8                1.042461
               10             6              11            6                1.340295
               10             6              54            1                0.993361
               11             6              12            6                1.333457
               11             6              55            1                1.003752
               12             6              13            6                1.352423
               12             6              14            8                1.064801
               13             6              56            1                0.994897
               14             8              57            1                0.935500
               15             8              16            6                1.069175
               16             6              17            8                2.139793
               16             6              18            6                0.879552
               18             6              19            6                1.031312
               18             6              30            6                1.043444
               19             6              20            6                1.090001
               19             6              58            1                0.907546
               19             6              59            1                0.919731
               20             6              21            6                1.024244
               20             6              60            1                0.892806
               20             6              61            1                0.895251
               21             6              22            6                1.906817
               21             6              62            1                0.949075
               22             6              23            6                1.101204
               22             6              24            6                1.057626
               23             6              63            1                0.932203
               23             6              64            1                0.923104
               23             6              65            1                0.928984
               24             6              25            6                1.080942
               24             6              66            1                0.915417
               24             6              67            1                0.910107
               25             6              26            6                1.055442
               25             6              68            1                0.912330
               25             6              69            1                0.903908
               26             6              27            6                1.883011
               26             6              70            1                0.959368
               27             6              28            6                1.095658
               27             6              29            6                1.082929
               28             6              71            1                0.942566
               28             6              72            1                0.945433
               28             6              73            1                0.940436
               29             6              74            1                0.959261
               29             6              75            1                0.944518
               29             6              76            1                0.948274
               30             6              31            6                1.006828
               30             6              77            1                0.892743
               30             6              78            1                0.868918
               31             6              32            8                2.011616
               31             6              33            6                0.999930
               33             6              34            6                1.259635
               33             6              38            6                1.261043
               34             6              35            6                1.289983
               34             6              40            8                1.290771
               35             6              36            6                1.370129
               35             6              38            6                0.102861
               35             6              79            1                0.995646
               36             6              37            6                1.316081
               36             6              80            1                0.997260
               37             6              38            6                1.355169
               37             6              39            8                1.099077
               38             6              81            1                0.984161
               39             8              82            1                0.929064
               40             8              83            1                0.907873
               41             8              42            6                1.062268
               42             6              43            8                2.099833
               44             6              84            1                0.950057
               44             6              85            1                0.952674
               44             6              86            1                0.963503
# -----------------------------------------------------------
$ Calculation_Info
   description: Details of the calculation
   geom. index: 1
   prop. index: 1
     Multiplicity:                          1
     Charge:                                0
     number of atoms:                       87
     number of electrons:                   0
     number of frozen core electrons:       1
     number of correlated electrons:        0
     number of basis functions:             840
     number of aux C basis functions:       0
     number of aux J basis functions:       2667
     number of aux JK basis functions:      0
     number of aux CABS basis functions:    0
     Total Energy                           -2034.161763
# -----------------------------------------------------------
$ SCF_Electric_Properties
   description: The SCF Calculated Electric Properties
   geom. index: 1
   prop. index: 1
       Filename                          : 136.scfp 
       Do Dipole Moment Calculation      : true 
       Do Quadrupole Moment Calculation  : false 
       Do Polarizability Calculation     : true 
** Dipole moment part of electric properties **
        Magnitude of dipole moment (Debye) :        5.9647115997
        Electronic Contribution:
                  0    
      0     -25.650941
      1      53.415257
      2      11.796197
        Nuclear Contribution:
                  0    
      0      25.676025
      1     -55.730808
      2     -11.416251
        Total Dipole moment:
                  0    
      0       0.025085
      1      -2.315552
      2       0.379946
** Polarizabilities part of electric properties **
        Isotropic polarizability :      422.6493764007
        The raw cartesian tensor (atomic units):
                  0          1          2    
      0     490.075098 -12.053929  61.842663
      1     -12.053929 367.625885  -4.308240
      2      61.842663  -4.308240 410.247146
        Diagonalised polarizability tensor :
                  0    
      0     366.229821
      1     376.934785
      2     524.783523
# -------------------------------------------------------------
----------------------- !GEOMETRIES! ------------------------
# -------------------------------------------------------------
------------------------ !GEOMETRY! -------------------------
    Number of atoms:    87 
    Geometry Index:     1 
    Coordinates:
               0 C     -7.127626000000   -1.648764000000   -0.796287000000
               1 C     -6.271920000000   -2.855270000000   -0.977042000000
               2 C     -4.964598000000   -2.782315000000   -0.997476000000
               3 C     -4.189498000000   -1.518006000000   -0.847066000000
               4 C     -3.312068000000   -1.664835000000    0.366245000000
               5 C     -2.476067000000   -0.482201000000    0.627587000000
               6 C     -1.155537000000   -0.483741000000    0.653347000000
               7 C     -0.633705000000    0.893430000000    0.947425000000
               8 C      0.038190000000    0.922558000000    2.274031000000
               9 C      1.175164000000    1.648792000000    2.547148000000
              10 C      1.728529000000    1.609356000000    3.829254000000
              11 C      1.160149000000    0.853995000000    4.839406000000
              12 C      0.021458000000    0.124061000000    4.573256000000
              13 C     -0.515616000000    0.166799000000    3.316039000000
              14 O     -0.566130000000   -0.647460000000    5.590274000000
              15 O      1.775866000000    2.419258000000    1.559420000000
              16 C      1.197824000000    2.429369000000    0.309242000000
              17 O      1.498604000000    3.351647000000   -0.475957000000
              18 C      0.220797000000    1.396451000000   -0.180438000000
              19 C      1.060748000000    0.353499000000   -0.851386000000
              20 C      2.064100000000   -0.317697000000    0.039731000000
              21 C      2.780382000000   -1.318622000000   -0.784957000000
              22 C      4.099450000000   -1.282143000000   -0.968634000000
              23 C      4.845771000000   -0.192347000000   -0.314130000000
              24 C      4.735690000000   -2.313350000000   -1.815658000000
              25 C      5.736311000000   -3.174382000000   -1.135444000000
              26 C      6.865669000000   -2.381830000000   -0.602320000000
              27 C      7.161816000000   -2.351416000000    0.704753000000
              28 C      6.315317000000   -3.144305000000    1.617195000000
              29 C      8.295432000000   -1.557970000000    1.234785000000
              30 C     -0.614608000000    2.098537000000   -1.214491000000
              31 C     -1.296992000000    3.323342000000   -0.722569000000
              32 O     -0.957154000000    3.816992000000    0.372684000000
              33 C     -2.341403000000    3.943850000000   -1.492468000000
              34 C     -2.974504000000    5.072696000000   -1.058581000000
              35 C     -4.001092000000    5.616293000000   -1.871358000000
              36 C     -4.326390000000    5.004196000000   -3.053916000000
              37 C     -3.688857000000    3.862380000000   -3.497588000000
              38 C     -2.695468000000    3.351663000000   -2.692442000000
              39 O     -4.090257000000    3.320349000000   -4.704760000000
              40 O     -2.717944000000    5.753324000000    0.105239000000
              41 O     -1.834444000000    1.617423000000    1.089450000000
              42 C     -2.948107000000    0.849502000000    0.902662000000
              43 O     -4.136185000000    1.292074000000    0.973139000000
              44 C     -6.925170000000   -4.179941000000   -1.141846000000
              45 H     -8.163865000000   -1.924929000000   -0.516787000000
              46 H     -7.189854000000   -1.053195000000   -1.733453000000
              47 H     -6.724212000000   -1.024307000000    0.024197000000
              48 H     -4.347162000000   -3.684781000000   -1.130583000000
              49 H     -3.571574000000   -1.438043000000   -1.789513000000
              50 H     -4.863546000000   -0.655484000000   -0.756883000000
              51 H     -3.990384000000   -1.885488000000    1.216841000000
              52 H     -2.667524000000   -2.549175000000    0.216451000000
              53 H     -0.546229000000   -1.367033000000    0.481520000000
              54 H      2.605635000000    2.185963000000    3.992360000000
              55 H      1.615635000000    0.843574000000    5.828966000000
              56 H     -1.417437000000   -0.425087000000    3.146824000000
              57 H     -1.269643000000   -0.228733000000    6.184004000000
              58 H      1.635823000000    0.832154000000   -1.668187000000
              59 H      0.453626000000   -0.434547000000   -1.349990000000
              60 H      2.803588000000    0.401785000000    0.460651000000
              61 H      1.654786000000   -0.846831000000    0.909097000000
              62 H      2.199958000000   -2.117511000000   -1.260298000000
              63 H      4.888460000000   -0.271509000000    0.778011000000
              64 H      5.906470000000   -0.145418000000   -0.677807000000
              65 H      4.420957000000    0.809463000000   -0.635411000000
              66 H      3.948455000000   -2.959992000000   -2.291207000000
              67 H      5.210049000000   -1.795960000000   -2.700015000000
              68 H      5.273433000000   -3.765686000000   -0.299831000000
              69 H      6.117663000000   -3.967050000000   -1.844885000000
              70 H      7.493148000000   -1.800478000000   -1.281775000000
              71 H      6.604340000000   -2.982071000000    2.682293000000
              72 H      6.388658000000   -4.222370000000    1.413291000000
              73 H      5.249672000000   -2.812021000000    1.512927000000
              74 H      8.514052000000   -0.696916000000    0.592384000000
              75 H      8.016338000000   -1.232245000000    2.263888000000
              76 H      9.186343000000   -2.209726000000    1.342144000000
              77 H     -1.393119000000    1.345761000000   -1.538616000000
              78 H      0.030040000000    2.302293000000   -2.112785000000
              79 H     -4.496030000000    6.503950000000   -1.527126000000
              80 H     -5.114820000000    5.446235000000   -3.648415000000
              81 H     -2.192709000000    2.446557000000   -3.048034000000
              82 H     -4.843120000000    2.618718000000   -4.715011000000
              83 H     -2.078609000000    5.599210000000    0.822328000000
              84 H     -7.923818000000   -4.226242000000   -0.661197000000
              85 H     -7.120716000000   -4.396598000000   -2.233621000000
              86 H     -6.318683000000   -5.011483000000   -0.722245000000
