-------------------------------------------------------------
----------------------- !PROPERTIES! ------------------------
-------------------------------------------------------------
# -----------------------------------------------------------
$ SCF_Energy
   description: The SCF energy
   geom. index: 1
   prop. index: 1
        SCF Energy:    -2604.5873578362
# -----------------------------------------------------------
$ DFT_Energy
   description: The DFT energy
   geom. index: 1
   prop. index: 1
   Number of Alpha Electrons                134.0000014917 
   Number of Beta  Electrons                134.0000014917 
   Total number of  Electrons               268.0000029835 
   Exchange energy                         -211.6283411906 
   Correlation energy                       -11.3779864168 
   Correlation energy NL                      0.0000000000 
   Exchange-Correlation energy             -223.0063276074 
   Embedding correction                       0.0000000000 
   Total DFT Energy (No VdW correction)   -2604.5873578362 
# -----------------------------------------------------------
$ Mayer_Pop
   description: The Mayer population analysis
   geom. index: 1
   prop. index: 1
     Number of atoms                     : 50
     Threshold for printing              : 0.1000000
     Number of bond orders printed       : 53
  NA   - Mulliken gross atomic population
  ZA   - Total nuclear charge
  QA   - Mulliken gross atomic charge
  VA   - Mayer's total valence
  BVA  - Mayer's bonded valence
  FA   - Mayer's free valence
  ATOM       NA         ZA         QA         VA         BVA        FA
  0   0     6.0433     6.0000    -0.0433     3.8689     3.8689    -0.0000
  1   0    15.1927    16.0000     0.8073     5.1286     5.1286     0.0000
  2   0     8.4559     8.0000    -0.4559     1.9362     1.9362    -0.0000
  3   0     8.5063     8.0000    -0.5063     1.8843     1.8843     0.0000
  4   0     7.4262     7.0000    -0.4262     2.9092     2.9092     0.0000
  5   0     5.9217     6.0000     0.0783     4.0240     4.0240    -0.0000
  6   0     5.7886     6.0000     0.2114     3.8931     3.8931     0.0000
  7   0     5.9896     6.0000     0.0104     3.7725     3.7725     0.0000
  8   0     6.0385     6.0000    -0.0385     3.8884     3.8884     0.0000
  9   0     5.9714     6.0000     0.0286     3.8714     3.8714    -0.0000
 10   0     5.9126     6.0000     0.0874     3.8245     3.8245     0.0000
 11   0     5.9818     6.0000     0.0182     3.9207     3.9207     0.0000
 12   0     6.0113     6.0000    -0.0113     3.8607     3.8607     0.0000
 13   0    17.1020    17.0000    -0.1020     1.1140     1.1140     0.0000
 14   0     7.1789     7.0000    -0.1789     3.1689     3.1689     0.0000
 15   0     5.9193     6.0000     0.0807     4.2497     4.2497    -0.0000
 16   0     7.1587     7.0000    -0.1587     3.1203     3.1203     0.0000
 17   0     5.9033     6.0000     0.0967     4.0125     4.0125    -0.0000
 18   0     6.0666     6.0000    -0.0666     3.7669     3.7669    -0.0000
 19   0     5.9397     6.0000     0.0603     4.0111     4.0111    -0.0000
 20   0     7.0920     7.0000    -0.0920     3.1402     3.1402    -0.0000
 21   0     5.8611     6.0000     0.1389     3.9840     3.9840    -0.0000
 22   0     7.1205     7.0000    -0.1205     2.9788     2.9788     0.0000
 23   0     7.1045     7.0000    -0.1045     2.9755     2.9755    -0.0000
 24   0     5.9867     6.0000     0.0133     3.9338     3.9338     0.0000
 25   0     8.1318     8.0000    -0.1318     2.4370     2.4370     0.0000
 26   0     5.4562     6.0000     0.5438     4.1645     4.1645     0.0000
 27   0     9.2113     9.0000    -0.2113     1.1415     1.1415     0.0000
 28   0     9.2191     9.0000    -0.2191     1.1329     1.1329     0.0000
 29   0     5.8940     6.0000     0.1060     3.8743     3.8743     0.0000
 30   0     5.4625     6.0000     0.5375     4.4408     4.4408     0.0000
 31   0     9.2159     9.0000    -0.2159     1.1370     1.1370    -0.0000
 32   0     9.1702     9.0000    -0.1702     1.1950     1.1950     0.0000
 33   0     9.1782     9.0000    -0.1782     1.1782     1.1782     0.0000
 34   0     0.9061     1.0000     0.0939     0.9988     0.9988    -0.0000
 35   0     0.9214     1.0000     0.0786     1.0023     1.0023    -0.0000
 36   0     0.8839     1.0000     0.1161     0.9993     0.9993    -0.0000
 37   0     0.9700     1.0000     0.0300     1.0021     1.0021     0.0000
 38   0     0.9402     1.0000     0.0598     1.0445     1.0445     0.0000
 39   0     0.9841     1.0000     0.0159     1.0452     1.0452    -0.0000
 40   0     1.0193     1.0000    -0.0193     0.9940     0.9940    -0.0000
 41   0     1.0175     1.0000    -0.0175     0.9967     0.9967    -0.0000
 42   0     1.0228     1.0000    -0.0228     0.9967     0.9967     0.0000
 43   0     1.0320     1.0000    -0.0320     1.0065     1.0065    -0.0000
 44   0     0.8543     1.0000     0.1457     1.0068     1.0068     0.0000
 45   0     0.9732     1.0000     0.0268     1.0109     1.0109    -0.0000
 46   0     0.9814     1.0000     0.0186     0.9977     0.9977    -0.0000
 47   0     0.9899     1.0000     0.0101     0.9904     0.9904    -0.0000
 48   0     0.9567     1.0000     0.0433     1.0084     1.0084    -0.0000
 49   0     0.9348     1.0000     0.0652     1.0216     1.0216    -0.0000
      Bond orders larger than 0.1000000
           Atom A     A.N. of A          Atom B    A.N. of B              Bond order
                0             6               1           16                0.884188
                0             6              34            1                0.939632
                0             6              35            1                0.941379
                0             6              36            1                0.943519
                1            16               2            8                1.668826
                1            16               3            8                1.554345
                1            16               4            7                0.880558
                4             7               5            6                0.940824
                4             7              29            6                0.931380
                5             6               6            6                1.112043
                5             6              37            1                0.914162
                5             6              38            1                0.889111
                6             6               7            6                0.933087
                6             6              14            7                0.985045
                6             6              39            1                0.854029
                7             6               8            6                1.401485
                7             6              12            6                1.388007
                8             6               9            6                1.344952
                8             6              40            1                0.973376
                9             6              10            6                1.386665
                9             6              41            1                0.989349
               10             6              11            6                1.398793
               10             6              13           17                0.955976
               11             6              12            6                1.371279
               11             6              42            1                0.992229
               12             6              43            1                0.994506
               14             7              15            6                1.177043
               14             7              44            1                0.904327
               15             6              16            7                1.382751
               15             6              20            7                1.451081
               16             7              17            6                1.550666
               17             6              18            6                1.341813
               17             6              45            1                0.975576
               18             6              19            6                1.325377
               18             6              21            6                1.032765
               19             6              20            7                1.561385
               19             6              46            1                0.979053
               21             6              22            7                1.575251
               21             6              24            6                0.111305
               21             6              25            8                1.200322
               22             7              23            7                1.289022
               23             7              24            6                1.576293
               24             6              25            8                1.165173
               24             6              26            6                1.002509
               26             6              27            9                1.098231
               26             6              28            9                1.092431
               26             6              47            1                0.944402
               29             6              30            6                1.029349
               29             6              48            1                0.923892
               29             6              49            1                0.911541
               30             6              31            9                1.072695
               30             6              32            9                1.142235
               30             6              33            9                1.118238
# -----------------------------------------------------------
$ Calculation_Info
   description: Details of the calculation
   geom. index: 1
   prop. index: 1
     Multiplicity:                          1
     Charge:                                0
     number of atoms:                       50
     number of electrons:                   0
     number of frozen core electrons:       1
     number of correlated electrons:        0
     number of basis functions:             564
     number of aux C basis functions:       0
     number of aux J basis functions:       1846
     number of aux JK basis functions:      0
     number of aux CABS basis functions:    0
     Total Energy                           -2604.587358
# -----------------------------------------------------------
$ SCF_Electric_Properties
   description: The SCF Calculated Electric Properties
   geom. index: 1
   prop. index: 1
       Filename                          : 213.scfp 
       Do Dipole Moment Calculation      : true 
       Do Quadrupole Moment Calculation  : false 
       Do Polarizability Calculation     : true 
** Dipole moment part of electric properties **
        Magnitude of dipole moment (Debye) :        4.0500147326
        Electronic Contribution:
                  0    
      0      25.865957
      1       8.498423
      2      -7.854228
        Nuclear Contribution:
                  0    
      0     -25.600607
      1      -9.945676
      2       7.242786
        Total Dipole moment:
                  0    
      0       0.265351
      1      -1.447253
      2      -0.611443
** Polarizabilities part of electric properties **
        Isotropic polarizability :      288.5905605552
        The raw cartesian tensor (atomic units):
                  0          1          2    
      0     377.956106  58.426956  34.869490
      1      58.426956 275.470983  -8.340684
      2      34.869490  -8.340684 212.344592
        Diagonalised polarizability tensor :
                  0    
      0     198.811266
      1     258.381593
      2     408.578823
# -------------------------------------------------------------
----------------------- !GEOMETRIES! ------------------------
# -------------------------------------------------------------
------------------------ !GEOMETRY! -------------------------
    Number of atoms:    50 
    Geometry Index:     1 
    Coordinates:
               0 C     -3.259914000000    1.865455000000    1.439114000000
               1 S     -3.983435000000    1.776212000000   -0.177624000000
               2 O     -4.283706000000    3.149757000000   -0.712295000000
               3 O     -5.313868000000    1.030555000000   -0.063895000000
               4 N     -2.970619000000    0.876373000000   -1.205427000000
               5 C     -2.819485000000   -0.469272000000   -0.734348000000
               6 C     -1.535585000000   -0.710392000000    0.040722000000
               7 C     -1.566732000000   -2.185974000000    0.403121000000
               8 C     -2.724592000000   -2.930475000000    0.321649000000
               9 C     -2.767921000000   -4.275972000000    0.648510000000
              10 C     -1.619483000000   -4.894735000000    1.068745000000
              11 C     -0.438675000000   -4.196501000000    1.166575000000
              12 C     -0.424141000000   -2.837887000000    0.829821000000
              13 Cl    -1.726583000000   -6.605811000000    1.472601000000
              14 N     -0.375914000000   -0.511158000000   -0.786729000000
              15 C      0.894332000000   -0.057120000000   -0.329538000000
              16 N      1.056182000000    0.245533000000    0.966659000000
              17 C      2.200498000000    0.678552000000    1.500523000000
              18 C      3.290988000000    0.826280000000    0.669666000000
              19 C      3.111886000000    0.511390000000   -0.663450000000
              20 N      1.942105000000    0.081328000000   -1.145498000000
              21 C      4.577310000000    1.292078000000    1.163487000000
              22 N      4.893793000000    1.631906000000    2.423149000000
              23 N      6.144135000000    1.994176000000    2.445800000000
              24 C      6.644990000000    1.893161000000    1.211057000000
              25 O      5.667570000000    1.464561000000    0.458549000000
              26 C      8.049038000000    2.226722000000    0.866321000000
              27 F      8.935521000000    1.471126000000    1.612856000000
              28 F      8.333053000000    3.559040000000    1.145325000000
              29 C     -3.283192000000    0.932012000000   -2.594580000000
              30 C     -2.536044000000    2.003256000000   -3.340183000000
              31 F     -2.912328000000    1.973682000000   -4.690998000000
              32 F     -2.921002000000    3.245049000000   -2.886989000000
              33 F     -1.184997000000    1.819549000000   -3.316871000000
              34 H     -2.175901000000    2.082142000000    1.359890000000
              35 H     -3.382156000000    0.878233000000    1.925684000000
              36 H     -3.779143000000    2.627019000000    2.073575000000
              37 H     -2.971473000000   -1.239821000000   -1.484401000000
              38 H     -3.638969000000   -0.582953000000    0.050519000000
              39 H     -1.480909000000   -0.135249000000    0.970666000000
              40 H     -3.649542000000   -2.477179000000   -0.014030000000
              41 H     -3.717994000000   -4.797958000000    0.559711000000
              42 H      0.452372000000   -4.705735000000    1.499780000000
              43 H      0.520181000000   -2.352727000000    0.919901000000
              44 H     -0.451244000000   -0.713163000000   -1.826467000000
              45 H      2.311714000000    0.918932000000    2.555156000000
              46 H      3.977295000000    0.625142000000   -1.340447000000
              47 H      8.230925000000    2.067132000000   -0.203596000000
              48 H     -2.959583000000   -0.041621000000   -3.043091000000
              49 H     -4.378757000000    0.975349000000   -2.780836000000
