-------------------------------------------------------------
----------------------- !PROPERTIES! ------------------------
-------------------------------------------------------------
# -----------------------------------------------------------
$ SCF_Energy
   description: The SCF energy
   geom. index: 1
   prop. index: 1
        SCF Energy:    -2034.1362639608
# -----------------------------------------------------------
$ DFT_Energy
   description: The DFT energy
   geom. index: 1
   prop. index: 1
   Number of Alpha Electrons                163.9998600858 
   Number of Beta  Electrons                163.9998600858 
   Total number of  Electrons               327.9997201716 
   Exchange energy                         -216.4270159783 
   Correlation energy                       -13.1451556466 
   Correlation energy NL                      0.0000000000 
   Exchange-Correlation energy             -229.5721716249 
   Embedding correction                       0.0000000000 
   Total DFT Energy (No VdW correction)   -2034.1362639608 
# -----------------------------------------------------------
$ Mayer_Pop
   description: The Mayer population analysis
   geom. index: 1
   prop. index: 1
     Number of atoms                     : 87
     Threshold for printing              : 0.1000000
     Number of bond orders printed       : 91
  NA   - Mulliken gross atomic population
  ZA   - Total nuclear charge
  QA   - Mulliken gross atomic charge
  VA   - Mayer's total valence
  BVA  - Mayer's bonded valence
  FA   - Mayer's free valence
  ATOM       NA         ZA         QA         VA         BVA        FA
  0   0     5.9100     6.0000     0.0900     3.9303     3.9303     0.0000
  1   0     6.2542     6.0000    -0.2542     4.2704     4.2704     0.0000
  2   0     6.0338     6.0000    -0.0338     4.0028     4.0028    -0.0000
  3   0     5.9372     6.0000     0.0628     4.0421     4.0421     0.0000
  4   0     5.8384     6.0000     0.1616     3.9679     3.9679    -0.0000
  5   0     6.1007     6.0000    -0.1007     3.8581     3.8581    -0.0000
  6   0     5.9974     6.0000     0.0026     3.7897     3.7897     0.0000
  7   0     5.9363     6.0000     0.0637     3.9189     3.9189     0.0000
  8   0     5.9515     6.0000     0.0485     3.6293     3.6293     0.0000
  9   0     5.8277     6.0000     0.1723     3.8936     3.8936    -0.0000
 10   0     6.0308     6.0000    -0.0308     3.8089     3.8089    -0.0000
 11   0     6.0090     6.0000    -0.0090     3.7450     3.7450     0.0000
 12   0     5.7560     6.0000     0.2440     3.8245     3.8245    -0.0000
 13   0     6.0805     6.0000    -0.0805     3.7810     3.7810     0.0000
 14   0     8.3142     8.0000    -0.3142     2.0828     2.0828    -0.0000
 15   0     8.2857     8.0000    -0.2857     2.1938     2.1938    -0.0000
 16   0     5.7538     6.0000     0.2462     4.2068     4.2068     0.0000
 17   0     8.1740     8.0000    -0.1740     2.3324     2.3324     0.0000
 18   0     6.1925     6.0000    -0.1925     3.8294     3.8294     0.0000
 19   0     5.9671     6.0000     0.0329     4.0468     4.0468    -0.0000
 20   0     5.8434     6.0000     0.1566     3.8946     3.8946    -0.0000
 21   0     6.0899     6.0000    -0.0899     4.0268     4.0268     0.0000
 22   0     6.2060     6.0000    -0.2060     4.2519     4.2519    -0.0000
 23   0     5.9187     6.0000     0.0813     3.9396     3.9396    -0.0000
 24   0     5.8785     6.0000     0.1215     4.0076     4.0076    -0.0000
 25   0     5.9146     6.0000     0.0854     4.0004     4.0004    -0.0000
 26   0     6.0806     6.0000    -0.0806     4.0024     4.0024    -0.0000
 27   0     6.2516     6.0000    -0.2516     4.2382     4.2382    -0.0000
 28   0     5.9007     6.0000     0.0993     3.9195     3.9195     0.0000
 29   0     5.8997     6.0000     0.1003     3.9366     3.9366    -0.0000
 30   0     5.9015     6.0000     0.0985     3.7664     3.7664     0.0000
 31   0     5.9736     6.0000     0.0264     4.1297     4.1297     0.0000
 32   0     8.2557     8.0000    -0.2557     2.2492     2.2492     0.0000
 33   0     5.9311     6.0000     0.0689     3.4612     3.4612    -0.0000
 34   0     5.8416     6.0000     0.1584     4.0048     4.0048    -0.0000
 35   0     6.0199     6.0000    -0.0199     3.7452     3.7452    -0.0000
 36   0     5.9889     6.0000     0.0111     3.7523     3.7523    -0.0000
 37   0     5.8096     6.0000     0.1904     3.9009     3.9009    -0.0000
 38   0     6.0770     6.0000    -0.0770     3.7579     3.7579    -0.0000
 39   0     8.3136     8.0000    -0.3136     2.0825     2.0825    -0.0000
 40   0     8.2239     8.0000    -0.2239     2.2608     2.2608     0.0000
 41   0     8.2835     8.0000    -0.2835     2.1796     2.1796     0.0000
 42   0     5.7236     6.0000     0.2764     4.1720     4.1720    -0.0000
 43   0     8.2251     8.0000    -0.2251     2.3071     2.3071     0.0000
 44   0     5.9039     6.0000     0.0961     3.9325     3.9325     0.0000
 45   0     0.9752     1.0000     0.0248     0.9830     0.9830    -0.0000
 46   0     1.0036     1.0000    -0.0036     0.9863     0.9863    -0.0000
 47   0     0.9888     1.0000     0.0112     0.9946     0.9946    -0.0000
 48   0     1.0322     1.0000    -0.0322     1.0069     1.0069     0.0000
 49   0     1.0014     1.0000    -0.0014     0.9991     0.9991     0.0000
 50   0     1.0043     1.0000    -0.0043     0.9733     0.9733    -0.0000
 51   0     1.0114     1.0000    -0.0114     0.9850     0.9850    -0.0000
 52   0     0.9831     1.0000     0.0169     0.9881     0.9881    -0.0000
 53   0     0.9597     1.0000     0.0403     1.0166     1.0166     0.0000
 54   0     1.0182     1.0000    -0.0182     0.9933     0.9933    -0.0000
 55   0     1.0281     1.0000    -0.0281     0.9965     0.9965     0.0000
 56   0     1.0179     1.0000    -0.0179     1.0238     1.0238     0.0000
 57   0     0.7766     1.0000     0.2234     0.9688     0.9688    -0.0000
 58   0     0.9989     1.0000     0.0011     1.0045     1.0045    -0.0000
 59   0     0.9593     1.0000     0.0407     1.0383     1.0383    -0.0000
 60   0     1.0177     1.0000    -0.0177     1.0136     1.0136     0.0000
 61   0     0.9947     1.0000     0.0053     0.9942     0.9942     0.0000
 62   0     1.0328     1.0000    -0.0328     0.9947     0.9947    -0.0000
 63   0     0.9727     1.0000     0.0273     0.9809     0.9809    -0.0000
 64   0     0.9697     1.0000     0.0303     0.9859     0.9859    -0.0000
 65   0     0.9934     1.0000     0.0066     1.0051     1.0051    -0.0000
 66   0     1.0036     1.0000    -0.0036     0.9808     0.9808    -0.0000
 67   0     1.0185     1.0000    -0.0185     0.9836     0.9836     0.0000
 68   0     1.0147     1.0000    -0.0147     0.9982     0.9982    -0.0000
 69   0     1.0045     1.0000    -0.0045     0.9777     0.9777    -0.0000
 70   0     1.0278     1.0000    -0.0278     1.0005     1.0005    -0.0000
 71   0     0.9790     1.0000     0.0210     0.9864     0.9864     0.0000
 72   0     0.9993     1.0000     0.0007     0.9894     0.9894    -0.0000
 73   0     0.9824     1.0000     0.0176     0.9981     0.9981     0.0000
 74   0     0.9691     1.0000     0.0309     0.9880     0.9880     0.0000
 75   0     0.9701     1.0000     0.0299     0.9851     0.9851    -0.0000
 76   0     1.0086     1.0000    -0.0086     0.9938     0.9938     0.0000
 77   0     0.9378     1.0000     0.0622     1.0017     1.0017     0.0000
 78   0     0.9443     1.0000     0.0557     1.0068     1.0068     0.0000
 79   0     1.0228     1.0000    -0.0228     1.0008     1.0008     0.0000
 80   0     1.0273     1.0000    -0.0273     0.9978     0.9978    -0.0000
 81   0     1.0256     1.0000    -0.0256     1.0209     1.0209    -0.0000
 82   0     0.7824     1.0000     0.2176     0.9753     0.9753     0.0000
 83   0     0.7928     1.0000     0.2072     1.0285     1.0285    -0.0000
 84   0     0.9650     1.0000     0.0350     0.9848     0.9848     0.0000
 85   0     1.0035     1.0000    -0.0035     0.9962     0.9962     0.0000
 86   0     0.9740     1.0000     0.0260     0.9874     0.9874     0.0000
      Bond orders larger than 0.1000000
           Atom A     A.N. of A          Atom B    A.N. of B              Bond order
                0             6               1            6                1.101520
                0             6              45            1                0.940820
                0             6              46            1                0.945811
                0             6              47            1                0.956495
                1             6               2            6                1.902067
                1             6              44            6                1.074873
                2             6               3            6                1.062002
                2             6              48            1                0.956655
                3             6               4            6                1.096551
                3             6              49            1                0.914114
                3             6              50            1                0.899156
                4             6               5            6                1.060322
                4             6              51            1                0.900715
                4             6              52            1                0.903367
                5             6               6            6                1.700055
                5             6              42            6                0.980655
                6             6               7            6                0.985012
                6             6              53            1                0.993805
                7             6               8            6                0.856737
                7             6              18            6                0.913482
                7             6              41            8                1.080944
                8             6               9            6                1.387071
                8             6              13            6                1.296544
                9             6              10            6                1.349578
                9             6              15            8                1.049279
               10             6              11            6                1.336972
               10             6              13            6                0.110374
               10             6              54            1                0.993924
               11             6              12            6                1.327277
               11             6              55            1                1.007841
               12             6              13            6                1.326614
               12             6              14            8                1.084883
               13             6              56            1                1.008466
               14             8              57            1                0.931689
               15             8              16            6                1.034040
               16             6              17            8                2.173913
               16             6              18            6                0.852164
               18             6              19            6                1.047815
               18             6              30            6                1.005557
               19             6              20            6                1.087845
               19             6              58            1                0.893069
               19             6              59            1                0.918693
               20             6              21            6                1.022225
               20             6              60            1                0.901481
               20             6              61            1                0.890072
               21             6              22            6                1.907522
               21             6              62            1                0.951333
               22             6              23            6                1.099645
               22             6              24            6                1.067783
               23             6              63            1                0.927982
               23             6              64            1                0.933952
               23             6              65            1                0.928120
               24             6              25            6                1.096487
               24             6              66            1                0.899220
               24             6              67            1                0.908534
               25             6              26            6                1.058247
               25             6              68            1                0.911378
               25             6              69            1                0.902145
               26             6              27            6                1.893529
               26             6              70            1                0.957547
               27             6              28            6                1.074299
               27             6              29            6                1.091991
               28             6              71            1                0.951270
               28             6              72            1                0.945639
               28             6              73            1                0.963583
               29             6              74            1                0.942784
               29             6              75            1                0.939804
               29             6              76            1                0.939952
               30             6              31            6                1.005487
               30             6              77            1                0.896505
               30             6              78            1                0.869311
               31             6              32            8                2.028688
               31             6              33            6                0.971201
               33             6              34            6                1.265784
               33             6              38            6                1.272182
               34             6              35            6                1.310052
               34             6              40            8                1.291328
               35             6              36            6                1.340371
               35             6              79            1                0.987066
               36             6              37            6                1.340373
               36             6              80            1                1.005729
               37             6              38            6                1.350507
               37             6              39            8                1.075910
               38             6              81            1                0.983063
               39             8              82            1                0.929120
               40             8              83            1                0.908897
               41             8              42            6                0.986953
               42             6              43            8                2.090649
               44             6              84            1                0.941907
               44             6              85            1                0.946916
               44             6              86            1                0.947337
# -----------------------------------------------------------
$ Calculation_Info
   description: Details of the calculation
   geom. index: 1
   prop. index: 1
     Multiplicity:                          1
     Charge:                                0
     number of atoms:                       87
     number of electrons:                   0
     number of frozen core electrons:       1
     number of correlated electrons:        0
     number of basis functions:             840
     number of aux C basis functions:       0
     number of aux J basis functions:       2667
     number of aux JK basis functions:      0
     number of aux CABS basis functions:    0
     Total Energy                           -2034.136264
# -----------------------------------------------------------
$ SCF_Electric_Properties
   description: The SCF Calculated Electric Properties
   geom. index: 1
   prop. index: 1
       Filename                          : 135.scfp 
       Do Dipole Moment Calculation      : true 
       Do Quadrupole Moment Calculation  : false 
       Do Polarizability Calculation     : true 
** Dipole moment part of electric properties **
        Magnitude of dipole moment (Debye) :        3.3618390477
        Electronic Contribution:
                  0    
      0     -31.752474
      1     -46.340427
      2      18.696200
        Nuclear Contribution:
                  0    
      0      31.756511
      1      45.509012
      2     -19.724821
        Total Dipole moment:
                  0    
      0       0.004037
      1      -0.831416
      2      -1.028621
** Polarizabilities part of electric properties **
        Isotropic polarizability :      425.0570506854
        The raw cartesian tensor (atomic units):
                  0          1          2    
      0     478.778525 -26.383023  19.164393
      1     -26.383023 440.318075   0.084858
      2      19.164393   0.084858 356.074552
        Diagonalised polarizability tensor :
                  0    
      0     352.949982
      1     427.906466
      2     494.314704
# -------------------------------------------------------------
----------------------- !GEOMETRIES! ------------------------
# -------------------------------------------------------------
------------------------ !GEOMETRY! -------------------------
    Number of atoms:    87 
    Geometry Index:     1 
    Coordinates:
               0 C     -5.968703000000    4.637034000000   -2.378868000000
               1 C     -5.474972000000    4.715149000000   -0.996810000000
               2 C     -5.147574000000    3.567697000000   -0.372136000000
               3 C     -4.660895000000    3.649536000000    0.992221000000
               4 C     -3.230219000000    3.311786000000    1.161818000000
               5 C     -2.794385000000    1.957201000000    0.715671000000
               6 C     -2.331059000000    1.004152000000    1.507464000000
               7 C     -2.016392000000   -0.196729000000    0.705616000000
               8 C     -3.152886000000   -1.138585000000    0.987661000000
               9 C     -3.171783000000   -1.908256000000    2.092252000000
              10 C     -4.277032000000   -2.722511000000    2.326014000000
              11 C     -5.335407000000   -2.742542000000    1.439804000000
              12 C     -5.333017000000   -1.963643000000    0.303468000000
              13 C     -4.235988000000   -1.159587000000    0.079542000000
              14 O     -6.400125000000   -1.975304000000   -0.604541000000
              15 O     -2.095973000000   -1.904565000000    3.002123000000
              16 C     -0.997757000000   -1.061311000000    2.699058000000
              17 O     -0.342478000000   -0.616884000000    3.653368000000
              18 C     -0.736917000000   -0.789876000000    1.253241000000
              19 C      0.425336000000    0.136114000000    1.182274000000
              20 C      0.874801000000    0.577988000000   -0.170649000000
              21 C      2.041631000000    1.476902000000    0.016223000000
              22 C      3.237707000000    1.197718000000   -0.552984000000
              23 C      3.336362000000   -0.023364000000   -1.361070000000
              24 C      4.359442000000    2.147268000000   -0.390359000000
              25 C      5.527752000000    1.622400000000    0.350292000000
              26 C      6.134820000000    0.437057000000   -0.269417000000
              27 C      7.356623000000    0.540649000000   -0.807232000000
              28 C      7.948502000000   -0.676660000000   -1.428363000000
              29 C      8.065318000000    1.842578000000   -0.769633000000
              30 C     -0.505014000000   -2.102474000000    0.570803000000
              31 C      0.713632000000   -2.824600000000    1.050569000000
              32 O      1.372526000000   -2.373438000000    2.009723000000
              33 C      1.123279000000   -4.059337000000    0.386333000000
              34 C      2.229291000000   -4.745891000000    0.794146000000
              35 C      2.556674000000   -5.929688000000    0.103651000000
              36 C      1.816430000000   -6.402586000000   -0.940805000000
              37 C      0.703210000000   -5.691707000000   -1.334766000000
              38 C      0.364979000000   -4.517128000000   -0.661312000000
              39 O     -0.043768000000   -6.170466000000   -2.389743000000
              40 O      3.051700000000   -4.382648000000    1.819589000000
              41 O     -2.019989000000    0.208683000000   -0.599839000000
              42 C     -2.615199000000    1.479054000000   -0.647128000000
              43 O     -2.933691000000    2.096393000000   -1.703743000000
              44 C     -5.335176000000    6.038552000000   -0.301598000000
              45 H     -5.139679000000    4.821136000000   -3.123390000000
              46 H     -6.726615000000    5.395941000000   -2.571566000000
              47 H     -6.316193000000    3.596951000000   -2.615589000000
              48 H     -5.290292000000    2.636576000000   -0.888358000000
              49 H     -4.918774000000    4.643707000000    1.445544000000
              50 H     -5.298754000000    2.916437000000    1.598142000000
              51 H     -3.017620000000    3.360631000000    2.273190000000
              52 H     -2.549165000000    4.096943000000    0.737925000000
              53 H     -2.207679000000    1.115478000000    2.603171000000
              54 H     -4.251668000000   -3.321429000000    3.223646000000
              55 H     -6.171736000000   -3.381269000000    1.649733000000
              56 H     -4.193037000000   -0.535390000000   -0.795707000000
              57 H     -6.328877000000   -2.668990000000   -1.365346000000
              58 H      0.119737000000    1.116330000000    1.708311000000
              59 H      1.300111000000   -0.216386000000    1.733775000000
              60 H      1.133142000000   -0.278565000000   -0.830830000000
              61 H      0.091897000000    1.155119000000   -0.687523000000
              62 H      1.973471000000    2.384661000000    0.614021000000
              63 H      2.539897000000   -0.067184000000   -2.160012000000
              64 H      3.382404000000   -0.967480000000   -0.830259000000
              65 H      4.273154000000    0.063528000000   -1.991740000000
              66 H      4.666612000000    2.578989000000   -1.388059000000
              67 H      3.979980000000    3.051165000000    0.175357000000
              68 H      6.336572000000    2.420345000000    0.417385000000
              69 H      5.288323000000    1.432390000000    1.438041000000
              70 H      5.613559000000   -0.529043000000   -0.265749000000
              71 H      8.602843000000   -1.162265000000   -0.700191000000
              72 H      8.610311000000   -0.378655000000   -2.285872000000
              73 H      7.127051000000   -1.306728000000   -1.795785000000
              74 H      7.493786000000    2.670925000000   -1.228482000000
              75 H      8.345071000000    2.121743000000    0.265081000000
              76 H      9.031022000000    1.724063000000   -1.316224000000
              77 H     -0.488027000000   -2.003564000000   -0.541529000000
              78 H     -1.348004000000   -2.793641000000    0.781057000000
              79 H      3.436666000000   -6.450204000000    0.449368000000
              80 H      2.069339000000   -7.312321000000   -1.469929000000
              81 H     -0.532067000000   -3.996085000000   -1.020583000000
              82 H      0.118265000000   -5.926929000000   -3.356544000000
              83 H      3.078915000000   -3.648942000000    2.448638000000
              84 H     -6.150462000000    6.117766000000    0.459755000000
              85 H     -5.429961000000    6.823589000000   -1.055579000000
              86 H     -4.337135000000    6.136528000000    0.184205000000
