-------------------------------------------------------------
----------------------- !PROPERTIES! ------------------------
-------------------------------------------------------------
# -----------------------------------------------------------
$ SCF_Energy
   description: The SCF energy
   geom. index: 1
   prop. index: 1
        SCF Energy:    -2373.0123345614
# -----------------------------------------------------------
$ DFT_Energy
   description: The DFT energy
   geom. index: 1
   prop. index: 1
   Number of Alpha Electrons                156.9999440163 
   Number of Beta  Electrons                156.9999440163 
   Total number of  Electrons               313.9998880326 
   Exchange energy                         -221.0455045549 
   Correlation energy                       -12.7689395274 
   Correlation energy NL                      0.0000000000 
   Exchange-Correlation energy             -233.8144440823 
   Embedding correction                       0.0000000000 
   Total DFT Energy (No VdW correction)   -2373.0123345614 
# -----------------------------------------------------------
$ Mayer_Pop
   description: The Mayer population analysis
   geom. index: 1
   prop. index: 1
     Number of atoms                     : 75
     Threshold for printing              : 0.1000000
     Number of bond orders printed       : 80
  NA   - Mulliken gross atomic population
  ZA   - Total nuclear charge
  QA   - Mulliken gross atomic charge
  VA   - Mayer's total valence
  BVA  - Mayer's bonded valence
  FA   - Mayer's free valence
  ATOM       NA         ZA         QA         VA         BVA        FA
  0   0     5.8100     6.0000     0.1900     3.9269     3.9269    -0.0000
  1   0     8.3320     8.0000    -0.3320     2.2153     2.2153     0.0000
  2   0     5.7661     6.0000     0.2339     3.9878     3.9878     0.0000
  3   0     6.0688     6.0000    -0.0688     3.7862     3.7862    -0.0000
  4   0     5.9675     6.0000     0.0325     3.7918     3.7918     0.0000
  5   0     5.9778     6.0000     0.0222     3.8208     3.8208    -0.0000
  6   0     5.9966     6.0000     0.0034     3.9031     3.9031     0.0000
  7   0     6.1738     6.0000    -0.1738     3.8064     3.8064     0.0000
  8   0    14.6609    15.0000     0.3391     3.1256     3.1256     0.0000
  9   0     6.0964     6.0000    -0.0964     3.8572     3.8572    -0.0000
 10   0     5.9997     6.0000     0.0003     3.8870     3.8870     0.0000
 11   0     5.9723     6.0000     0.0277     3.8608     3.8608    -0.0000
 12   0     5.9732     6.0000     0.0268     3.7914     3.7914     0.0000
 13   0     5.9798     6.0000     0.0202     3.8440     3.8440     0.0000
 14   0     5.9957     6.0000     0.0043     3.8736     3.8736    -0.0000
 15   0     6.1142     6.0000    -0.1142     3.8137     3.8137    -0.0000
 16   0     6.0188     6.0000    -0.0188     3.8995     3.8995    -0.0000
 17   0     5.9549     6.0000     0.0451     3.7780     3.7780     0.0000
 18   0     5.9926     6.0000     0.0074     3.8331     3.8331     0.0000
 19   0     5.9439     6.0000     0.0561     3.8152     3.8152     0.0000
 20   0     5.8086     6.0000     0.1914     3.9869     3.9869    -0.0000
 21   0     8.3204     8.0000    -0.3204     2.1613     2.1613     0.0000
 22   0     5.7811     6.0000     0.2189     3.9882     3.9882    -0.0000
 23   0     5.9730     6.0000     0.0270     3.8265     3.8265    -0.0000
 24   0     5.9869     6.0000     0.0131     3.8350     3.8350    -0.0000
 25   0     5.9678     6.0000     0.0322     3.8026     3.8026     0.0000
 26   0     6.0173     6.0000    -0.0173     3.8814     3.8814     0.0000
 27   0     6.1337     6.0000    -0.1337     3.7993     3.7993     0.0000
 28   0    14.6949    15.0000     0.3051     3.1135     3.1135     0.0000
 29   0     6.0365     6.0000    -0.0365     3.8281     3.8281     0.0000
 30   0     5.9928     6.0000     0.0072     3.8956     3.8956     0.0000
 31   0     5.9712     6.0000     0.0288     3.8424     3.8424    -0.0000
 32   0     5.9780     6.0000     0.0220     3.8254     3.8254     0.0000
 33   0     5.9724     6.0000     0.0276     3.8236     3.8236    -0.0000
 34   0     5.9782     6.0000     0.0218     3.8868     3.8868     0.0000
 35   0     6.1645     6.0000    -0.1645     3.8680     3.8680     0.0000
 36   0     6.0092     6.0000    -0.0092     3.9033     3.9033     0.0000
 37   0     5.9810     6.0000     0.0190     3.8117     3.8117     0.0000
 38   0     5.9620     6.0000     0.0380     3.7767     3.7767     0.0000
 39   0     6.0768     6.0000    -0.0768     3.8392     3.8392     0.0000
 40   0     5.7506     6.0000     0.2494     3.9652     3.9652     0.0000
 41   0     8.3363     8.0000    -0.3363     2.1896     2.1896     0.0000
 42   0     5.8239     6.0000     0.1761     3.9218     3.9218     0.0000
 43   0     0.9559     1.0000     0.0441     0.9828     0.9828     0.0000
 44   0     0.9782     1.0000     0.0218     0.9860     0.9860     0.0000
 45   0     0.9815     1.0000     0.0185     0.9866     0.9866    -0.0000
 46   0     1.0399     1.0000    -0.0399     0.9986     0.9986    -0.0000
 47   0     1.0164     1.0000    -0.0164     0.9767     0.9767     0.0000
 48   0     1.0255     1.0000    -0.0255     0.9771     0.9771     0.0000
 49   0     0.9948     1.0000     0.0052     0.9881     0.9881     0.0000
 50   0     1.0101     1.0000    -0.0101     0.9940     0.9940     0.0000
 51   0     1.0325     1.0000    -0.0325     0.9764     0.9764    -0.0000
 52   0     1.0205     1.0000    -0.0205     0.9768     0.9768     0.0000
 53   0     1.0239     1.0000    -0.0239     0.9768     0.9768     0.0000
 54   0     1.0213     1.0000    -0.0213     0.9888     0.9888     0.0000
 55   0     1.0282     1.0000    -0.0282     1.0016     1.0016    -0.0000
 56   0     1.0332     1.0000    -0.0332     0.9758     0.9758     0.0000
 57   0     1.0323     1.0000    -0.0323     0.9757     0.9757    -0.0000
 58   0     1.0295     1.0000    -0.0295     0.9930     0.9930     0.0000
 59   0     1.0170     1.0000    -0.0170     0.9947     0.9947     0.0000
 60   0     1.0244     1.0000    -0.0244     0.9760     0.9760    -0.0000
 61   0     1.0307     1.0000    -0.0307     0.9759     0.9759     0.0000
 62   0     1.0167     1.0000    -0.0167     0.9966     0.9966     0.0000
 63   0     1.0385     1.0000    -0.0385     0.9905     0.9905    -0.0000
 64   0     1.0347     1.0000    -0.0347     0.9753     0.9753     0.0000
 65   0     1.0239     1.0000    -0.0239     0.9747     0.9747     0.0000
 66   0     1.0349     1.0000    -0.0349     0.9763     0.9763    -0.0000
 67   0     1.0157     1.0000    -0.0157     0.9872     0.9872     0.0000
 68   0     1.0093     1.0000    -0.0093     1.0059     1.0059    -0.0000
 69   0     1.0328     1.0000    -0.0328     0.9777     0.9777     0.0000
 70   0     1.0216     1.0000    -0.0216     0.9772     0.9772    -0.0000
 71   0     1.0451     1.0000    -0.0451     0.9929     0.9929     0.0000
 72   0     0.9829     1.0000     0.0171     0.9867     0.9867     0.0000
 73   0     0.9615     1.0000     0.0385     0.9841     0.9841     0.0000
 74   0     0.9746     1.0000     0.0254     0.9836     0.9836     0.0000
      Bond orders larger than 0.1000000
           Atom A     A.N. of A          Atom B    A.N. of B              Bond order
                0             6               1            8                0.955829
                0             6              43            1                0.971477
                0             6              44            1                0.963659
                0             6              45            1                0.967703
                1             8               2            6                1.152895
                2             6               3            6                1.309492
                2             6               7            6                1.398288
                3             6               4            6                1.339864
                3             6              46            1                0.998389
                4             6               5            6                1.374319
                4             6              47            1                0.984733
                5             6               6            6                1.387780
                5             6              48            1                0.990089
                6             6               7            6                1.365671
                6             6              49            1                0.979767
                7             6               8           15                0.961747
                8            15               9            6                0.963513
                8            15              15            6                0.950738
                9             6              10            6                1.385281
                9             6              14            6                1.377508
               10             6              11            6                1.396775
               10             6              50            1                0.982100
               11             6              12            6                1.380574
               11             6              51            1                0.984341
               12             6              13            6                1.357477
               12             6              52            1                0.991503
               13             6              14            6                1.409521
               13             6              53            1                0.985063
               14             6              54            1                0.983778
               15             6              16            6                1.363290
               15             6              20            6                1.403350
               16             6              17            6                1.385443
               16             6              55            1                0.969863
               17             6              18            6                1.350252
               17             6              56            1                0.995410
               18             6              19            6                1.373637
               18             6              57            1                0.985127
               19             6              20            6                1.379454
               19             6              58            1                0.990045
               20             6              21            8                1.001608
               21             8              22            6                1.035366
               22             6              23            6                1.371740
               22             6              27            6                1.395902
               23             6              24            6                1.370659
               23             6              59            1                0.986148
               24             6              25            6                1.364620
               24             6              60            1                0.989979
               25             6              26            6                1.383800
               25             6              61            1                0.986414
               26             6              27            6                1.350381
               26             6              62            1                0.980322
               27             6              28           15                0.945601
               28            15              29            6                0.937945
               28            15              35            6                0.947999
               29             6              30            6                1.405777
               29             6              34            6                1.378000
               30             6              31            6                1.373323
               30             6              63            1                0.995907
               31             6              32            6                1.400149
               31             6              64            1                0.985479
               32             6              33            6                1.365413
               32             6              65            1                0.987647
               33             6              34            6                1.386894
               33             6              66            1                0.992375
               34             6              67            1                0.975286
               35             6              36            6                1.413922
               35             6              40            6                1.372651
               36             6              37            6                1.367746
               36             6              68            1                0.982472
               37             6              38            6                1.374259
               37             6              69            1                0.986261
               38             6              39            6                1.336771
               38             6              70            1                0.989330
               39             6              40            6                1.364458
               39             6              71            1                0.987408
               40             6              41            8                1.094488
               41             8              42            6                0.968712
               42             6              72            1                0.971875
               42             6              73            1                0.972204
               42             6              74            1                0.957163
# -----------------------------------------------------------
$ Calculation_Info
   description: Details of the calculation
   geom. index: 1
   prop. index: 1
     Multiplicity:                          1
     Charge:                                0
     number of atoms:                       75
     number of electrons:                   0
     number of frozen core electrons:       1
     number of correlated electrons:        0
     number of basis functions:             770
     number of aux C basis functions:       0
     number of aux J basis functions:       2463
     number of aux JK basis functions:      0
     number of aux CABS basis functions:    0
     Total Energy                           -2373.012335
# -----------------------------------------------------------
$ SCF_Electric_Properties
   description: The SCF Calculated Electric Properties
   geom. index: 1
   prop. index: 1
       Filename                          : 113.scfp 
       Do Dipole Moment Calculation      : true 
       Do Quadrupole Moment Calculation  : false 
       Do Polarizability Calculation     : true 
** Dipole moment part of electric properties **
        Magnitude of dipole moment (Debye) :        3.4447173625
        Electronic Contribution:
                  0    
      0      -5.251404
      1      -8.633111
      2       3.222210
        Nuclear Contribution:
                  0    
      0       5.628109
      1       9.875385
      2      -3.611431
        Total Dipole moment:
                  0    
      0       0.376705
      1       1.242274
      2      -0.389221
** Polarizabilities part of electric properties **
        Isotropic polarizability :      466.2413090848
        The raw cartesian tensor (atomic units):
                  0          1          2    
      0     536.730594  17.847912  28.518265
      1      17.847912 450.057534 -44.798950
      2      28.518265 -44.798950 411.935799
        Diagonalised polarizability tensor :
                  0    
      0     375.303951
      1     479.671664
      2     543.748312
# -------------------------------------------------------------
----------------------- !GEOMETRIES! ------------------------
# -------------------------------------------------------------
------------------------ !GEOMETRY! -------------------------
    Number of atoms:    75 
    Geometry Index:     1 
    Coordinates:
               0 C     -1.875020000000    2.558438000000   -3.360829000000
               1 O     -2.241141000000    1.706947000000   -2.290885000000
               2 C     -3.298189000000    1.996600000000   -1.449090000000
               3 C     -4.021089000000    3.166744000000   -1.668336000000
               4 C     -5.074275000000    3.453220000000   -0.827892000000
               5 C     -5.393975000000    2.603869000000    0.192938000000
               6 C     -4.663138000000    1.442094000000    0.397247000000
               7 C     -3.609684000000    1.136422000000   -0.427763000000
               8 P     -2.684388000000   -0.403063000000   -0.112671000000
               9 C     -3.922160000000   -1.718039000000    0.240958000000
              10 C     -3.693739000000   -2.599497000000    1.265913000000
              11 C     -4.629361000000   -3.587548000000    1.527590000000
              12 C     -5.793224000000   -3.729262000000    0.798509000000
              13 C     -5.993411000000   -2.827104000000   -0.225489000000
              14 C     -5.078719000000   -1.841528000000   -0.500363000000
              15 C     -1.642421000000   -0.112486000000    1.393924000000
              16 C     -1.913579000000    0.938754000000    2.244937000000
              17 C     -1.196532000000    1.227203000000    3.378884000000
              18 C     -0.135193000000    0.390603000000    3.663634000000
              19 C      0.157022000000   -0.668252000000    2.828193000000
              20 C     -0.584775000000   -0.927793000000    1.697958000000
              21 O     -0.263403000000   -1.995067000000    0.886389000000
              22 C      0.085476000000   -1.929631000000   -0.433392000000
              23 C     -0.684134000000   -2.594621000000   -1.365386000000
              24 C     -0.397870000000   -2.578200000000   -2.724095000000
              25 C      0.708599000000   -1.857283000000   -3.120379000000
              26 C      1.485588000000   -1.187657000000   -2.192180000000
              27 C      1.193289000000   -1.209757000000   -0.844341000000
              28 P      2.244499000000   -0.311570000000    0.354691000000
              29 C      3.749931000000   -1.325128000000    0.621530000000
              30 C      3.873845000000   -2.218509000000    1.662627000000
              31 C      5.049966000000   -2.936954000000    1.778868000000
              32 C      6.100322000000   -2.798081000000    0.900647000000
              33 C      5.970806000000   -1.907658000000   -0.132977000000
              34 C      4.800211000000   -1.183332000000   -0.260337000000
              35 C      2.811046000000    1.299352000000   -0.339131000000
              36 C      2.129078000000    1.877647000000   -1.379930000000
              37 C      2.581061000000    3.080759000000   -1.872523000000
              38 C      3.694018000000    3.680577000000   -1.324431000000
              39 C      4.353560000000    3.063998000000   -0.275124000000
              40 C      3.931922000000    1.855614000000    0.248531000000
              41 O      4.583063000000    1.220011000000    1.304482000000
              42 C      5.718229000000    1.741839000000    1.931019000000
              43 H     -1.034338000000    2.123360000000   -3.903951000000
              44 H     -2.777766000000    2.723132000000   -3.978994000000
              45 H     -1.559937000000    3.523542000000   -2.901453000000
              46 H     -3.781326000000    3.848022000000   -2.470172000000
              47 H     -5.675075000000    4.365408000000   -0.960709000000
              48 H     -6.222701000000    2.790987000000    0.885587000000
              49 H     -4.953319000000    0.782428000000    1.232815000000
              50 H     -2.778837000000   -2.516103000000    1.866363000000
              51 H     -4.431054000000   -4.270144000000    2.337246000000
              52 H     -6.519420000000   -4.522056000000    1.026697000000
              53 H     -6.900743000000   -2.896058000000   -0.834122000000
              54 H     -5.228551000000   -1.116734000000   -1.314828000000
              55 H     -2.756369000000    1.580914000000    1.994295000000
              56 H     -1.424210000000    2.058444000000    4.036725000000
              57 H      0.442432000000    0.599245000000    4.550948000000
              58 H      1.016602000000   -1.301932000000    3.107262000000
              59 H     -1.570593000000   -3.178973000000   -1.094642000000
              60 H     -1.009750000000   -3.104658000000   -3.448663000000
              61 H      0.946389000000   -1.835625000000   -4.189630000000
              62 H      2.355815000000   -0.625784000000   -2.541177000000
              63 H      3.050206000000   -2.329716000000    2.354138000000
              64 H      5.159733000000   -3.639138000000    2.588858000000
              65 H      7.000407000000   -3.403928000000    1.060125000000
              66 H      6.800267000000   -1.805328000000   -0.817366000000
              67 H      4.701705000000   -0.475984000000   -1.084394000000
              68 H      1.259000000000    1.367606000000   -1.777737000000
              69 H      2.030806000000    3.534407000000   -2.702731000000
              70 H      4.041884000000    4.640870000000   -1.729253000000
              71 H      5.227035000000    3.521559000000    0.164532000000
              72 H      6.611411000000    1.414427000000    1.361256000000
              73 H      5.841784000000    1.301524000000    2.963066000000
              74 H      5.706404000000    2.853615000000    2.027985000000
