-------------------------------------------------------------
----------------------- !PROPERTIES! ------------------------
-------------------------------------------------------------
# -----------------------------------------------------------
$ SCF_Energy
   description: The SCF energy
   geom. index: 1
   prop. index: 1
        SCF Energy:    -1373.4828425403
# -----------------------------------------------------------
$ DFT_Energy
   description: The DFT energy
   geom. index: 1
   prop. index: 1
   Number of Alpha Electrons                103.0000856351 
   Number of Beta  Electrons                103.0000856351 
   Total number of  Electrons               206.0001712703 
   Exchange energy                         -136.5254283670 
   Correlation energy                        -8.2183649144 
   Correlation energy NL                      0.0000000000 
   Exchange-Correlation energy             -144.7437932814 
   Embedding correction                       0.0000000000 
   Total DFT Energy (No VdW correction)   -1373.4828425403 
# -----------------------------------------------------------
$ Mayer_Pop
   description: The Mayer population analysis
   geom. index: 1
   prop. index: 1
     Number of atoms                     : 62
     Threshold for printing              : 0.1000000
     Number of bond orders printed       : 64
  NA   - Mulliken gross atomic population
  ZA   - Total nuclear charge
  QA   - Mulliken gross atomic charge
  VA   - Mayer's total valence
  BVA  - Mayer's bonded valence
  FA   - Mayer's free valence
  ATOM       NA         ZA         QA         VA         BVA        FA
  0   0     5.8956     6.0000     0.1044     3.9353     3.9353     0.0000
  1   0     6.1407     6.0000    -0.1407     4.2036     4.2036     0.0000
  2   0     5.7928     6.0000     0.2072     3.9017     3.9017     0.0000
  3   0     6.1085     6.0000    -0.1085     4.0775     4.0775     0.0000
  4   0     6.0050     6.0000    -0.0050     3.9502     3.9502    -0.0000
  5   0     5.9598     6.0000     0.0402     3.9591     3.9591    -0.0000
  6   0     6.0529     6.0000    -0.0529     4.2386     4.2386     0.0000
  7   0     5.9740     6.0000     0.0260     3.8575     3.8575    -0.0000
  8   0     6.1848     6.0000    -0.1848     4.3949     4.3949    -0.0000
  9   0     8.1669     8.0000    -0.1669     2.2987     2.2987     0.0000
 10   0     5.6457     6.0000     0.3543     3.7220     3.7220     0.0000
 11   0     6.1694     6.0000    -0.1694     4.3938     4.3938     0.0000
 12   0     5.8136     6.0000     0.1864     3.9529     3.9529    -0.0000
 13   0     8.3378     8.0000    -0.3378     2.0766     2.0766    -0.0000
 14   0     5.6761     6.0000     0.3239     3.9022     3.9022    -0.0000
 15   0     8.5123     8.0000    -0.5123     2.0924     2.0924    -0.0000
 16   0    13.4071    14.0000     0.5929     4.3155     4.3155     0.0000
 17   0     6.1879     6.0000    -0.1879     3.8896     3.8896    -0.0000
 18   0     6.2199     6.0000    -0.2199     3.8978     3.8978    -0.0000
 19   0     6.5097     6.0000    -0.5097     4.1889     4.1889     0.0000
 20   0     5.8913     6.0000     0.1087     3.9120     3.9120    -0.0000
 21   0     5.8879     6.0000     0.1121     3.8751     3.8751     0.0000
 22   0     5.8952     6.0000     0.1048     3.9233     3.9233     0.0000
 23   0     5.7649     6.0000     0.2351     3.8900     3.8900    -0.0000
 24   0     6.1019     6.0000    -0.1019     4.1239     4.1239    -0.0000
 25   0     5.9959     6.0000     0.0041     3.9831     3.9831    -0.0000
 26   0     0.9858     1.0000     0.0142     0.9837     0.9837     0.0000
 27   0     0.9912     1.0000     0.0088     0.9971     0.9971    -0.0000
 28   0     1.0024     1.0000    -0.0024     0.9982     0.9982    -0.0000
 29   0     0.9904     1.0000     0.0096     0.9794     0.9794     0.0000
 30   0     1.0207     1.0000    -0.0207     0.9757     0.9757     0.0000
 31   0     0.9758     1.0000     0.0242     1.0115     1.0115    -0.0000
 32   0     1.0198     1.0000    -0.0198     0.9772     0.9772     0.0000
 33   0     1.0219     1.0000    -0.0219     0.9789     0.9789    -0.0000
 34   0     0.9953     1.0000     0.0047     0.9886     0.9886    -0.0000
 35   0     0.9984     1.0000     0.0016     1.0106     1.0106    -0.0000
 36   0     1.0213     1.0000    -0.0213     1.0027     1.0027    -0.0000
 37   0     0.9920     1.0000     0.0080     1.0327     1.0327     0.0000
 38   0     0.9804     1.0000     0.0196     1.0078     1.0078    -0.0000
 39   0     1.0110     1.0000    -0.0110     1.0075     1.0075    -0.0000
 40   0     0.9976     1.0000     0.0024     0.9800     0.9800    -0.0000
 41   0     0.9929     1.0000     0.0071     0.9839     0.9839     0.0000
 42   0     0.9607     1.0000     0.0393     1.0048     1.0048     0.0000
 43   0     0.9643     1.0000     0.0357     0.9859     0.9859    -0.0000
 44   0     0.9521     1.0000     0.0479     0.9900     0.9900    -0.0000
 45   0     0.9519     1.0000     0.0481     0.9947     0.9947    -0.0000
 46   0     0.9559     1.0000     0.0441     1.0039     1.0039     0.0000
 47   0     0.9600     1.0000     0.0400     0.9892     0.9892    -0.0000
 48   0     1.0018     1.0000    -0.0018     0.9899     0.9899     0.0000
 49   0     0.9916     1.0000     0.0084     0.9957     0.9957    -0.0000
 50   0     0.9875     1.0000     0.0125     0.9982     0.9982    -0.0000
 51   0     0.9983     1.0000     0.0017     0.9993     0.9993     0.0000
 52   0     1.0080     1.0000    -0.0080     1.0004     1.0004     0.0000
 53   0     0.9952     1.0000     0.0048     0.9969     0.9969    -0.0000
 54   0     0.9905     1.0000     0.0095     0.9977     0.9977     0.0000
 55   0     0.9943     1.0000     0.0057     0.9820     0.9820     0.0000
 56   0     1.0015     1.0000    -0.0015     0.9891     0.9891    -0.0000
 57   0     0.9898     1.0000     0.0102     1.0041     1.0041     0.0000
 58   0     0.9927     1.0000     0.0073     1.0009     1.0009     0.0000
 59   0     1.0085     1.0000    -0.0085     0.9797     0.9797     0.0000
 60   0     0.9989     1.0000     0.0011     0.9724     0.9724    -0.0000
 61   0     1.0017     1.0000    -0.0017     0.9799     0.9799    -0.0000
      Bond orders larger than 0.1000000
           Atom A     A.N. of A          Atom B    A.N. of B              Bond order
                0             6               1            6                1.083342
                0             6              26            1                0.949106
                0             6              27            1                0.947513
                0             6              28            1                0.946933
                1             6               2            6                1.079031
                1             6               6            6                1.018547
                1             6              29            1                0.909840
                2             6               3            6                1.033546
                2             6              30            1                0.914994
                2             6              31            1                0.877695
                3             6               4            6                1.934749
                3             6              32            1                0.959442
                4             6               5            6                0.956204
                4             6              33            1                0.956183
                5             6               6            6                1.037582
                5             6              12            6                1.086472
                5             6              34            1                0.870143
                6             6               7            6                0.989732
                6             6              13            8                0.972722
                7             6               8            6                0.882600
                7             6              23            6                1.086958
                7             6              35            1                0.846613
                8             6               9            8                2.177783
                8             6              10            6                1.006276
               10             6              11            6                1.009090
               10             6              36            1                0.855151
               10             6              37            1                0.893878
               11             6              12            6                1.039128
               11             6              13            8                1.011145
               11             6              14            6                1.034432
               12             6              38            1                0.882742
               12             6              39            1                0.896485
               14             6              15            8                0.954873
               14             6              40            1                0.917483
               14             6              41            1                0.917599
               15             8              16           14                1.029131
               16            14              17            6                1.045864
               16            14              18            6                1.022055
               16            14              19            6                0.929809
               17             6              42            1                0.945052
               17             6              43            1                0.943777
               17             6              44            1                0.947149
               18             6              45            1                0.937008
               18             6              46            1                0.955605
               18             6              47            1                0.945139
               19             6              20            6                1.040590
               19             6              21            6                1.033569
               19             6              22            6                1.056271
               20             6              48            1                0.953866
               20             6              49            1                0.955374
               20             6              50            1                0.959204
               21             6              51            1                0.954247
               21             6              52            1                0.955326
               21             6              53            1                0.957780
               22             6              54            1                0.957580
               22             6              55            1                0.958253
               22             6              56            1                0.935186
               23             6              24            6                1.000899
               23             6              57            1                0.894071
               23             6              58            1                0.895612
               24             6              25            6                2.026490
               24             6              59            1                0.951641
               25             6              60            1                0.938783
               25             6              61            1                0.932627
# -----------------------------------------------------------
$ Calculation_Info
   description: Details of the calculation
   geom. index: 1
   prop. index: 1
     Multiplicity:                          1
     Charge:                                0
     number of atoms:                       62
     number of electrons:                   0
     number of frozen core electrons:       1
     number of correlated electrons:        0
     number of basis functions:             548
     number of aux C basis functions:       0
     number of aux J basis functions:       1672
     number of aux JK basis functions:      0
     number of aux CABS basis functions:    0
     Total Energy                           -1373.482843
# -----------------------------------------------------------
$ SCF_Electric_Properties
   description: The SCF Calculated Electric Properties
   geom. index: 1
   prop. index: 1
       Filename                          : 294.scfp 
       Do Dipole Moment Calculation      : true 
       Do Quadrupole Moment Calculation  : false 
       Do Polarizability Calculation     : true 
** Dipole moment part of electric properties **
        Magnitude of dipole moment (Debye) :        2.8341094201
        Electronic Contribution:
                  0    
      0     -15.108082
      1       7.730880
      2      -0.730525
        Nuclear Contribution:
                  0    
      0      15.221325
      1      -8.837278
      2       0.651224
        Total Dipole moment:
                  0    
      0       0.113243
      1      -1.106398
      2      -0.079300
** Polarizabilities part of electric properties **
        Isotropic polarizability :      249.1204545604
        The raw cartesian tensor (atomic units):
                  0          1          2    
      0     272.983248  -6.446814   4.386235
      1      -6.446814 241.201642  16.107367
      2       4.386235  16.107367 233.176474
        Diagonalised polarizability tensor :
                  0    
      0     219.554173
      1     253.520942
      2     274.286249
# -------------------------------------------------------------
----------------------- !GEOMETRIES! ------------------------
# -------------------------------------------------------------
------------------------ !GEOMETRY! -------------------------
    Number of atoms:    62 
    Geometry Index:     1 
    Coordinates:
               0 C     -4.857408000000   -1.024850000000   -0.332545000000
               1 C     -3.684963000000   -0.773947000000   -1.209036000000
               2 C     -3.055386000000   -2.099959000000   -1.659624000000
               3 C     -2.075237000000   -1.741010000000   -2.717074000000
               4 C     -1.473894000000   -0.581315000000   -2.697233000000
               5 C     -1.653816000000    0.478709000000   -1.701541000000
               6 C     -2.563495000000    0.008833000000   -0.599233000000
               7 C     -3.035463000000    1.109983000000    0.311721000000
               8 C     -1.785475000000    1.900733000000    0.645487000000
               9 O     -1.649645000000    3.069173000000    0.405879000000
              10 C     -0.732529000000    1.056074000000    1.311332000000
              11 C     -0.516828000000   -0.073500000000    0.288834000000
              12 C     -0.295721000000    0.658229000000   -1.027859000000
              13 O     -1.689335000000   -0.796248000000    0.150810000000
              14 C      0.658150000000   -0.920350000000    0.635995000000
              15 O      1.771967000000   -0.055262000000    0.744094000000
              16 Si     3.192228000000   -0.893140000000    1.139145000000
              17 C      3.857126000000   -0.359898000000    2.814163000000
              18 C      2.898072000000   -2.725527000000    1.209572000000
              19 C      4.494876000000   -0.458176000000   -0.147840000000
              20 C      4.199871000000    0.975816000000   -0.595739000000
              21 C      4.411781000000   -1.427405000000   -1.289636000000
              22 C      5.827513000000   -0.462969000000    0.535845000000
              23 C     -3.983475000000    2.057769000000   -0.315523000000
              24 C     -4.381289000000    3.080840000000    0.698002000000
              25 C     -3.992343000000    3.078573000000    1.945310000000
              26 H     -5.809992000000   -0.707585000000   -0.852149000000
              27 H     -4.807731000000   -0.632568000000    0.680115000000
              28 H     -4.993918000000   -2.141613000000   -0.219066000000
              29 H     -3.974510000000   -0.259034000000   -2.159372000000
              30 H     -3.808016000000   -2.801240000000   -2.032429000000
              31 H     -2.543915000000   -2.588117000000   -0.781998000000
              32 H     -1.878495000000   -2.493343000000   -3.516045000000
              33 H     -0.755237000000   -0.371455000000   -3.510742000000
              34 H     -1.998856000000    1.439623000000   -2.147512000000
              35 H     -3.385631000000    0.699446000000    1.254944000000
              36 H     -1.178866000000    0.676439000000    2.240070000000
              37 H      0.205670000000    1.595225000000    1.423839000000
              38 H     -0.076391000000    1.718077000000   -0.915394000000
              39 H      0.520213000000    0.167918000000   -1.582253000000
              40 H      0.510048000000   -1.480760000000    1.559569000000
              41 H      0.889742000000   -1.589034000000   -0.204286000000
              42 H      4.931992000000   -0.586958000000    2.909583000000
              43 H      3.237466000000   -0.903290000000    3.569620000000
              44 H      3.647516000000    0.730147000000    2.905697000000
              45 H      3.732484000000   -3.244386000000    0.682431000000
              46 H      1.922430000000   -3.031513000000    0.802784000000
              47 H      2.937599000000   -3.105749000000    2.260370000000
              48 H      5.126068000000    1.487672000000   -0.912788000000
              49 H      3.796134000000    1.500423000000    0.292146000000
              50 H      3.436585000000    0.967593000000   -1.404289000000
              51 H      4.219245000000   -0.929360000000   -2.260201000000
              52 H      5.381949000000   -1.957249000000   -1.401901000000
              53 H      3.647278000000   -2.198137000000   -1.088798000000
              54 H      5.925198000000    0.479371000000    1.114021000000
              55 H      5.861533000000   -1.317450000000    1.235947000000
              56 H      6.688180000000   -0.535160000000   -0.146211000000
              57 H     -3.608447000000    2.568563000000   -1.207585000000
              58 H     -4.939846000000    1.508537000000   -0.561607000000
              59 H     -5.051181000000    3.900957000000    0.380337000000
              60 H     -4.341653000000    3.879979000000    2.615027000000
              61 H     -3.349924000000    2.361922000000    2.434818000000
