-------------------------------------------------------------
----------------------- !PROPERTIES! ------------------------
-------------------------------------------------------------
# -----------------------------------------------------------
$ SCF_Energy
   description: The SCF energy
   geom. index: 1
   prop. index: 1
        SCF Energy:    -2371.8531871628
# -----------------------------------------------------------
$ DFT_Energy
   description: The DFT energy
   geom. index: 1
   prop. index: 1
   Number of Alpha Electrons                155.9999614418 
   Number of Beta  Electrons                155.9999614418 
   Total number of  Electrons               311.9999228836 
   Exchange energy                         -220.6090618941 
   Correlation energy                       -12.7156207677 
   Correlation energy NL                      0.0000000000 
   Exchange-Correlation energy             -233.3246826617 
   Embedding correction                       0.0000000000 
   Total DFT Energy (No VdW correction)   -2371.8531871628 
# -----------------------------------------------------------
$ Mayer_Pop
   description: The Mayer population analysis
   geom. index: 1
   prop. index: 1
     Number of atoms                     : 73
     Threshold for printing              : 0.1000000
     Number of bond orders printed       : 79
  NA   - Mulliken gross atomic population
  ZA   - Total nuclear charge
  QA   - Mulliken gross atomic charge
  VA   - Mayer's total valence
  BVA  - Mayer's bonded valence
  FA   - Mayer's free valence
  ATOM       NA         ZA         QA         VA         BVA        FA
  0   0     5.8186     6.0000     0.1814     3.9328     3.9328    -0.0000
  1   0     8.3149     8.0000    -0.3149     2.2288     2.2288     0.0000
  2   0     5.7782     6.0000     0.2218     3.9935     3.9935     0.0000
  3   0     6.0713     6.0000    -0.0713     3.7953     3.7953    -0.0000
  4   0     5.9753     6.0000     0.0247     3.8148     3.8148    -0.0000
  5   0     5.9741     6.0000     0.0259     3.7985     3.7985     0.0000
  6   0     5.9733     6.0000     0.0267     3.8862     3.8862    -0.0000
  7   0     6.1745     6.0000    -0.1745     3.8179     3.8179    -0.0000
  8   0    14.6607    15.0000     0.3393     3.0535     3.0535    -0.0000
  9   0     6.0845     6.0000    -0.0845     3.8024     3.8024    -0.0000
 10   0     5.9764     6.0000     0.0236     3.8873     3.8873    -0.0000
 11   0     5.9674     6.0000     0.0326     3.8442     3.8442     0.0000
 12   0     5.9714     6.0000     0.0286     3.8341     3.8341    -0.0000
 13   0     5.9567     6.0000     0.0433     3.8328     3.8328    -0.0000
 14   0     5.9795     6.0000     0.0205     3.8760     3.8760    -0.0000
 15   0     6.1679     6.0000    -0.1679     3.7982     3.7982    -0.0000
 16   0     6.0251     6.0000    -0.0251     3.9043     3.9043     0.0000
 17   0     5.9653     6.0000     0.0347     3.7889     3.7889    -0.0000
 18   0     6.0701     6.0000    -0.0701     3.7484     3.7484    -0.0000
 19   0     5.8908     6.0000     0.1092     3.7127     3.7127    -0.0000
 20   0     5.8440     6.0000     0.1560     3.9593     3.9593    -0.0000
 21   0     8.1673     8.0000    -0.1673     2.3914     2.3914    -0.0000
 22   0     5.8543     6.0000     0.1457     3.9572     3.9572     0.0000
 23   0     5.9357     6.0000     0.0643     3.7621     3.7621     0.0000
 24   0     6.0573     6.0000    -0.0573     3.7777     3.7777     0.0000
 25   0     5.9492     6.0000     0.0508     3.7394     3.7394    -0.0000
 26   0     6.0059     6.0000    -0.0059     3.9134     3.9134    -0.0000
 27   0     6.1594     6.0000    -0.1594     3.8210     3.8210     0.0000
 28   0    14.6458    15.0000     0.3542     3.0618     3.0618     0.0000
 29   0     6.1088     6.0000    -0.1088     3.7811     3.7811     0.0000
 30   0     5.9779     6.0000     0.0221     3.8529     3.8529    -0.0000
 31   0     5.9610     6.0000     0.0390     3.8312     3.8312    -0.0000
 32   0     5.9831     6.0000     0.0169     3.8482     3.8482    -0.0000
 33   0     5.9737     6.0000     0.0263     3.8502     3.8502    -0.0000
 34   0     5.9643     6.0000     0.0357     3.8754     3.8754    -0.0000
 35   0     6.1333     6.0000    -0.1333     3.7849     3.7849    -0.0000
 36   0     6.0145     6.0000    -0.0145     3.9206     3.9206    -0.0000
 37   0     5.9497     6.0000     0.0503     3.7746     3.7746    -0.0000
 38   0     5.9813     6.0000     0.0187     3.8247     3.8247    -0.0000
 39   0     6.0541     6.0000    -0.0541     3.7804     3.7804    -0.0000
 40   0     5.8099     6.0000     0.1901     4.0124     4.0124    -0.0000
 41   0     8.3423     8.0000    -0.3423     2.1987     2.1987    -0.0000
 42   0     5.8195     6.0000     0.1805     3.9268     3.9268     0.0000
 43   0     0.9804     1.0000     0.0196     0.9850     0.9850     0.0000
 44   0     0.9826     1.0000     0.0174     0.9854     0.9854    -0.0000
 45   0     0.9560     1.0000     0.0440     0.9818     0.9818     0.0000
 46   0     1.0392     1.0000    -0.0392     0.9990     0.9990    -0.0000
 47   0     1.0169     1.0000    -0.0169     0.9765     0.9765    -0.0000
 48   0     1.0229     1.0000    -0.0229     0.9768     0.9768    -0.0000
 49   0     1.0363     1.0000    -0.0363     0.9992     0.9992    -0.0000
 50   0     1.0284     1.0000    -0.0284     0.9983     0.9983    -0.0000
 51   0     1.0354     1.0000    -0.0354     0.9759     0.9759    -0.0000
 52   0     1.0214     1.0000    -0.0214     0.9748     0.9748     0.0000
 53   0     1.0307     1.0000    -0.0307     0.9764     0.9764    -0.0000
 54   0     1.0199     1.0000    -0.0199     0.9851     0.9851    -0.0000
 55   0     1.0146     1.0000    -0.0146     0.9907     0.9907    -0.0000
 56   0     1.0299     1.0000    -0.0299     0.9765     0.9765    -0.0000
 57   0     1.0488     1.0000    -0.0488     0.9803     0.9803    -0.0000
 58   0     1.0504     1.0000    -0.0504     0.9806     0.9806    -0.0000
 59   0     1.0310     1.0000    -0.0310     0.9777     0.9777     0.0000
 60   0     1.0233     1.0000    -0.0233     0.9917     0.9917    -0.0000
 61   0     1.0134     1.0000    -0.0134     0.9874     0.9874    -0.0000
 62   0     1.0291     1.0000    -0.0291     0.9771     0.9771    -0.0000
 63   0     1.0200     1.0000    -0.0200     0.9747     0.9747    -0.0000
 64   0     1.0282     1.0000    -0.0282     0.9760     0.9760    -0.0000
 65   0     1.0275     1.0000    -0.0275     1.0008     1.0008    -0.0000
 66   0     1.0201     1.0000    -0.0201     0.9958     0.9958     0.0000
 67   0     1.0307     1.0000    -0.0307     0.9769     0.9769     0.0000
 68   0     1.0240     1.0000    -0.0240     0.9759     0.9759    -0.0000
 69   0     1.0362     1.0000    -0.0362     0.9955     0.9955    -0.0000
 70   0     0.9566     1.0000     0.0434     0.9855     0.9855    -0.0000
 71   0     0.9769     1.0000     0.0231     0.9845     0.9845     0.0000
 72   0     0.9809     1.0000     0.0191     0.9837     0.9837     0.0000
      Bond orders larger than 0.1000000
           Atom A     A.N. of A          Atom B    A.N. of B              Bond order
                0             6               1            8                0.965042
                0             6              43            1                0.961735
                0             6              44            1                0.966672
                0             6              45            1                0.970593
                1             8               2            6                1.159854
                2             6               3            6                1.310604
                2             6               7            6                1.404713
                3             6               4            6                1.347806
                3             6              46            1                0.992399
                4             6               5            6                1.381456
                4             6              47            1                0.987094
                5             6               6            6                1.368798
                5             6              48            1                0.986704
                6             6               7            6                1.382027
                6             6              49            1                0.991271
                7             6               8           15                0.944599
                8            15               9            6                0.945530
                8            15              15            6                0.926896
                9             6              10            6                1.382328
                9             6              14            6                1.377049
               10             6              11            6                1.387781
               10             6              50            1                0.990720
               11             6              12            6                1.380931
               11             6              51            1                0.993770
               12             6              13            6                1.392897
               12             6              52            1                0.984970
               13             6              14            6                1.373408
               13             6              53            1                0.988932
               14             6              54            1                0.984958
               15             6              16            6                1.393499
               15             6              20            6                1.360291
               16             6              17            6                1.352606
               16             6              55            1                0.983892
               17             6              18            6                1.372061
               17             6              56            1                0.988977
               18             6              19            6                1.302370
               18             6              57            1                0.996423
               19             6              20            6                1.291298
               19             6              23            6                1.110147
               20             6              21            8                1.129758
               21             8              22            6                1.142206
               22             6              23            6                1.273737
               22             6              27            6                1.360825
               23             6              24            6                1.339840
               24             6              25            6                1.363495
               24             6              58            1                0.990648
               25             6              26            6                1.332777
               25             6              59            1                0.986626
               26             6              27            6                1.408431
               26             6              60            1                0.983046
               27             6              28           15                0.929360
               28            15              29            6                0.941253
               28            15              35            6                0.937973
               29             6              30            6                1.353543
               29             6              34            6                1.376745
               30             6              31            6                1.380673
               30             6              61            1                0.986584
               31             6              32            6                1.383866
               31             6              62            1                0.991644
               32             6              33            6                1.392511
               32             6              63            1                0.984889
               33             6              34            6                1.387113
               33             6              64            1                0.988862
               34             6              65            1                0.990520
               35             6              36            6                1.397033
               35             6              40            6                1.377743
               36             6              37            6                1.364389
               36             6              66            1                0.980004
               37             6              38            6                1.375277
               37             6              67            1                0.995305
               38             6              39            6                1.348059
               38             6              68            1                0.978388
               39             6              40            6                1.333765
               39             6              69            1                0.994857
               40             6              41            8                1.119246
               41             8              42            6                0.961603
               42             6              70            1                0.974578
               42             6              71            1                0.963873
               42             6              72            1                0.966347
# -----------------------------------------------------------
$ Calculation_Info
   description: Details of the calculation
   geom. index: 1
   prop. index: 1
     Multiplicity:                          1
     Charge:                                0
     number of atoms:                       73
     number of electrons:                   0
     number of frozen core electrons:       1
     number of correlated electrons:        0
     number of basis functions:             760
     number of aux C basis functions:       0
     number of aux J basis functions:       2441
     number of aux JK basis functions:      0
     number of aux CABS basis functions:    0
     Total Energy                           -2371.853187
# -----------------------------------------------------------
$ SCF_Electric_Properties
   description: The SCF Calculated Electric Properties
   geom. index: 1
   prop. index: 1
       Filename                          : 123.scfp 
       Do Dipole Moment Calculation      : true 
       Do Quadrupole Moment Calculation  : false 
       Do Polarizability Calculation     : true 
** Dipole moment part of electric properties **
        Magnitude of dipole moment (Debye) :        0.5987201835
        Electronic Contribution:
                  0    
      0       0.468466
      1      -4.079279
      2       2.966618
        Nuclear Contribution:
                  0    
      0      -0.693221
      1       4.025280
      2      -3.011925
        Total Dipole moment:
                  0    
      0      -0.224756
      1      -0.053999
      2      -0.045307
** Polarizabilities part of electric properties **
        Isotropic polarizability :      473.3504358522
        The raw cartesian tensor (atomic units):
                  0          1          2    
      0     572.188908 -21.466856 -67.579512
      1     -21.466856 458.469825   2.700529
      2     -67.579512   2.700529 389.392575
        Diagonalised polarizability tensor :
                  0    
      0     366.929176
      1     455.422504
      2     597.699628
# -------------------------------------------------------------
----------------------- !GEOMETRIES! ------------------------
# -------------------------------------------------------------
------------------------ !GEOMETRY! -------------------------
    Number of atoms:    73 
    Geometry Index:     1 
    Coordinates:
               0 C     -5.430961000000    2.917354000000    2.916263000000
               1 O     -4.700719000000    2.071956000000    2.049235000000
               2 C     -5.415576000000    1.256832000000    1.188027000000
               3 C     -6.815312000000    1.268461000000    1.175247000000
               4 C     -7.512125000000    0.449609000000    0.310482000000
               5 C     -6.801890000000   -0.373968000000   -0.534189000000
               6 C     -5.413040000000   -0.380472000000   -0.516267000000
               7 C     -4.707261000000    0.432944000000    0.343002000000
               8 P     -2.882289000000    0.458277000000    0.401832000000
               9 C     -2.273229000000    0.691252000000   -1.300906000000
              10 C     -1.947997000000    1.962174000000   -1.719176000000
              11 C     -1.477190000000    2.194386000000   -3.013156000000
              12 C     -1.340403000000    1.138703000000   -3.870128000000
              13 C     -1.663238000000   -0.128089000000   -3.457184000000
              14 C     -2.128022000000   -0.350303000000   -2.176746000000
              15 C     -2.333699000000   -1.158829000000    1.083741000000
              16 C     -3.217078000000   -2.009389000000    1.713651000000
              17 C     -2.846148000000   -3.229388000000    2.238054000000
              18 C     -1.508194000000   -3.574324000000    2.100936000000
              19 C     -0.619175000000   -2.724772000000    1.470228000000
              20 C     -1.016623000000   -1.508904000000    0.954027000000
              21 O      0.028459000000   -0.897464000000    0.406315000000
              22 C      1.100110000000   -1.644282000000    0.531861000000
              23 C      0.731183000000   -2.813722000000    1.202200000000
              24 C      1.671402000000   -3.793285000000    1.474579000000
              25 C      2.993151000000   -3.596136000000    1.070066000000
              26 C      3.327317000000   -2.425306000000    0.407080000000
              27 C      2.403712000000   -1.439926000000    0.127947000000
              28 P      2.835058000000    0.109592000000   -0.746895000000
              29 C      2.366068000000    1.585583000000    0.219971000000
              30 C      2.412246000000    1.648672000000    1.595546000000
              31 C      2.047025000000    2.789817000000    2.290099000000
              32 C      1.620902000000    3.910918000000    1.616254000000
              33 C      1.567696000000    3.868084000000    0.242042000000
              34 C      1.936868000000    2.717667000000   -0.438365000000
              35 C      4.653736000000    0.151272000000   -0.976931000000
              36 C      5.479480000000    0.975409000000   -0.243634000000
              37 C      6.843192000000    1.001593000000   -0.421411000000
              38 C      7.387373000000    0.170580000000   -1.367815000000
              39 C      6.622306000000   -0.665590000000   -2.122753000000
              40 C      5.255863000000   -0.665938000000   -1.917685000000
              41 O      4.426842000000   -1.493437000000   -2.653986000000
              42 C      4.911884000000   -2.376386000000   -3.645529000000
              43 H     -6.138470000000    3.504279000000    2.304208000000
              44 H     -6.023204000000    2.228810000000    3.582809000000
              45 H     -4.768606000000    3.564889000000    3.524220000000
              46 H     -7.357382000000    1.921562000000    1.845446000000
              47 H     -8.607480000000    0.444141000000    0.285315000000
              48 H     -7.358229000000   -1.027131000000   -1.223984000000
              49 H     -4.866227000000   -1.022830000000   -1.175208000000
              50 H     -2.039265000000    2.826671000000   -1.078807000000
              51 H     -1.230370000000    3.187541000000   -3.318318000000
              52 H     -0.971934000000    1.289726000000   -4.895996000000
              53 H     -1.538788000000   -0.934609000000   -4.170928000000
              54 H     -2.385053000000   -1.340505000000   -1.840105000000
              55 H     -4.268309000000   -1.742390000000    1.823394000000
              56 H     -3.562768000000   -3.882598000000    2.730646000000
              57 H     -1.188513000000   -4.520386000000    2.500173000000
              58 H      1.344373000000   -4.674712000000    1.991154000000
              59 H      3.721227000000   -4.373862000000    1.290580000000
              60 H      4.337387000000   -2.257161000000    0.089211000000
              61 H      2.748144000000    0.768991000000    2.155209000000
              62 H      2.080349000000    2.847443000000    3.368247000000
              63 H      1.326518000000    4.826561000000    2.146663000000
              64 H      1.229167000000    4.762443000000   -0.267051000000
              65 H      1.872582000000    2.748905000000   -1.513126000000
              66 H      5.013323000000    1.615936000000    0.492856000000
              67 H      7.477805000000    1.659673000000    0.167857000000
              68 H      8.472839000000    0.186528000000   -1.514413000000
              69 H      7.074046000000   -1.321428000000   -2.873004000000
              70 H      4.017066000000   -2.855288000000   -4.106175000000
              71 H      5.475163000000   -1.799344000000   -4.412583000000
              72 H      5.542906000000   -3.153077000000   -3.170171000000
