-------------------------------------------------------------
----------------------- !PROPERTIES! ------------------------
-------------------------------------------------------------
# -----------------------------------------------------------
$ SCF_Energy
   description: The SCF energy
   geom. index: 1
   prop. index: 1
        SCF Energy:    -1277.4828036615
# -----------------------------------------------------------
$ DFT_Energy
   description: The DFT energy
   geom. index: 1
   prop. index: 1
   Number of Alpha Electrons                101.0000056611 
   Number of Beta  Electrons                101.0000056611 
   Total number of  Electrons               202.0000113222 
   Exchange energy                         -134.9627613922 
   Correlation energy                        -8.1519971441 
   Correlation energy NL                      0.0000000000 
   Exchange-Correlation energy             -143.1147585363 
   Embedding correction                       0.0000000000 
   Total DFT Energy (No VdW correction)   -1277.4828036615 
# -----------------------------------------------------------
$ Mayer_Pop
   description: The Mayer population analysis
   geom. index: 1
   prop. index: 1
     Number of atoms                     : 51
     Threshold for printing              : 0.1000000
     Number of bond orders printed       : 54
  NA   - Mulliken gross atomic population
  ZA   - Total nuclear charge
  QA   - Mulliken gross atomic charge
  VA   - Mayer's total valence
  BVA  - Mayer's bonded valence
  FA   - Mayer's free valence
  ATOM       NA         ZA         QA         VA         BVA        FA
  0   0     5.9306     6.0000     0.0694     3.9630     3.9630     0.0000
  1   0     6.1926     6.0000    -0.1926     4.0520     4.0520     0.0000
  2   0     5.8991     6.0000     0.1009     3.9072     3.9072    -0.0000
  3   0     5.9902     6.0000     0.0098     3.9976     3.9976    -0.0000
  4   0     6.0192     6.0000    -0.0192     3.9409     3.9409     0.0000
  5   0     5.9912     6.0000     0.0088     3.9372     3.9372    -0.0000
  6   0     6.0092     6.0000    -0.0092     3.6289     3.6289     0.0000
  7   0     5.9420     6.0000     0.0580     3.8439     3.8439    -0.0000
  8   0     6.0554     6.0000    -0.0554     3.7611     3.7611     0.0000
  9   0     5.9534     6.0000     0.0466     3.7671     3.7671    -0.0000
 10   0     5.9904     6.0000     0.0096     3.8051     3.8051    -0.0000
 11   0     6.0593     6.0000    -0.0593     3.7725     3.7725    -0.0000
 12   0     5.9260     6.0000     0.0740     3.9108     3.9108    -0.0000
 13   0     6.9996     7.0000     0.0004     3.4145     3.4145     0.0000
 14   0     6.1262     6.0000    -0.1262     3.8491     3.8491    -0.0000
 15   0     5.9218     6.0000     0.0782     3.9642     3.9642    -0.0000
 16   0     5.8022     6.0000     0.1978     4.1593     4.1593    -0.0000
 17   0     8.2634     8.0000    -0.2634     2.2814     2.2814     0.0000
 18   0     7.3298     7.0000    -0.3298     3.1389     3.1389     0.0000
 19   0     5.7686     6.0000     0.2314     3.9863     3.9863    -0.0000
 20   0     5.9530     6.0000     0.0470     4.0260     4.0260     0.0000
 21   0     5.8951     6.0000     0.1049     4.1696     4.1696     0.0000
 22   0     5.8605     6.0000     0.1395     3.8675     3.8675    -0.0000
 23   0     5.9043     6.0000     0.0957     4.3431     4.3431     0.0000
 24   0     8.2445     8.0000    -0.2445     2.2651     2.2651    -0.0000
 25   0     7.1218     7.0000    -0.1218     3.2069     3.2069     0.0000
 26   0     8.2458     8.0000    -0.2458     2.1253     2.1253    -0.0000
 27   0     8.2883     8.0000    -0.2883     2.0893     2.0893    -0.0000
 28   0     0.9883     1.0000     0.0117     0.9958     0.9958    -0.0000
 29   0     0.9809     1.0000     0.0191     1.0017     1.0017    -0.0000
 30   0     1.0042     1.0000    -0.0042     0.9894     0.9894    -0.0000
 31   0     0.9841     1.0000     0.0159     0.9957     0.9957     0.0000
 32   0     0.9528     1.0000     0.0472     1.0028     1.0028     0.0000
 33   0     0.9966     1.0000     0.0034     0.9972     0.9972    -0.0000
 34   0     0.9967     1.0000     0.0033     0.9970     0.9970    -0.0000
 35   0     0.9945     1.0000     0.0055     0.9841     0.9841     0.0000
 36   0     0.9782     1.0000     0.0218     0.9748     0.9748    -0.0000
 37   0     1.0471     1.0000    -0.0471     0.9923     0.9923    -0.0000
 38   0     1.0330     1.0000    -0.0330     0.9768     0.9768     0.0000
 39   0     1.0228     1.0000    -0.0228     0.9768     0.9768     0.0000
 40   0     1.0628     1.0000    -0.0628     0.9819     0.9819    -0.0000
 41   0     0.8652     1.0000     0.1348     1.0007     1.0007    -0.0000
 42   0     0.9883     1.0000     0.0117     1.0333     1.0333    -0.0000
 43   0     0.9796     1.0000     0.0204     0.9943     0.9943    -0.0000
 44   0     0.9748     1.0000     0.0252     0.9861     0.9861     0.0000
 45   0     0.9875     1.0000     0.0125     1.0015     1.0015     0.0000
 46   0     0.9896     1.0000     0.0104     0.9894     0.9894    -0.0000
 47   0     1.0140     1.0000    -0.0140     0.9966     0.9966    -0.0000
 48   0     0.8428     1.0000     0.1572     1.0127     1.0127     0.0000
 49   0     0.8150     1.0000     0.1850     1.0124     1.0124     0.0000
 50   0     0.8176     1.0000     0.1824     1.0101     1.0101     0.0000
      Bond orders larger than 0.1000000
           Atom A     A.N. of A          Atom B    A.N. of B              Bond order
                0             6               1            6                1.063220
                0             6              28            1                0.958950
                0             6              29            1                0.945331
                0             6              30            1                0.951235
                1             6               2            6                1.050343
                1             6               3            6                0.957191
                1             6               5            6                0.968376
                2             6              31            1                0.954810
                2             6              32            1                0.953618
                2             6              33            1                0.951229
                3             6               4            6                1.995866
                3             6              34            1                0.978847
                4             6              35            1                0.947376
                4             6              36            1                0.948374
                5             6               6            6                1.468643
                5             6              13            7                1.257643
                6             6               7            6                1.213286
                6             6              14            6                0.949677
                7             6               8            6                1.291219
                7             6              12            6                1.267372
                8             6               9            6                1.391505
                8             6              37            1                0.992252
                9             6              10            6                1.321138
                9             6              38            1                0.993618
               10             6              11            6                1.391081
               10             6              39            1                0.985438
               11             6              12            6                1.308783
               11             6              40            1                0.997470
               12             6              13            7                1.176252
               13             7              41            1                0.904290
               14             6              15            6                1.824509
               14             6              42            1                0.934645
               15             6              16            6                0.936640
               15             6              25            7                1.072065
               16             6              17            8                2.069339
               16             6              18            7                1.088334
               18             7              19            6                0.946493
               18             7              22            6                0.975281
               19             6              20            6                1.094391
               19             6              43            1                0.933939
               19             6              44            1                0.936138
               20             6              21            6                1.062971
               20             6              45            1                0.930328
               20             6              46            1                0.917055
               21             6              22            6                0.936967
               21             6              27            8                1.107395
               21             6              47            1                0.926751
               22             6              23            6                0.903852
               22             6              26            8                1.091564
               23             6              24            8                2.099966
               23             6              25            7                1.162520
               25             7              48            1                0.880030
               26             8              49            1                0.949621
               27             8              50            1                0.961576
# -----------------------------------------------------------
$ Calculation_Info
   description: Details of the calculation
   geom. index: 1
   prop. index: 1
     Multiplicity:                          1
     Charge:                                0
     number of atoms:                       51
     number of electrons:                   0
     number of frozen core electrons:       1
     number of correlated electrons:        0
     number of basis functions:             507
     number of aux C basis functions:       0
     number of aux J basis functions:       1625
     number of aux JK basis functions:      0
     number of aux CABS basis functions:    0
     Total Energy                           -1277.482804
# -----------------------------------------------------------
$ SCF_Electric_Properties
   description: The SCF Calculated Electric Properties
   geom. index: 1
   prop. index: 1
       Filename                          : 29.scfp 
       Do Dipole Moment Calculation      : true 
       Do Quadrupole Moment Calculation  : false 
       Do Polarizability Calculation     : true 
** Dipole moment part of electric properties **
        Magnitude of dipole moment (Debye) :        3.4821505848
        Electronic Contribution:
                  0    
      0      12.937501
      1       9.865263
      2       2.032808
        Nuclear Contribution:
                  0    
      0     -13.679778
      1      -9.794429
      2      -0.883553
        Total Dipole moment:
                  0    
      0      -0.742277
      1       0.070834
      2       1.149254
** Polarizabilities part of electric properties **
        Isotropic polarizability :      266.3030711298
        The raw cartesian tensor (atomic units):
                  0          1          2    
      0     319.662558  -8.629460 -13.655381
      1      -8.629460 279.713215  45.154478
      2     -13.655381  45.154478 199.533441
        Diagonalised polarizability tensor :
                  0    
      0     178.670055
      1     293.302031
      2     326.937128
# -------------------------------------------------------------
----------------------- !GEOMETRIES! ------------------------
# -------------------------------------------------------------
------------------------ !GEOMETRY! -------------------------
    Number of atoms:    51 
    Geometry Index:     1 
    Coordinates:
               0 C     -4.471461000000   -1.278556000000    0.625599000000
               1 C     -3.142050000000   -1.050907000000   -0.103164000000
               2 C     -3.452019000000   -1.153073000000   -1.579988000000
               3 C     -2.222224000000   -2.121604000000    0.341018000000
               4 C     -2.585296000000   -3.377901000000    0.168654000000
               5 C     -2.647777000000    0.291949000000    0.297928000000
               6 C     -1.434303000000    0.889343000000   -0.067584000000
               7 C     -1.341729000000    2.144036000000    0.510407000000
               8 C     -0.415362000000    3.183742000000    0.507675000000
               9 C     -0.605709000000    4.362431000000    1.188362000000
              10 C     -1.770390000000    4.514451000000    1.904763000000
              11 C     -2.706188000000    3.484887000000    1.916771000000
              12 C     -2.512116000000    2.299838000000    1.230464000000
              13 N     -3.258673000000    1.189408000000    1.083171000000
              14 C     -0.487105000000    0.277181000000   -0.956208000000
              15 C      0.779121000000    0.036051000000   -0.702630000000
              16 C      1.675467000000   -0.587410000000   -1.675796000000
              17 O      1.206324000000   -0.863172000000   -2.811483000000
              18 N      3.026068000000   -0.885258000000   -1.388440000000
              19 C      4.015917000000   -1.785524000000   -1.932451000000
              20 C      5.308156000000   -1.410524000000   -1.252024000000
              21 C      4.846737000000   -0.916008000000    0.101567000000
              22 C      3.610978000000   -0.123902000000   -0.277176000000
              23 C      2.666507000000    0.036228000000    0.829191000000
              24 O      3.051296000000   -0.100390000000    2.009212000000
              25 N      1.310658000000    0.346255000000    0.578851000000
              26 O      4.007979000000    1.127128000000   -0.749988000000
              27 O      4.497931000000   -2.050842000000    0.845487000000
              28 H     -4.315453000000   -1.295053000000    1.724460000000
              29 H     -4.926388000000   -2.217207000000    0.249586000000
              30 H     -5.170593000000   -0.444123000000    0.419022000000
              31 H     -3.726343000000   -0.151734000000   -1.971795000000
              32 H     -2.613527000000   -1.623949000000   -2.135501000000
              33 H     -4.370118000000   -1.788808000000   -1.738949000000
              34 H     -1.273713000000   -1.901584000000    0.796074000000
              35 H     -3.526254000000   -3.667683000000   -0.283304000000
              36 H     -1.949625000000   -4.221358000000    0.474803000000
              37 H      0.481703000000    3.030673000000   -0.060974000000
              38 H      0.106251000000    5.172704000000    1.192778000000
              39 H     -1.954495000000    5.442298000000    2.459728000000
              40 H     -3.625947000000    3.589409000000    2.473555000000
              41 H     -4.208432000000    1.036572000000    1.526850000000
              42 H     -0.836417000000   -0.023073000000   -1.943567000000
              43 H      3.766494000000   -2.821543000000   -1.566234000000
              44 H      4.102168000000   -1.742011000000   -3.029691000000
              45 H      5.967463000000   -2.308547000000   -1.092813000000
              46 H      5.882654000000   -0.645949000000   -1.811640000000
              47 H      5.592649000000   -0.295186000000    0.613375000000
              48 H      0.681761000000    0.772136000000    1.291680000000
              49 H      4.008734000000    1.723392000000    0.064532000000
              50 H      4.956691000000   -2.097234000000    1.705838000000
