-------------------------------------------------------------
----------------------- !PROPERTIES! ------------------------
-------------------------------------------------------------
# -----------------------------------------------------------
$ SCF_Energy
   description: The SCF energy
   geom. index: 1
   prop. index: 1
        SCF Energy:    -1529.9973395509
# -----------------------------------------------------------
$ DFT_Energy
   description: The DFT energy
   geom. index: 1
   prop. index: 1
   Number of Alpha Electrons                105.0000037291 
   Number of Beta  Electrons                105.0000037291 
   Total number of  Electrons               210.0000074583 
   Exchange energy                         -143.8802318011 
   Correlation energy                        -8.4566244196 
   Correlation energy NL                      0.0000000000 
   Exchange-Correlation energy             -152.3368562207 
   Embedding correction                       0.0000000000 
   Total DFT Energy (No VdW correction)   -1529.9973395509 
# -----------------------------------------------------------
$ Mayer_Pop
   description: The Mayer population analysis
   geom. index: 1
   prop. index: 1
     Number of atoms                     : 58
     Threshold for printing              : 0.1000000
     Number of bond orders printed       : 62
  NA   - Mulliken gross atomic population
  ZA   - Total nuclear charge
  QA   - Mulliken gross atomic charge
  VA   - Mayer's total valence
  BVA  - Mayer's bonded valence
  FA   - Mayer's free valence
  ATOM       NA         ZA         QA         VA         BVA        FA
  0   0     5.9532     6.0000     0.0468     4.0835     4.0835     0.0000
  1   0     5.8186     6.0000     0.1814     3.9792     3.9792     0.0000
  2   0     6.1593     6.0000    -0.1593     4.2437     4.2437     0.0000
  3   0     6.2648     6.0000    -0.2648     3.9170     3.9170     0.0000
  4   0     5.7776     6.0000     0.2224     3.9310     3.9310    -0.0000
  5   0     6.0948     6.0000    -0.0948     4.2121     4.2121     0.0000
  6   0     6.0035     6.0000    -0.0035     4.0454     4.0454    -0.0000
  7   0     5.9940     6.0000     0.0060     4.0363     4.0363    -0.0000
  8   0     5.8750     6.0000     0.1250     4.0954     4.0954    -0.0000
  9   0     7.2599     7.0000    -0.2599     3.1451     3.1451     0.0000
 10   0     5.8434     6.0000     0.1566     4.0105     4.0105    -0.0000
 11   0     5.9805     6.0000     0.0195     4.0917     4.0917     0.0000
 12   0     6.0539     6.0000    -0.0539     4.0719     4.0719    -0.0000
 13   0     5.9480     6.0000     0.0520     4.0794     4.0794    -0.0000
 14   0     5.8646     6.0000     0.1354     3.9687     3.9687    -0.0000
 15   0     6.0332     6.0000    -0.0332     3.9274     3.9274     0.0000
 16   0     6.0990     6.0000    -0.0990     3.7483     3.7483     0.0000
 17   0     5.8214     6.0000     0.1786     3.8517     3.8517    -0.0000
 18   0     5.8500     6.0000     0.1500     4.0095     4.0095    -0.0000
 19   0     6.0473     6.0000    -0.0473     3.8419     3.8419    -0.0000
 20   0     5.9827     6.0000     0.0173     3.7901     3.7901     0.0000
 21   0     8.2581     8.0000    -0.2581     2.1985     2.1985    -0.0000
 22   0     8.2833     8.0000    -0.2833     2.1509     2.1509     0.0000
 23   0    15.9755    16.0000     0.0245     2.4852     2.4852     0.0000
 24   0     5.9896     6.0000     0.0104     4.0383     4.0383    -0.0000
 25   0     7.0907     7.0000    -0.0907     3.2024     3.2024    -0.0000
 26   0     7.1624     7.0000    -0.1624     3.1544     3.1544    -0.0000
 27   0     1.0079     1.0000    -0.0079     0.9887     0.9887     0.0000
 28   0     0.9860     1.0000     0.0140     0.9759     0.9759     0.0000
 29   0     1.0151     1.0000    -0.0151     0.9962     0.9962    -0.0000
 30   0     0.9936     1.0000     0.0064     0.9930     0.9930    -0.0000
 31   0     0.9810     1.0000     0.0190     0.9923     0.9923    -0.0000
 32   0     1.0009     1.0000    -0.0009     0.9814     0.9814    -0.0000
 33   0     1.0127     1.0000    -0.0127     0.9718     0.9718    -0.0000
 34   0     1.0050     1.0000    -0.0050     0.9778     0.9778    -0.0000
 35   0     1.0042     1.0000    -0.0042     1.0009     1.0009     0.0000
 36   0     0.9967     1.0000     0.0033     1.0007     1.0007    -0.0000
 37   0     1.0192     1.0000    -0.0192     0.9876     0.9876    -0.0000
 38   0     1.0141     1.0000    -0.0141     0.9924     0.9924     0.0000
 39   0     1.0043     1.0000    -0.0043     0.9822     0.9822     0.0000
 40   0     0.9028     1.0000     0.0972     0.9951     0.9951     0.0000
 41   0     1.0224     1.0000    -0.0224     0.9675     0.9675     0.0000
 42   0     1.0132     1.0000    -0.0132     0.9838     0.9838    -0.0000
 43   0     1.0206     1.0000    -0.0206     0.9850     0.9850     0.0000
 44   0     1.0157     1.0000    -0.0157     0.9808     0.9808     0.0000
 45   0     0.9602     1.0000     0.0398     1.0420     1.0420     0.0000
 46   0     1.0208     1.0000    -0.0208     0.9831     0.9831     0.0000
 47   0     1.0161     1.0000    -0.0161     0.9873     0.9873     0.0000
 48   0     1.0160     1.0000    -0.0160     0.9755     0.9755     0.0000
 49   0     1.0137     1.0000    -0.0137     0.9837     0.9837    -0.0000
 50   0     1.0184     1.0000    -0.0184     0.9780     0.9780    -0.0000
 51   0     1.0631     1.0000    -0.0631     0.9961     0.9961    -0.0000
 52   0     1.0365     1.0000    -0.0365     0.9945     0.9945    -0.0000
 53   0     1.0396     1.0000    -0.0396     0.9893     0.9893     0.0000
 54   0     0.8007     1.0000     0.1993     1.0057     1.0057    -0.0000
 55   0     0.7992     1.0000     0.2008     0.9905     0.9905     0.0000
 56   0     0.8600     1.0000     0.1400     0.9912     0.9912    -0.0000
 57   0     0.8559     1.0000     0.1441     0.9992     0.9992    -0.0000
      Bond orders larger than 0.1000000
           Atom A     A.N. of A          Atom B    A.N. of B              Bond order
                0             6               1            6                1.064658
                0             6               5            6                1.116784
                0             6              27            1                0.933157
                0             6              28            1                0.916607
                1             6               2            6                1.063681
                1             6              29            1                0.907860
                1             6              30            1                0.916501
                2             6               3            6                1.442585
                2             6              25            7                1.522356
                3             6               4            6                1.094731
                3             6              23           16                1.124200
                3             6              24            6                0.101841
                4             6               5            6                1.016892
                4             6              31            1                0.902128
                4             6              32            1                0.888319
                5             6               6            6                1.041489
                5             6              33            1                0.892966
                6             6               7            6                1.089380
                6             6              34            1                0.925538
                6             6              35            1                0.930294
                7             6               8            6                1.083668
                7             6              36            1                0.925724
                7             6              37            1                0.913897
                8             6               9            7                1.077629
                8             6              38            1                0.926227
                8             6              39            1                0.946919
                9             7              10            6                1.031211
                9             7              40            1                0.933730
               10             6              11            6                1.086866
               10             6              41            1                0.917561
               10             6              42            1                0.923511
               11             6              12            6                1.087615
               11             6              43            1                0.929871
               11             6              44            1                0.929151
               12             6              13            6                1.087964
               12             6              45            1                0.923266
               12             6              46            1                0.931894
               13             6              14            6                1.094724
               13             6              47            1                0.934839
               13             6              48            1                0.921743
               14             6              15            6                1.043057
               14             6              49            1                0.910676
               14             6              50            1                0.913497
               15             6              16            6                1.339070
               15             6              20            6                1.388885
               16             6              17            6                1.306809
               16             6              19            6                0.103664
               16             6              51            1                1.000286
               17             6              18            6                1.312169
               17             6              22            8                1.119655
               18             6              19            6                1.383127
               18             6              21            8                1.212860
               19             6              20            6                1.324720
               19             6              52            1                1.001714
               20             6              53            1                0.990696
               21             8              54            1                0.930383
               22             8              55            1                0.935146
               23            16              24            6                1.132777
               24             6              25            7                1.520672
               24             6              26            7                1.163114
               26             7              56            1                0.946809
               26             7              57            1                0.939664
# -----------------------------------------------------------
$ Calculation_Info
   description: Details of the calculation
   geom. index: 1
   prop. index: 1
     Multiplicity:                          1
     Charge:                                0
     number of atoms:                       58
     number of electrons:                   0
     number of frozen core electrons:       1
     number of correlated electrons:        0
     number of basis functions:             537
     number of aux C basis functions:       0
     number of aux J basis functions:       1666
     number of aux JK basis functions:      0
     number of aux CABS basis functions:    0
     Total Energy                           -1529.997340
# -----------------------------------------------------------
$ SCF_Electric_Properties
   description: The SCF Calculated Electric Properties
   geom. index: 1
   prop. index: 1
       Filename                          : 98.scfp 
       Do Dipole Moment Calculation      : true 
       Do Quadrupole Moment Calculation  : false 
       Do Polarizability Calculation     : true 
** Dipole moment part of electric properties **
        Magnitude of dipole moment (Debye) :        2.7561940020
        Electronic Contribution:
                  0    
      0      14.669389
      1     -11.288032
      2     -12.026464
        Nuclear Contribution:
                  0    
      0     -14.353230
      1      10.908587
      2      12.991801
        Total Dipole moment:
                  0    
      0       0.316159
      1      -0.379445
      2       0.965337
** Polarizabilities part of electric properties **
        Isotropic polarizability :      266.6167640832
        The raw cartesian tensor (atomic units):
                  0          1          2    
      0     332.925092  32.298265 -20.692467
      1      32.298265 244.421389  30.352273
      2     -20.692467  30.352273 222.503812
        Diagonalised polarizability tensor :
                  0    
      0     192.062558
      1     263.377696
      2     344.410038
# -------------------------------------------------------------
----------------------- !GEOMETRIES! ------------------------
# -------------------------------------------------------------
------------------------ !GEOMETRY! -------------------------
    Number of atoms:    58 
    Geometry Index:     1 
    Coordinates:
               0 C      4.456471000000   -0.442042000000    0.926197000000
               1 C      5.024406000000    0.756729000000    0.194515000000
               2 C      6.380618000000    0.234969000000   -0.289759000000
               3 C      6.245844000000   -0.969402000000   -0.948921000000
               4 C      4.929212000000   -1.654384000000   -1.154616000000
               5 C      3.930941000000   -1.402389000000   -0.070624000000
               6 C      2.658015000000   -0.975518000000   -0.743042000000
               7 C      1.515978000000   -0.752687000000    0.202236000000
               8 C      0.285106000000   -0.335024000000   -0.570909000000
               9 N     -0.862903000000   -0.081039000000    0.276385000000
              10 C     -0.678415000000    1.104612000000    1.088612000000
              11 C     -1.903694000000    1.345929000000    1.932475000000
              12 C     -3.123237000000    1.542437000000    1.038174000000
              13 C     -4.305338000000    1.792796000000    1.944154000000
              14 C     -5.521324000000    1.988965000000    1.097068000000
              15 C     -5.822919000000    0.811978000000    0.266193000000
              16 C     -6.653631000000   -0.190089000000    0.750739000000
              17 C     -6.897513000000   -1.270228000000   -0.065528000000
              18 C     -6.347248000000   -1.378236000000   -1.327334000000
              19 C     -5.522245000000   -0.376430000000   -1.801194000000
              20 C     -5.268683000000    0.717797000000   -0.988103000000
              21 O     -6.589498000000   -2.469235000000   -2.157389000000
              22 O     -7.717690000000   -2.311598000000    0.350816000000
              23 S      7.869760000000   -1.312292000000   -1.365006000000
              24 C      8.615830000000    0.081172000000   -0.683545000000
              25 N      7.573244000000    0.719378000000   -0.181233000000
              26 N      9.996130000000    0.445032000000   -0.669080000000
              27 H      3.757225000000   -0.161081000000    1.724206000000
              28 H      5.293488000000   -0.974180000000    1.470235000000
              29 H      5.142411000000    1.640563000000    0.815032000000
              30 H      4.447003000000    0.924998000000   -0.732650000000
              31 H      4.547794000000   -1.396600000000   -2.185158000000
              32 H      5.155407000000   -2.752772000000   -1.208761000000
              33 H      3.688227000000   -2.359896000000    0.477172000000
              34 H      2.364574000000   -1.791091000000   -1.441116000000
              35 H      2.784786000000   -0.068291000000   -1.367669000000
              36 H      1.703800000000   -0.019803000000    0.978011000000
              37 H      1.246914000000   -1.722380000000    0.705615000000
              38 H      0.501928000000    0.629685000000   -1.102108000000
              39 H     -0.036549000000   -1.077782000000   -1.316482000000
              40 H     -1.000196000000   -0.911746000000    0.906455000000
              41 H      0.188790000000    1.086224000000    1.746102000000
              42 H     -0.557033000000    2.009488000000    0.427637000000
              43 H     -2.105351000000    0.481317000000    2.586750000000
              44 H     -1.764310000000    2.227780000000    2.592692000000
              45 H     -3.241628000000    0.644839000000    0.405450000000
              46 H     -3.014613000000    2.422196000000    0.376317000000
              47 H     -4.412019000000    1.046748000000    2.745044000000
              48 H     -4.099812000000    2.770032000000    2.457410000000
              49 H     -5.286381000000    2.842837000000    0.403865000000
              50 H     -6.413171000000    2.273903000000    1.704018000000
              51 H     -7.087760000000   -0.104179000000    1.748867000000
              52 H     -5.097325000000   -0.468159000000   -2.787709000000
              53 H     -4.620740000000    1.489681000000   -1.378261000000
              54 H     -7.190397000000   -3.191376000000   -1.799409000000
              55 H     -8.135136000000   -2.265206000000    1.262735000000
              56 H     10.717475000000   -0.285689000000   -0.701059000000
              57 H     10.255381000000    1.438737000000   -0.626312000000
