-------------------------------------------------------------
----------------------- !PROPERTIES! ------------------------
-------------------------------------------------------------
# -----------------------------------------------------------
$ SCF_Energy
   description: The SCF energy
   geom. index: 1
   prop. index: 1
        SCF Energy:    -1882.4339283415
# -----------------------------------------------------------
$ DFT_Energy
   description: The DFT energy
   geom. index: 1
   prop. index: 1
   Number of Alpha Electrons                125.0000983683 
   Number of Beta  Electrons                125.0000983683 
   Total number of  Electrons               250.0001967365 
   Exchange energy                         -173.1175312174 
   Correlation energy                       -10.0710479855 
   Correlation energy NL                      0.0000000000 
   Exchange-Correlation energy             -183.1885792029 
   Embedding correction                       0.0000000000 
   Total DFT Energy (No VdW correction)   -1882.4339283415 
# -----------------------------------------------------------
$ Mayer_Pop
   description: The Mayer population analysis
   geom. index: 1
   prop. index: 1
     Number of atoms                     : 67
     Threshold for printing              : 0.1000000
     Number of bond orders printed       : 73
  NA   - Mulliken gross atomic population
  ZA   - Total nuclear charge
  QA   - Mulliken gross atomic charge
  VA   - Mayer's total valence
  BVA  - Mayer's bonded valence
  FA   - Mayer's free valence
  ATOM       NA         ZA         QA         VA         BVA        FA
  0   0     5.9585     6.0000     0.0415     3.9423     3.9423     0.0000
  1   0     6.1523     6.0000    -0.1523     4.2974     4.2974    -0.0000
  2   0     5.9046     6.0000     0.0954     4.0413     4.0413     0.0000
  3   0     5.9656     6.0000     0.0344     4.1264     4.1264     0.0000
  4   0     6.0489     6.0000    -0.0489     4.0581     4.0581    -0.0000
  5   0     6.1857     6.0000    -0.1857     3.9605     3.9605    -0.0000
  6   0     5.8465     6.0000     0.1535     3.9825     3.9825    -0.0000
  7   0    14.8995    15.0000     0.1005     3.6471     3.6471    -0.0000
  8   0     6.1547     6.0000    -0.1547     3.8072     3.8072     0.0000
  9   0     5.8141     6.0000     0.1859     3.9110     3.9110    -0.0000
 10   0     6.2368     6.0000    -0.2368     3.7981     3.7981    -0.0000
 11   0    14.9590    15.0000     0.0410     2.8287     2.8287    -0.0000
 12   0     5.9623     6.0000     0.0377     3.8623     3.8623    -0.0000
 13   0     5.9433     6.0000     0.0567     3.8464     3.8464    -0.0000
 14   0     5.9722     6.0000     0.0278     3.8270     3.8270     0.0000
 15   0     5.9847     6.0000     0.0153     3.8468     3.8468     0.0000
 16   0     5.9741     6.0000     0.0259     3.8291     3.8291     0.0000
 17   0     5.9921     6.0000     0.0079     3.8469     3.8469     0.0000
 18   0     6.0377     6.0000    -0.0377     3.8523     3.8523    -0.0000
 19   0     5.9564     6.0000     0.0436     3.8339     3.8339    -0.0000
 20   0     5.9834     6.0000     0.0166     3.8496     3.8496     0.0000
 21   0     5.9748     6.0000     0.0252     3.8056     3.8056    -0.0000
 22   0     5.9772     6.0000     0.0228     3.8249     3.8249    -0.0000
 23   0     5.9445     6.0000     0.0555     3.8443     3.8443     0.0000
 24   0     5.9862     6.0000     0.0138     3.8678     3.8678     0.0000
 25   0     6.0078     6.0000    -0.0078     3.8704     3.8704    -0.0000
 26   0     5.9680     6.0000     0.0320     3.8260     3.8260    -0.0000
 27   0     5.9639     6.0000     0.0361     3.7966     3.7966     0.0000
 28   0     5.9695     6.0000     0.0305     3.8099     3.8099     0.0000
 29   0     5.9489     6.0000     0.0511     3.8363     3.8363    -0.0000
 30   0     6.0570     6.0000    -0.0570     4.1742     4.1742    -0.0000
 31   0     5.9770     6.0000     0.0230     3.9722     3.9722    -0.0000
 32   0     5.9453     6.0000     0.0547     3.9696     3.9696    -0.0000
 33   0     0.9690     1.0000     0.0310     1.0204     1.0204    -0.0000
 34   0     0.9992     1.0000     0.0008     0.9990     0.9990    -0.0000
 35   0     0.9915     1.0000     0.0085     0.9820     0.9820    -0.0000
 36   0     1.0053     1.0000    -0.0053     0.9609     0.9609    -0.0000
 37   0     1.0124     1.0000    -0.0124     0.9887     0.9887    -0.0000
 38   0     1.0084     1.0000    -0.0084     0.9712     0.9712     0.0000
 39   0     0.9907     1.0000     0.0093     0.9966     0.9966    -0.0000
 40   0     1.0007     1.0000    -0.0007     0.9833     0.9833     0.0000
 41   0     0.9941     1.0000     0.0059     0.9999     0.9999    -0.0000
 42   0     0.9597     1.0000     0.0403     0.9914     0.9914    -0.0000
 43   0     0.9755     1.0000     0.0245     0.9983     0.9983     0.0000
 44   0     0.9994     1.0000     0.0006     0.9751     0.9751    -0.0000
 45   0     1.0398     1.0000    -0.0398     0.9923     0.9923    -0.0000
 46   0     1.0296     1.0000    -0.0296     0.9755     0.9755    -0.0000
 47   0     1.0282     1.0000    -0.0282     0.9744     0.9744    -0.0000
 48   0     1.0320     1.0000    -0.0320     0.9757     0.9757    -0.0000
 49   0     1.0385     1.0000    -0.0385     0.9938     0.9938    -0.0000
 50   0     1.0441     1.0000    -0.0441     0.9891     0.9891     0.0000
 51   0     1.0349     1.0000    -0.0349     0.9749     0.9749     0.0000
 52   0     1.0230     1.0000    -0.0230     0.9753     0.9753     0.0000
 53   0     1.0298     1.0000    -0.0298     0.9755     0.9755     0.0000
 54   0     1.0393     1.0000    -0.0393     0.9898     0.9898     0.0000
 55   0     1.0360     1.0000    -0.0360     0.9902     0.9902     0.0000
 56   0     1.0347     1.0000    -0.0347     0.9756     0.9756    -0.0000
 57   0     1.0269     1.0000    -0.0269     0.9763     0.9763     0.0000
 58   0     1.0276     1.0000    -0.0276     0.9770     0.9770     0.0000
 59   0     1.0424     1.0000    -0.0424     0.9928     0.9928    -0.0000
 60   0     0.9966     1.0000     0.0034     0.9910     0.9910    -0.0000
 61   0     0.9883     1.0000     0.0117     0.9882     0.9882    -0.0000
 62   0     0.9826     1.0000     0.0174     1.0007     1.0007     0.0000
 63   0     0.9957     1.0000     0.0043     0.9910     0.9910    -0.0000
 64   0     0.9969     1.0000     0.0031     0.9990     0.9990    -0.0000
 65   0     0.9880     1.0000     0.0120     0.9957     0.9957    -0.0000
 66   0     0.9866     1.0000     0.0134     0.9831     0.9831    -0.0000
      Bond orders larger than 0.1000000
           Atom A     A.N. of A          Atom B    A.N. of B              Bond order
                0             6               1            6                1.062019
                0             6              33            1                0.961352
                0             6              34            1                0.958078
                0             6              35            1                0.955268
                1             6               2            6                1.052934
                1             6               6            6                1.133957
                1             6              36            1                0.906062
                2             6               3            6                1.128930
                2             6              37            1                0.923131
                2             6              38            1                0.918747
                3             6               4            6                1.083255
                3             6              39            1                0.929722
                3             6              40            1                0.898248
                4             6               5            6                0.996456
                4             6              30            6                1.032516
                4             6              41            1                0.897298
                5             6               6            6                0.997437
                5             6               7           15                0.962495
                5             6              42            1                0.885243
                6             6              43            1                0.925386
                6             6              44            1                0.896492
                7            15               8            6                1.215413
                7            15              10            6                0.103956
                7            15              11           15                1.166393
                8             6               9            6                1.488183
                8             6              11           15                0.128231
                8             6              24            6                0.929847
                9             6              10            6                1.408129
                9             6              18            6                0.923893
               10             6              11           15                1.320438
               10             6              12            6                0.947817
               12             6              13            6                1.391035
               12             6              17            6                1.389553
               13             6              14            6                1.372626
               13             6              45            1                0.988082
               14             6              15            6                1.378566
               14             6              46            1                0.991382
               15             6              16            6                1.400190
               15             6              47            1                0.985481
               16             6              17            6                1.350993
               16             6              48            1                0.985944
               17             6              49            1                0.998644
               18             6              19            6                1.390674
               18             6              23            6                1.405035
               19             6              20            6                1.358918
               19             6              50            1                0.999738
               20             6              21            6                1.394715
               20             6              51            1                0.985394
               21             6              22            6                1.364104
               21             6              52            1                0.986586
               22             6              23            6                1.374588
               22             6              53            1                0.989839
               23             6              54            1                0.985186
               24             6              25            6                1.395828
               24             6              29            6                1.407521
               25             6              26            6                1.386093
               25             6              55            1                0.981239
               26             6              27            6                1.360672
               26             6              56            1                0.992309
               27             6              28            6                1.386768
               27             6              57            1                0.992706
               28             6              29            6                1.339761
               28             6              58            1                0.989155
               29             6              59            1                1.001309
               30             6              31            6                1.077467
               30             6              32            6                1.078675
               30             6              60            1                0.919718
               31             6              61            1                0.954271
               31             6              62            1                0.952385
               31             6              63            1                0.957049
               32             6              64            1                0.955471
               32             6              65            1                0.958240
               32             6              66            1                0.954998
# -----------------------------------------------------------
$ Calculation_Info
   description: Details of the calculation
   geom. index: 1
   prop. index: 1
     Multiplicity:                          1
     Charge:                                0
     number of atoms:                       67
     number of electrons:                   0
     number of frozen core electrons:       1
     number of correlated electrons:        0
     number of basis functions:             640
     number of aux C basis functions:       0
     number of aux J basis functions:       1995
     number of aux JK basis functions:      0
     number of aux CABS basis functions:    0
     Total Energy                           -1882.433928
# -----------------------------------------------------------
$ SCF_Electric_Properties
   description: The SCF Calculated Electric Properties
   geom. index: 1
   prop. index: 1
       Filename                          : 279.scfp 
       Do Dipole Moment Calculation      : true 
       Do Quadrupole Moment Calculation  : false 
       Do Polarizability Calculation     : true 
** Dipole moment part of electric properties **
        Magnitude of dipole moment (Debye) :        3.8501576606
        Electronic Contribution:
                  0    
      0      33.862496
      1      -0.744460
      2       5.473888
        Nuclear Contribution:
                  0    
      0     -34.976157
      1       1.092685
      2      -6.439770
        Total Dipole moment:
                  0    
      0      -1.113661
      1       0.348225
      2      -0.965883
** Polarizabilities part of electric properties **
        Isotropic polarizability :      378.2734149203
        The raw cartesian tensor (atomic units):
                  0          1          2    
      0     449.885372 -25.274409  14.014719
      1     -25.274409 324.809570 -48.665770
      2      14.014719 -48.665770 360.125302
        Diagonalised polarizability tensor :
                  0    
      0     289.656217
      1     384.217785
      2     460.946243
# -------------------------------------------------------------
----------------------- !GEOMETRIES! ------------------------
# -------------------------------------------------------------
------------------------ !GEOMETRY! -------------------------
    Number of atoms:    67 
    Geometry Index:     1 
    Coordinates:
               0 C     -2.496118000000   -2.645039000000   -0.734740000000
               1 C     -3.424383000000   -1.619765000000   -1.346372000000
               2 C     -4.696241000000   -1.461668000000   -0.578133000000
               3 C     -4.824073000000   -0.097936000000    0.073139000000
               4 C     -3.481269000000    0.221305000000    0.713658000000
               5 C     -2.511676000000    0.516138000000   -0.372444000000
               6 C     -2.672708000000   -0.357289000000   -1.583798000000
               7 P     -0.788548000000    0.285375000000    0.337692000000
               8 C      0.756282000000    0.411432000000   -0.430789000000
               9 C      1.825604000000   -0.046228000000    0.285862000000
              10 C      1.649106000000   -0.565274000000    1.529851000000
              11 P      0.004950000000   -0.593721000000    2.105517000000
              12 C      2.782179000000   -1.087808000000    2.369066000000
              13 C      3.809531000000   -0.263230000000    2.769330000000
              14 C      4.864115000000   -0.691954000000    3.534272000000
              15 C      4.899633000000   -2.009350000000    3.921871000000
              16 C      3.878295000000   -2.866622000000    3.534439000000
              17 C      2.813648000000   -2.405580000000    2.754318000000
              18 C      3.215149000000    0.020218000000   -0.295754000000
              19 C      3.761178000000    1.241580000000   -0.586463000000
              20 C      5.057108000000    1.299065000000   -1.126901000000
              21 C      5.780900000000    0.148487000000   -1.366575000000
              22 C      5.223310000000   -1.067913000000   -1.071369000000
              23 C      3.955131000000   -1.106128000000   -0.543459000000
              24 C      0.848368000000    1.001260000000   -1.816736000000
              25 C      0.458566000000    2.307260000000   -2.025035000000
              26 C      0.515988000000    2.909512000000   -3.264816000000
              27 C      0.978051000000    2.181655000000   -4.328936000000
              28 C      1.371070000000    0.876156000000   -4.136776000000
              29 C      1.306662000000    0.279284000000   -2.872175000000
              30 C     -3.687921000000    1.372143000000    1.657688000000
              31 C     -4.196845000000    2.596901000000    0.973985000000
              32 C     -4.710343000000    0.949432000000    2.698241000000
              33 H     -1.588059000000   -2.174623000000   -0.343603000000
              34 H     -3.072495000000   -3.185766000000    0.045524000000
              35 H     -2.151404000000   -3.406827000000   -1.483738000000
              36 H     -3.699800000000   -2.027512000000   -2.363206000000
              37 H     -4.720885000000   -2.232569000000    0.221669000000
              38 H     -5.600937000000   -1.655374000000   -1.213183000000
              39 H     -5.635244000000   -0.187481000000    0.825454000000
              40 H     -5.094154000000    0.669175000000   -0.664052000000
              41 H     -3.188690000000   -0.695307000000    1.264734000000
              42 H     -2.507803000000    1.556736000000   -0.706909000000
              43 H     -1.654527000000   -0.635893000000   -1.956161000000
              44 H     -3.133936000000    0.214839000000   -2.436106000000
              45 H      3.778215000000    0.770936000000    2.462778000000
              46 H      5.674520000000   -0.041880000000    3.849876000000
              47 H      5.727235000000   -2.374654000000    4.529811000000
              48 H      3.943274000000   -3.895298000000    3.860176000000
              49 H      2.039395000000   -3.097248000000    2.472139000000
              50 H      3.254681000000    2.172052000000   -0.425513000000
              51 H      5.504157000000    2.251650000000   -1.362304000000
              52 H      6.798382000000    0.204480000000   -1.791312000000
              53 H      5.763814000000   -1.995908000000   -1.246579000000
              54 H      3.504145000000   -2.067715000000   -0.305913000000
              55 H      0.095542000000    2.861777000000   -1.161440000000
              56 H      0.189586000000    3.931247000000   -3.324659000000
              57 H      1.015791000000    2.672311000000   -5.294774000000
              58 H      1.730724000000    0.326697000000   -4.993252000000
              59 H      1.615236000000   -0.733003000000   -2.742162000000
              60 H     -2.763009000000    1.627160000000    2.217415000000
              61 H     -4.368986000000    3.368220000000    1.762056000000
              62 H     -5.166778000000    2.361702000000    0.467822000000
              63 H     -3.533885000000    3.041708000000    0.236132000000
              64 H     -5.711847000000    1.324006000000    2.365069000000
              65 H     -4.782809000000   -0.141577000000    2.784914000000
              66 H     -4.524146000000    1.462239000000    3.671639000000
