-------------------------------------------------------------
----------------------- !PROPERTIES! ------------------------
-------------------------------------------------------------
# -------------------------------------------------------------
----------------------- !GEOMETRIES! ------------------------
# -------------------------------------------------------------
------------------------ !GEOMETRY! -------------------------
    Number of atoms:    57 
    Geometry Index:     1 
    Coordinates:
               0  C     -1.239097000000    2.324211000000   -0.641071000000
               1  C     -1.376808000000    1.224783000000    0.385801000000
               2  C     -2.461088000000    0.225970000000   -0.031825000000
               3  C     -1.997989000000   -0.601498000000   -1.210937000000
               4  C     -3.264506000000   -0.949063000000   -2.008408000000
               5  C     -3.652514000000    0.380110000000   -2.673018000000
               6  C     -4.093603000000    1.320936000000   -1.591831000000
               7  C     -3.812199000000    0.812959000000   -0.190810000000
               8  C     -4.790659000000   -0.379598000000   -0.029124000000
               9  C     -4.375273000000   -1.312692000000   -1.096623000000
              10  C     -4.979470000000   -2.462789000000   -1.247834000000
              11  C     -4.121853000000    1.869573000000    0.763947000000
              12  C     -3.234432000000    2.353611000000    1.616360000000
              13  C     -1.881075000000    1.833248000000    1.629945000000
              14  O     -1.172588000000    1.894791000000    2.644119000000
              15  C     -0.138649000000    0.408853000000    0.536971000000
              16  C      1.088462000000    1.128547000000    0.954188000000
              17  C      2.205288000000    0.136828000000    1.043150000000
              18  O      2.008014000000   -1.074756000000    0.782599000000
              19  N      3.519658000000    0.519450000000    1.421468000000
              20  C      4.571642000000   -0.444411000000    1.500025000000
              21  C      4.853317000000   -1.138143000000    2.648624000000
              22  C      5.894529000000   -2.065065000000    2.656292000000
              23  C      6.654262000000   -2.305968000000    1.534880000000
              24  C      6.369813000000   -1.605014000000    0.373958000000
              25  C      5.336242000000   -0.689270000000    0.377671000000
              26  O      5.096718000000   -0.014621000000   -0.818344000000
              27  C      7.167620000000   -1.851248000000   -0.821167000000
              28  O      8.102449000000   -2.689733000000   -0.798023000000
              29  O      6.914288000000   -1.175196000000   -1.989204000000
              30  O      4.107499000000   -0.912564000000    3.777742000000
              31  H     -1.970003000000    3.135863000000   -0.388676000000
              32  H     -1.286355000000    1.989382000000   -1.675006000000
              33  H     -0.241061000000    2.800323000000   -0.499637000000
              34  H     -2.509865000000   -0.496713000000    0.837372000000
              35  H     -1.504664000000   -1.529419000000   -0.900778000000
              36  H     -1.350636000000   -0.034096000000   -1.910542000000
              37  H     -3.058139000000   -1.728823000000   -2.740615000000
              38  H     -2.736501000000    0.772108000000   -3.143197000000
              39  H     -4.439196000000    0.190271000000   -3.435081000000
              40  H     -5.221992000000    1.366451000000   -1.662041000000
              41  H     -3.747229000000    2.334227000000   -1.778817000000
              42  H     -4.626559000000   -0.793011000000    0.983016000000
              43  H     -5.809016000000    0.032881000000   -0.171014000000
              44  H     -4.705832000000   -3.179829000000   -2.020621000000
              45  H     -5.799813000000   -2.706584000000   -0.557620000000
              46  H     -5.124040000000    2.301666000000    0.801514000000
              47  H     -3.499253000000    3.152257000000    2.326317000000
              48  H     -0.008871000000   -0.189394000000   -0.382227000000
              49  H     -0.362254000000   -0.353426000000    1.340534000000
              50  H      1.011395000000    1.577697000000    1.960907000000
              51  H      1.426835000000    1.905951000000    0.241065000000
              52  H      3.691399000000    1.517749000000    1.638319000000
              53  H      6.113287000000   -2.608096000000    3.559318000000
              54  H      7.455250000000   -3.016586000000    1.534457000000
              55  H      7.640371000000   -0.946384000000   -2.653798000000
              56  H      3.364745000000   -0.256708000000    3.786151000000
