-------------------------------------------------------------
----------------------- !PROPERTIES! ------------------------
-------------------------------------------------------------
# -----------------------------------------------------------
$ SCF_Energy
   description: The SCF energy
   geom. index: 1
   prop. index: 1
        SCF Energy:    -2006.7863531665
# -----------------------------------------------------------
$ DFT_Energy
   description: The DFT energy
   geom. index: 1
   prop. index: 1
   Number of Alpha Electrons                117.9999667330 
   Number of Beta  Electrons                117.9999667330 
   Total number of  Electrons               235.9999334660 
   Exchange energy                         -177.5965105508 
   Correlation energy                        -9.8871808123 
   Correlation energy NL                      0.0000000000 
   Exchange-Correlation energy             -187.4836913631 
   Embedding correction                       0.0000000000 
   Total DFT Energy (No VdW correction)   -2006.7863531665 
# -----------------------------------------------------------
$ Mayer_Pop
   description: The Mayer population analysis
   geom. index: 1
   prop. index: 1
     Number of atoms                     : 47
     Threshold for printing              : 0.1000000
     Number of bond orders printed       : 50
  NA   - Mulliken gross atomic population
  ZA   - Total nuclear charge
  QA   - Mulliken gross atomic charge
  VA   - Mayer's total valence
  BVA  - Mayer's bonded valence
  FA   - Mayer's free valence
  ATOM       NA         ZA         QA         VA         BVA        FA
  0   0     6.0026     6.0000    -0.0026     4.0154     4.0154    -0.0000
  1   0     6.0942     6.0000    -0.0942     3.9628     3.9628    -0.0000
  2   0    15.1998    16.0000     0.8002     5.1753     5.1753     0.0000
  3   0     8.4844     8.0000    -0.4844     1.9111     1.9111     0.0000
  4   0     8.4730     8.0000    -0.4730     1.9246     1.9246     0.0000
  5   0     7.2871     7.0000    -0.2871     2.9785     2.9785     0.0000
  6   0     5.8994     6.0000     0.1006     4.0516     4.0516    -0.0000
  7   0     5.7717     6.0000     0.2283     3.9905     3.9905    -0.0000
  8   0     6.2018     6.0000    -0.2018     3.8422     3.8422     0.0000
  9   0     5.7190     6.0000     0.2810     3.8638     3.8638    -0.0000
 10   0     6.1489     6.0000    -0.1489     3.7738     3.7738     0.0000
 11   0     5.6434     6.0000     0.3566     3.8071     3.8071     0.0000
 12   0     6.0600     6.0000    -0.0600     3.7577     3.7577     0.0000
 13   0     5.9517     6.0000     0.0483     3.8248     3.8248     0.0000
 14   0     9.1994     9.0000    -0.1994     1.1718     1.1718     0.0000
 15   0     9.1898     9.0000    -0.1898     1.1924     1.1924    -0.0000
 16   0     7.1896     7.0000    -0.1896     3.1893     3.1893     0.0000
 17   0     5.8781     6.0000     0.1219     4.2267     4.2267    -0.0000
 18   0     7.1310     7.0000    -0.1310     3.1207     3.1207     0.0000
 19   0     5.9039     6.0000     0.0961     4.0368     4.0368     0.0000
 20   0     6.0743     6.0000    -0.0743     3.8027     3.8027    -0.0000
 21   0     5.9156     6.0000     0.0844     3.9909     3.9909    -0.0000
 22   0     7.1354     7.0000    -0.1354     3.1348     3.1348     0.0000
 23   0     5.8553     6.0000     0.1447     3.9767     3.9767     0.0000
 24   0     7.1475     7.0000    -0.1475     2.9747     2.9747    -0.0000
 25   0     7.1067     7.0000    -0.1067     2.9581     2.9581    -0.0000
 26   0     5.9983     6.0000     0.0017     3.9348     3.9348    -0.0000
 27   0     8.1300     8.0000    -0.1300     2.4337     2.4337    -0.0000
 28   0     5.4523     6.0000     0.5477     4.1588     4.1588     0.0000
 29   0     9.1994     9.0000    -0.1994     1.1549     1.1549     0.0000
 30   0     9.2142     9.0000    -0.2142     1.1375     1.1375    -0.0000
 31   0     0.9685     1.0000     0.0315     0.9852     0.9852    -0.0000
 32   0     0.9295     1.0000     0.0705     1.0151     1.0151     0.0000
 33   0     0.9613     1.0000     0.0387     0.9861     0.9861    -0.0000
 34   0     0.9326     1.0000     0.0674     0.9868     0.9868     0.0000
 35   0     0.9427     1.0000     0.0573     0.9884     0.9884     0.0000
 36   0     0.8570     1.0000     0.1430     1.0024     1.0024    -0.0000
 37   0     0.9630     1.0000     0.0370     1.0275     1.0275     0.0000
 38   0     1.0051     1.0000    -0.0051     0.9797     0.9797     0.0000
 39   0     0.9858     1.0000     0.0142     0.9913     0.9913    -0.0000
 40   0     0.9903     1.0000     0.0097     1.0037     1.0037    -0.0000
 41   0     1.0031     1.0000    -0.0031     0.9913     0.9913     0.0000
 42   0     1.0114     1.0000    -0.0114     0.9964     0.9964    -0.0000
 43   0     0.8276     1.0000     0.1724     0.9934     0.9934     0.0000
 44   0     0.9799     1.0000     0.0201     1.0173     1.0173     0.0000
 45   0     0.9895     1.0000     0.0105     0.9955     0.9955    -0.0000
 46   0     0.9951     1.0000     0.0049     0.9928     0.9928     0.0000
      Bond orders larger than 0.1000000
           Atom A     A.N. of A          Atom B    A.N. of B              Bond order
                0             6               1            6                1.070032
                0             6              31            1                0.965412
                0             6              32            1                0.962518
                0             6              33            1                0.973634
                1             6               2           16                0.859392
                1             6              34            1                0.921289
                1             6              35            1                0.926719
                2            16               3            8                1.632574
                2            16               4            8                1.674541
                2            16               5            7                0.892496
                5             7               6            6                1.006263
                5             7              36            1                0.889648
                6             6               7            6                1.120953
                6             6              37            1                0.885687
                6             6              38            1                0.911621
                7             6               8            6                0.926856
                7             6              16            7                0.998108
                7             6              39            1                0.869871
                8             6               9            6                1.370470
                8             6              13            6                1.415780
                9             6              10            6                1.316510
                9             6              15            9                1.118632
               10             6              11            6                1.313865
               10             6              40            1                0.990305
               11             6              12            6                1.338904
               11             6              14            9                1.095481
               12             6              13            6                1.319810
               12             6              41            1                0.981385
               13             6              42            1                0.978443
               16             7              17            6                1.170549
               16             7              43            1                0.892962
               17             6              18            7                1.398774
               17             6              22            7                1.435599
               18             7              19            6                1.593010
               19             6              20            6                1.347832
               19             6              44            1                0.968605
               20             6              21            6                1.339899
               20             6              23            6                1.028571
               21             6              22            7                1.523441
               21             6              45            1                0.979968
               23             6              24            7                1.587225
               23             6              26            6                0.103909
               23             6              27            8                1.194421
               24             7              25            7                1.258927
               25             7              26            6                1.592096
               26             6              27            8                1.164588
               26             6              28            6                0.992765
               28             6              29            9                1.110863
               28             6              30            9                1.092204
               28             6              46            1                0.937882
# -----------------------------------------------------------
$ Calculation_Info
   description: Details of the calculation
   geom. index: 1
   prop. index: 1
     Multiplicity:                          1
     Charge:                                0
     number of atoms:                       47
     number of electrons:                   0
     number of frozen core electrons:       1
     number of correlated electrons:        0
     number of basis functions:             518
     number of aux C basis functions:       0
     number of aux J basis functions:       1697
     number of aux JK basis functions:      0
     number of aux CABS basis functions:    0
     Total Energy                           -2006.786353
# -----------------------------------------------------------
$ SCF_Electric_Properties
   description: The SCF Calculated Electric Properties
   geom. index: 1
   prop. index: 1
       Filename                          : 236.scfp 
       Do Dipole Moment Calculation      : true 
       Do Quadrupole Moment Calculation  : false 
       Do Polarizability Calculation     : true 
** Dipole moment part of electric properties **
        Magnitude of dipole moment (Debye) :       10.8654036460
        Electronic Contribution:
                  0    
      0      39.659678
      1      -9.793966
      2      -0.336767
        Nuclear Contribution:
                  0    
      0     -43.130451
      1       8.993100
      2       2.700099
        Total Dipole moment:
                  0    
      0      -3.470774
      1      -0.800866
      2       2.363332
** Polarizabilities part of electric properties **
        Isotropic polarizability :      269.2426183271
        The raw cartesian tensor (atomic units):
                  0          1          2    
      0     365.040172  70.057321   9.436809
      1      70.057321 279.638549  21.970725
      2       9.436809  21.970725 163.049133
        Diagonalised polarizability tensor :
                  0    
      0     158.981770
      1     242.869332
      2     405.876753
# -------------------------------------------------------------
----------------------- !GEOMETRIES! ------------------------
# -------------------------------------------------------------
------------------------ !GEOMETRY! -------------------------
    Number of atoms:    47 
    Geometry Index:     1 
    Coordinates:
               0 C     -4.209436000000    3.761691000000    0.432532000000
               1 C     -3.409062000000    2.520030000000    0.711873000000
               2 S     -1.984299000000    2.406241000000   -0.322067000000
               3 O     -2.350208000000    2.355833000000   -1.773041000000
               4 O     -1.041436000000    3.524446000000   -0.063484000000
               5 N     -1.150047000000    0.921649000000    0.109474000000
               6 C     -2.011501000000   -0.212482000000   -0.140349000000
               7 C     -1.340260000000   -1.489751000000    0.200536000000
               8 C     -2.230089000000   -2.673387000000   -0.021259000000
               9 C     -1.695301000000   -3.908848000000    0.272963000000
              10 C     -2.477731000000   -5.043004000000    0.085838000000
              11 C     -3.774750000000   -4.969502000000   -0.385966000000
              12 C     -4.259351000000   -3.706623000000   -0.664466000000
              13 C     -3.515373000000   -2.557174000000   -0.492411000000
              14 F     -4.532530000000   -6.093868000000   -0.565004000000
              15 F     -0.431394000000   -4.080543000000    0.740967000000
              16 N     -0.143343000000   -1.740214000000   -0.550975000000
              17 C      1.084847000000   -1.042921000000   -0.453227000000
              18 N      2.129938000000   -1.410858000000   -1.261159000000
              19 C      3.314973000000   -0.820187000000   -1.223311000000
              20 C      3.541363000000    0.215407000000   -0.342803000000
              21 C      2.507427000000    0.610397000000    0.485802000000
              22 N      1.343118000000   -0.040138000000    0.382276000000
              23 C      4.837041000000    0.895596000000   -0.268511000000
              24 N      5.911267000000    0.600665000000   -1.020348000000
              25 N      6.916028000000    1.418033000000   -0.688147000000
              26 C      6.446937000000    2.223102000000    0.280584000000
              27 O      5.201889000000    1.880608000000    0.503862000000
              28 C      7.260044000000    3.285887000000    0.929394000000
              29 F      8.338066000000    2.770316000000    1.592696000000
              30 F      7.602161000000    4.256021000000    0.004914000000
              31 H     -4.356652000000    4.306836000000    1.371839000000
              32 H     -3.666823000000    4.432146000000   -0.291538000000
              33 H     -5.217486000000    3.519751000000    0.027832000000
              34 H     -4.075568000000    1.642254000000    0.523713000000
              35 H     -3.050262000000    2.515450000000    1.766948000000
              36 H     -1.011261000000    1.039000000000    1.171500000000
              37 H     -2.392067000000   -0.161493000000   -1.180469000000
              38 H     -2.925124000000   -0.036117000000    0.494998000000
              39 H     -1.137192000000   -1.482491000000    1.301757000000
              40 H     -2.062355000000   -6.030595000000    0.316635000000
              41 H     -5.277684000000   -3.590298000000   -1.039751000000
              42 H     -3.915932000000   -1.571862000000   -0.717827000000
              43 H     -0.198507000000   -2.546191000000   -1.266368000000
              44 H      4.145502000000   -1.102426000000   -1.855611000000
              45 H      2.660822000000    1.430954000000    1.194985000000
              46 H      6.601599000000    3.778659000000    1.684171000000
