-------------------------------------------------------------
----------------------- !PROPERTIES! ------------------------
-------------------------------------------------------------
# -------------------------------------------------------------
----------------------- !GEOMETRIES! ------------------------
# -------------------------------------------------------------
------------------------ !GEOMETRY! -------------------------
    Number of atoms:    48 
    Geometry Index:     1 
    Coordinates:
               0  C      5.137740000000    0.769593000000   -1.015034000000
               1  C      3.682587000000    0.500045000000   -0.860695000000
               2  C      2.959055000000   -0.048129000000   -1.897580000000
               3  C      1.618123000000   -0.293909000000   -1.748118000000
               4  C      0.946589000000   -0.000724000000   -0.553844000000
               5  C      1.657745000000    0.540586000000    0.472747000000
               6  C      3.026399000000    0.790490000000    0.317251000000
               7  Cl     3.882897000000    1.485685000000    1.668758000000
               8  O      1.023887000000    0.839815000000    1.663942000000
               9  C      0.974989000000   -0.136870000000    2.702038000000
              10  C     -0.495545000000   -0.276224000000   -0.448775000000
              11  C     -0.820545000000   -1.595203000000    0.140055000000
              12  C     -1.945148000000   -1.353471000000    1.090580000000
              13  C     -2.107817000000    0.117751000000    1.123061000000
              14  C     -1.286507000000    0.753768000000    0.232804000000
              15  C     -1.308977000000    2.148516000000    0.116444000000
              16  C     -2.143677000000    2.930053000000    0.880596000000
              17  C     -2.970710000000    2.247456000000    1.782105000000
              18  C     -2.971128000000    0.887963000000    1.917039000000
              19  O     -3.804273000000    0.241646000000    2.820781000000
              20  O     -2.240749000000    4.296915000000    0.843094000000
              21  C     -0.435484000000    2.814122000000   -0.844138000000
              22  O     -0.378511000000    4.029535000000   -1.030076000000
              23  C     -1.265477000000   -2.592513000000   -0.885434000000
              24  C     -0.618049000000   -3.732378000000   -1.008211000000
              25  C     -2.416275000000   -2.303429000000   -1.749519000000
              26  O      0.886632000000   -0.842802000000   -2.782122000000
              27  Cl     3.777800000000   -0.425455000000   -3.406853000000
              28  H      5.561177000000    0.185050000000   -1.853518000000
              29  H      5.701136000000    0.430384000000   -0.096598000000
              30  H      5.357379000000    1.858842000000   -1.086523000000
              31  H      1.620642000000    0.200694000000    3.568358000000
              32  H     -0.028186000000   -0.338634000000    3.069149000000
              33  H      1.482764000000   -1.076438000000    2.362059000000
              34  H     -0.914425000000   -0.306280000000   -1.510683000000
              35  H      0.010218000000   -2.036967000000    0.740847000000
              36  H     -1.725907000000   -1.740129000000    2.118282000000
              37  H     -2.894845000000   -1.820225000000    0.708880000000
              38  H     -3.639198000000    2.835325000000    2.398125000000
              39  H     -3.779033000000   -0.760538000000    2.894550000000
              40  H     -1.789082000000    4.977502000000    0.320723000000
              41  H      0.224580000000    2.161960000000   -1.449417000000
              42  H     -0.908379000000   -4.461109000000   -1.725977000000
              43  H      0.227868000000   -3.948133000000   -0.374784000000
              44  H     -2.183637000000   -2.719409000000   -2.764949000000
              45  H     -2.695713000000   -1.248862000000   -1.822858000000
              46  H     -3.282950000000   -2.904910000000   -1.369768000000
              47  H      1.290022000000   -1.080956000000   -3.666798000000
