-------------------------------------------------------------
----------------------- !PROPERTIES! ------------------------
-------------------------------------------------------------
# -----------------------------------------------------------
$ SCF_Energy
   description: The SCF energy
   geom. index: 1
   prop. index: 1
        SCF Energy:    -1278.9399326390
# -----------------------------------------------------------
$ DFT_Energy
   description: The DFT energy
   geom. index: 1
   prop. index: 1
   Number of Alpha Electrons                 98.9999929080 
   Number of Beta  Electrons                 98.9999929080 
   Total number of  Electrons               197.9999858159 
   Exchange energy                         -134.0733590668 
   Correlation energy                        -8.0334634043 
   Correlation energy NL                      0.0000000000 
   Exchange-Correlation energy             -142.1068224711 
   Embedding correction                       0.0000000000 
   Total DFT Energy (No VdW correction)   -1278.9399326390 
# -----------------------------------------------------------
$ Mayer_Pop
   description: The Mayer population analysis
   geom. index: 1
   prop. index: 1
     Number of atoms                     : 47
     Threshold for printing              : 0.1000000
     Number of bond orders printed       : 51
  NA   - Mulliken gross atomic population
  ZA   - Total nuclear charge
  QA   - Mulliken gross atomic charge
  VA   - Mayer's total valence
  BVA  - Mayer's bonded valence
  FA   - Mayer's free valence
  ATOM       NA         ZA         QA         VA         BVA        FA
  0   0     5.9208     6.0000     0.0792     3.9079     3.9079     0.0000
  1   0     5.9788     6.0000     0.0212     3.8288     3.8288    -0.0000
  2   0     6.1172     6.0000    -0.1172     3.7407     3.7407     0.0000
  3   0     5.8397     6.0000     0.1603     3.6249     3.6249     0.0000
  4   0     5.9864     6.0000     0.0136     3.8227     3.8227     0.0000
  5   0     5.7145     6.0000     0.2855     3.7473     3.7473    -0.0000
  6   0     6.1834     6.0000    -0.1834     3.8105     3.8105    -0.0000
  7   0     8.2717     8.0000    -0.2717     2.2120     2.2120    -0.0000
  8   0     5.7662     6.0000     0.2338     4.0596     4.0596    -0.0000
  9   0     5.9632     6.0000     0.0368     3.6234     3.6234    -0.0000
 10   0     5.8990     6.0000     0.1010     3.9408     3.9408     0.0000
 11   0     6.0437     6.0000    -0.0437     3.6948     3.6948    -0.0000
 12   0     6.0380     6.0000    -0.0380     3.7310     3.7310     0.0000
 13   0     8.2496     8.0000    -0.2496     2.1941     2.1941     0.0000
 14   0     5.9083     6.0000     0.0917     3.7152     3.7152     0.0000
 15   0     5.9874     6.0000     0.0126     3.8000     3.8000     0.0000
 16   0     6.0557     6.0000    -0.0557     3.8061     3.8061    -0.0000
 17   0     5.9409     6.0000     0.0591     3.7333     3.7333    -0.0000
 18   0     6.0731     6.0000    -0.0731     3.7571     3.7571     0.0000
 19   0     5.8282     6.0000     0.1718     3.8972     3.8972     0.0000
 20   0     8.3335     8.0000    -0.3335     2.1961     2.1961     0.0000
 21   0     5.8246     6.0000     0.1754     3.9172     3.9172     0.0000
 22   0     5.7992     6.0000     0.2008     4.1552     4.1552     0.0000
 23   0     8.2649     8.0000    -0.2649     2.2907     2.2907     0.0000
 24   0     7.3179     7.0000    -0.3179     3.1334     3.1334     0.0000
 25   0     5.8234     6.0000     0.1766     3.9370     3.9370    -0.0000
 26   0     5.8251     6.0000     0.1749     4.1003     4.1003    -0.0000
 27   0     8.3089     8.0000    -0.3089     2.0941     2.0941     0.0000
 28   0     0.9858     1.0000     0.0142     0.9928     0.9928     0.0000
 29   0     0.9714     1.0000     0.0286     0.9877     0.9877    -0.0000
 30   0     0.9807     1.0000     0.0193     0.9906     0.9906    -0.0000
 31   0     1.0713     1.0000    -0.0713     0.9899     0.9899     0.0000
 32   0     1.0509     1.0000    -0.0509     0.9911     0.9911     0.0000
 33   0     1.0522     1.0000    -0.0522     0.9889     0.9889     0.0000
 34   0     1.0524     1.0000    -0.0524     0.9823     0.9823    -0.0000
 35   0     0.7931     1.0000     0.2069     0.9856     0.9856     0.0000
 36   0     1.0157     1.0000    -0.0157     0.9946     0.9946    -0.0000
 37   0     1.0195     1.0000    -0.0195     0.9782     0.9782    -0.0000
 38   0     1.0406     1.0000    -0.0406     0.9942     0.9942     0.0000
 39   0     0.9583     1.0000     0.0417     0.9852     0.9852    -0.0000
 40   0     0.9782     1.0000     0.0218     0.9868     0.9868    -0.0000
 41   0     0.9762     1.0000     0.0238     0.9820     0.9820     0.0000
 42   0     0.9826     1.0000     0.0174     1.0040     1.0040    -0.0000
 43   0     0.9700     1.0000     0.0300     1.0069     1.0069     0.0000
 44   0     1.0090     1.0000    -0.0090     0.9903     0.9903     0.0000
 45   0     1.0037     1.0000    -0.0037     0.9817     0.9817    -0.0000
 46   0     0.8253     1.0000     0.1747     1.0042     1.0042     0.0000
      Bond orders larger than 0.1000000
           Atom A     A.N. of A          Atom B    A.N. of B              Bond order
                0             6               1            6                1.057600
                0             6              28            1                0.958497
                0             6              29            1                0.950912
                0             6              30            1                0.956405
                1             6               2            6                1.395138
                1             6               6            6                1.253764
                2             6               3            6                1.220466
                2             6              31            1                1.008178
                3             6               4            6                1.200736
                3             6              12            6                1.224722
                4             6               5            6                1.212995
                4             6               9            6                1.297795
                5             6               6            6                1.375825
                5             6               7            8                1.054592
                6             6              32            1                1.015594
                7             8               8            6                1.075048
                8             6               9            6                0.922971
                8             6              14            6                0.885723
                8             6              24            7                1.050273
                9             6              10            6                1.380885
               10             6              11            6                1.230563
               10             6              13            8                1.210711
               11             6              12            6                1.400139
               11             6              33            1                0.999421
               12             6              34            1                0.996797
               13             8              35            1                0.924247
               14             6              15            6                1.448531
               14             6              19            6                1.339655
               15             6              16            6                1.335219
               15             6              22            6                0.928519
               16             6              17            6                1.371984
               16             6              36            1                0.998085
               17             6              18            6                1.295098
               17             6              37            1                0.996222
               18             6              19            6                1.329806
               18             6              38            1                0.990918
               19             6              20            8                1.151671
               20             8              21            6                0.960526
               21             6              39            1                0.974723
               21             6              40            1                0.960617
               21             6              41            1                0.971717
               22             6              23            8                2.100322
               22             6              24            7                1.081632
               24             7              25            6                0.918229
               25             6              26            6                1.083820
               25             6              42            1                0.929701
               25             6              43            1                0.934270
               26             6              27            8                1.094553
               26             6              44            1                0.935393
               26             6              45            1                0.941462
               27             8              46            1                0.966916
# -----------------------------------------------------------
$ Calculation_Info
   description: Details of the calculation
   geom. index: 1
   prop. index: 1
     Multiplicity:                          1
     Charge:                                0
     number of atoms:                       47
     number of electrons:                   0
     number of frozen core electrons:       1
     number of correlated electrons:        0
     number of basis functions:             487
     number of aux C basis functions:       0
     number of aux J basis functions:       1581
     number of aux JK basis functions:      0
     number of aux CABS basis functions:    0
     Total Energy                           -1278.939933
# -----------------------------------------------------------
$ SCF_Electric_Properties
   description: The SCF Calculated Electric Properties
   geom. index: 1
   prop. index: 1
       Filename                          : 83.scfp 
       Do Dipole Moment Calculation      : true 
       Do Quadrupole Moment Calculation  : false 
       Do Polarizability Calculation     : true 
** Dipole moment part of electric properties **
        Magnitude of dipole moment (Debye) :        5.8424534980
        Electronic Contribution:
                  0    
      0      -9.497357
      1      -1.475305
      2      -9.337959
        Nuclear Contribution:
                  0    
      0      10.807153
      1      -0.116553
      2      10.354700
        Total Dipole moment:
                  0    
      0       1.309795
      1      -1.591858
      2       1.016741
** Polarizabilities part of electric properties **
        Isotropic polarizability :      258.1092385865
        The raw cartesian tensor (atomic units):
                  0          1          2    
      0     298.357039  22.903157  49.190980
      1      22.903157 227.969980  15.567954
      2      49.190980  15.567954 248.000697
        Diagonalised polarizability tensor :
                  0    
      0     217.431645
      1     221.343834
      2     335.552237
# -------------------------------------------------------------
----------------------- !GEOMETRIES! ------------------------
# -------------------------------------------------------------
------------------------ !GEOMETRY! -------------------------
    Number of atoms:    47 
    Geometry Index:     1 
    Coordinates:
               0 C      3.891758000000    1.558185000000    3.146095000000
               1 C      2.979606000000    1.082964000000    2.082369000000
               2 C      3.552645000000    0.434177000000    0.977325000000
               3 C      2.719117000000   -0.009632000000   -0.012594000000
               4 C      1.379801000000    0.197065000000    0.118587000000
               5 C      0.757499000000    0.822275000000    1.170089000000
               6 C      1.618780000000    1.272836000000    2.177946000000
               7 O     -0.600015000000    0.847460000000    0.958026000000
               8 C     -0.872489000000    0.221627000000   -0.265433000000
               9 C      0.439091000000   -0.191725000000   -0.788816000000
              10 C      0.881722000000   -0.852193000000   -1.940634000000
              11 C      2.228221000000   -1.080212000000   -2.110359000000
              12 C      3.152116000000   -0.669788000000   -1.165668000000
              13 O     -0.061793000000   -1.248425000000   -2.862515000000
              14 C     -1.821295000000   -0.884453000000   -0.158777000000
              15 C     -2.881209000000   -0.632046000000   -0.979023000000
              16 C     -3.953287000000   -1.527724000000   -1.082090000000
              17 C     -3.926510000000   -2.682596000000   -0.336342000000
              18 C     -2.856418000000   -2.918505000000    0.479835000000
              19 C     -1.791178000000   -2.060321000000    0.602304000000
              20 O     -0.696064000000   -2.274013000000    1.420054000000
              21 C     -0.569854000000   -3.429260000000    2.228024000000
              22 C     -2.678197000000    0.637391000000   -1.653784000000
              23 O     -3.441658000000    1.197586000000   -2.483474000000
              24 N     -1.447864000000    1.153271000000   -1.212254000000
              25 C     -0.815635000000    2.418234000000   -1.616218000000
              26 C     -1.238178000000    3.545762000000   -0.713840000000
              27 O     -0.614751000000    4.696883000000   -1.143013000000
              28 H      3.440579000000    2.352344000000    3.770498000000
              29 H      4.218835000000    0.674782000000    3.726901000000
              30 H      4.821672000000    1.963479000000    2.666021000000
              31 H      4.604127000000    0.275617000000    0.881297000000
              32 H      1.171258000000    1.767977000000    3.019349000000
              33 H      2.617534000000   -1.585165000000   -2.981253000000
              34 H      4.197839000000   -0.834702000000   -1.274687000000
              35 H      0.185338000000   -1.730305000000   -3.717307000000
              36 H     -4.779942000000   -1.278754000000   -1.754720000000
              37 H     -4.772270000000   -3.352897000000   -0.440567000000
              38 H     -2.854447000000   -3.831524000000    1.057435000000
              39 H      0.079091000000   -3.234822000000    3.116754000000
              40 H     -1.541378000000   -3.790673000000    2.618132000000
              41 H     -0.111107000000   -4.278352000000    1.654281000000
              42 H      0.279284000000    2.293757000000   -1.499574000000
              43 H     -1.001437000000    2.627164000000   -2.680840000000
              44 H     -0.884031000000    3.267852000000    0.320626000000
              45 H     -2.324577000000    3.684442000000   -0.648246000000
              46 H     -0.680331000000    5.384956000000   -0.436105000000
