-------------------------------------------------------------
----------------------- !PROPERTIES! ------------------------
-------------------------------------------------------------
# -----------------------------------------------------------
$ SCF_Energy
   description: The SCF energy
   geom. index: 1
   prop. index: 1
        SCF Energy:    -1201.8045958478
# -----------------------------------------------------------
$ DFT_Energy
   description: The DFT energy
   geom. index: 1
   prop. index: 1
   Number of Alpha Electrons                 91.0000114660 
   Number of Beta  Electrons                 91.0000114660 
   Total number of  Electrons               182.0000229320 
   Exchange energy                         -124.0279943348 
   Correlation energy                        -7.3907513229 
   Correlation energy NL                      0.0000000000 
   Exchange-Correlation energy             -131.4187456577 
   Embedding correction                       0.0000000000 
   Total DFT Energy (No VdW correction)   -1201.8045958478 
# -----------------------------------------------------------
$ Mayer_Pop
   description: The Mayer population analysis
   geom. index: 1
   prop. index: 1
     Number of atoms                     : 44
     Threshold for printing              : 0.1000000
     Number of bond orders printed       : 46
  NA   - Mulliken gross atomic population
  ZA   - Total nuclear charge
  QA   - Mulliken gross atomic charge
  VA   - Mayer's total valence
  BVA  - Mayer's bonded valence
  FA   - Mayer's free valence
  ATOM       NA         ZA         QA         VA         BVA        FA
  0   0     5.8132     6.0000     0.1868     3.9376     3.9376    -0.0000
  1   0     8.3384     8.0000    -0.3384     2.1998     2.1998    -0.0000
  2   0     5.7812     6.0000     0.2188     3.9467     3.9467     0.0000
  3   0     6.0270     6.0000    -0.0270     3.8162     3.8162     0.0000
  4   0     5.8250     6.0000     0.1750     3.9466     3.9466     0.0000
  5   0     6.0578     6.0000    -0.0578     3.7518     3.7518    -0.0000
  6   0     5.9692     6.0000     0.0308     3.7896     3.7896     0.0000
  7   0     6.0860     6.0000    -0.0860     3.8041     3.8041    -0.0000
  8   0     8.3414     8.0000    -0.3414     2.1863     2.1863    -0.0000
  9   0     5.8231     6.0000     0.1769     3.9326     3.9326     0.0000
 10   0     5.7289     6.0000     0.2711     3.8102     3.8102    -0.0000
 11   0     6.0266     6.0000    -0.0266     3.8440     3.8440     0.0000
 12   0     5.8446     6.0000     0.1554     3.8502     3.8502     0.0000
 13   0     6.1134     6.0000    -0.1134     3.7113     3.7113    -0.0000
 14   0     6.1014     6.0000    -0.1014     3.7476     3.7476     0.0000
 15   0     5.9613     6.0000     0.0387     4.0087     4.0087     0.0000
 16   0     5.9614     6.0000     0.0386     3.6297     3.6297     0.0000
 17   0     5.8640     6.0000     0.1360     4.2241     4.2241     0.0000
 18   0     8.2893     8.0000    -0.2893     2.2643     2.2643    -0.0000
 19   0     7.1923     7.0000    -0.1923     3.1903     3.1903     0.0000
 20   0     8.3603     8.0000    -0.3603     2.1406     2.1406     0.0000
 21   0     5.7921     6.0000     0.2079     3.8928     3.8928    -0.0000
 22   0     5.7250     6.0000     0.2750     3.9464     3.9464     0.0000
 23   0     8.3127     8.0000    -0.3127     2.1237     2.1237     0.0000
 24   0     8.2451     8.0000    -0.2451     2.1976     2.1976    -0.0000
 25   0     0.9820     1.0000     0.0180     0.9860     0.9860    -0.0000
 26   0     0.9632     1.0000     0.0368     0.9819     0.9819    -0.0000
 27   0     0.9863     1.0000     0.0137     0.9812     0.9812     0.0000
 28   0     1.0544     1.0000    -0.0544     0.9972     0.9972    -0.0000
 29   0     1.0272     1.0000    -0.0272     0.9760     0.9760     0.0000
 30   0     1.0484     1.0000    -0.0484     0.9963     0.9963    -0.0000
 31   0     0.9813     1.0000     0.0187     0.9831     0.9831     0.0000
 32   0     0.9611     1.0000     0.0389     0.9849     0.9849     0.0000
 33   0     0.9807     1.0000     0.0193     0.9819     0.9819     0.0000
 34   0     0.9742     1.0000     0.0258     1.0113     1.0113    -0.0000
 35   0     1.0612     1.0000    -0.0612     1.0357     1.0357     0.0000
 36   0     0.8499     1.0000     0.1501     1.0001     1.0001     0.0000
 37   0     0.9553     1.0000     0.0447     0.9913     0.9913     0.0000
 38   0     0.9984     1.0000     0.0016     0.9767     0.9767     0.0000
 39   0     0.9930     1.0000     0.0070     0.9972     0.9972     0.0000
 40   0     0.9957     1.0000     0.0043     0.9863     0.9863     0.0000
 41   0     0.9858     1.0000     0.0142     0.9810     0.9810     0.0000
 42   0     0.8160     1.0000     0.1840     0.9968     0.9968     0.0000
 43   0     0.8053     1.0000     0.1947     0.9948     0.9948    -0.0000
      Bond orders larger than 0.1000000
           Atom A     A.N. of A          Atom B    A.N. of B              Bond order
                0             6               1            8                0.974959
                0             6              25            1                0.962615
                0             6              26            1                0.970008
                0             6              27            1                0.959008
                1             8               2            6                1.093906
                2             6               3            6                1.394154
                2             6               7            6                1.310228
                3             6               4            6                1.389438
                3             6              10            6                0.979981
                4             6               5            6                1.316477
                4             6               8            8                1.116084
                5             6               6            6                1.325397
                5             6              28            1                1.003051
                6             6               7            6                1.363390
                6             6              29            1                0.985270
                7             6              30            1                0.992867
                8             8               9            6                0.977574
                9             6              31            1                0.957186
                9             6              32            1                0.972110
                9             6              33            1                0.968639
               10             6              11            6                0.952190
               10             6              19            7                1.020275
               10             6              34            1                0.835470
               11             6              12            6                1.310838
               11             6              16            6                1.436071
               12             6              13            6                1.272056
               12             6              24            8                1.195625
               13             6              14            6                1.300257
               13             6              35            1                1.007998
               14             6              15            6                1.430790
               14             6              22            6                0.974146
               15             6              16            6                1.244403
               15             6              20            8                1.177120
               16             6              17            6                0.928890
               17             6              18            8                2.086400
               17             6              19            7                1.145789
               19             7              36            1                0.916345
               20             8              21            6                0.937071
               21             6              37            1                0.975829
               21             6              38            1                0.964785
               21             6              39            1                0.962556
               22             6              23            8                1.105501
               22             6              40            1                0.921391
               22             6              41            1                0.939451
               23             8              42            1                0.960300
               24             8              43            1                0.931923
# -----------------------------------------------------------
$ Calculation_Info
   description: Details of the calculation
   geom. index: 1
   prop. index: 1
     Multiplicity:                          1
     Charge:                                0
     number of atoms:                       44
     number of electrons:                   0
     number of frozen core electrons:       1
     number of correlated electrons:        0
     number of basis functions:             445
     number of aux C basis functions:       0
     number of aux J basis functions:       1434
     number of aux JK basis functions:      0
     number of aux CABS basis functions:    0
     Total Energy                           -1201.804596
# -----------------------------------------------------------
$ SCF_Electric_Properties
   description: The SCF Calculated Electric Properties
   geom. index: 1
   prop. index: 1
       Filename                          : 148.scfp 
       Do Dipole Moment Calculation      : true 
       Do Quadrupole Moment Calculation  : false 
       Do Polarizability Calculation     : true 
** Dipole moment part of electric properties **
        Magnitude of dipole moment (Debye) :        5.4265307260
        Electronic Contribution:
                  0    
      0       0.825741
      1       0.605720
      2       3.507838
        Nuclear Contribution:
                  0    
      0      -1.443414
      1      -1.682524
      2      -5.244745
        Total Dipole moment:
                  0    
      0      -0.617673
      1      -1.076805
      2      -1.736908
** Polarizabilities part of electric properties **
        Isotropic polarizability :      221.5759769420
        The raw cartesian tensor (atomic units):
                  0          1          2    
      0     259.152831  31.166213  13.408691
      1      31.166213 219.207978  26.723660
      2      13.408691  26.723660 186.367121
        Diagonalised polarizability tensor :
                  0    
      0     171.245797
      1     210.767744
      2     282.714391
# -------------------------------------------------------------
----------------------- !GEOMETRIES! ------------------------
# -------------------------------------------------------------
------------------------ !GEOMETRY! -------------------------
    Number of atoms:    44 
    Geometry Index:     1 
    Coordinates:
               0 C     -2.907701000000   -3.867774000000   -0.017112000000
               1 O     -2.179937000000   -2.727433000000    0.377030000000
               2 C     -2.622570000000   -1.484814000000   -0.087265000000
               3 C     -1.968717000000   -0.308824000000    0.249386000000
               4 C     -2.447420000000    0.885973000000   -0.233825000000
               5 C     -3.561728000000    0.938056000000   -1.044520000000
               6 C     -4.205333000000   -0.239416000000   -1.373817000000
               7 C     -3.736593000000   -1.441874000000   -0.896855000000
               8 O     -1.790722000000    2.083551000000    0.102522000000
               9 C     -2.238566000000    3.325646000000   -0.363836000000
              10 C     -0.785891000000   -0.384008000000    1.102564000000
              11 C      0.491542000000   -0.329430000000    0.381050000000
              12 C      1.005332000000   -0.964775000000   -0.749761000000
              13 C      2.271904000000   -0.746754000000   -1.236748000000
              14 C      3.106934000000    0.151999000000   -0.584815000000
              15 C      2.609521000000    0.782164000000    0.528720000000
              16 C      1.320105000000    0.555275000000    1.017858000000
              17 C      0.586908000000    1.106311000000    2.150611000000
              18 O      1.061254000000    1.970767000000    2.971991000000
              19 N     -0.695563000000    0.520867000000    2.159575000000
              20 O      3.396068000000    1.682192000000    1.212043000000
              21 C      4.252520000000    1.318454000000    2.280061000000
              22 C      4.474178000000    0.385788000000   -1.111918000000
              23 O      4.705356000000   -0.382420000000   -2.243459000000
              24 O      0.177177000000   -1.847634000000   -1.386059000000
              25 H     -2.915576000000   -3.904387000000   -1.138355000000
              26 H     -2.516342000000   -4.798634000000    0.438383000000
              27 H     -3.986889000000   -3.812205000000    0.279580000000
              28 H     -3.919341000000    1.873432000000   -1.410308000000
              29 H     -5.087625000000   -0.260819000000   -2.008411000000
              30 H     -4.261845000000   -2.351601000000   -1.171630000000
              31 H     -3.327782000000    3.474664000000   -0.252876000000
              32 H     -1.763231000000    4.118073000000    0.279727000000
              33 H     -1.890971000000    3.532986000000   -1.398515000000
              34 H     -0.789762000000   -1.427423000000    1.574760000000
              35 H      2.635601000000   -1.251846000000   -2.108435000000
              36 H     -1.391482000000    0.816220000000    2.915681000000
              37 H      4.238802000000    2.132075000000    3.048790000000
              38 H      5.274903000000    1.152783000000    1.881182000000
              39 H      3.874346000000    0.357552000000    2.709886000000
              40 H      5.188616000000    0.158383000000   -0.298026000000
              41 H      4.527115000000    1.458705000000   -1.438188000000
              42 H      5.284412000000    0.078914000000   -2.899027000000
              43 H      0.508991000000   -2.328758000000   -2.207641000000
