-------------------------------------------------------------
----------------------- !PROPERTIES! ------------------------
-------------------------------------------------------------
# -----------------------------------------------------------
$ SCF_Energy
   description: The SCF energy
   geom. index: 1
   prop. index: 1
        SCF Energy:    -1655.0811939821
# -----------------------------------------------------------
$ DFT_Energy
   description: The DFT energy
   geom. index: 1
   prop. index: 1
   Number of Alpha Electrons                 96.9999127994 
   Number of Beta  Electrons                 96.9999127994 
   Total number of  Electrons               193.9998255988 
   Exchange energy                         -145.0729215132 
   Correlation energy                        -8.0907083537 
   Correlation energy NL                      0.0000000000 
   Exchange-Correlation energy             -153.1636298669 
   Embedding correction                       0.0000000000 
   Total DFT Energy (No VdW correction)   -1655.0811939821 
# -----------------------------------------------------------
$ Mayer_Pop
   description: The Mayer population analysis
   geom. index: 1
   prop. index: 1
     Number of atoms                     : 41
     Threshold for printing              : 0.1000000
     Number of bond orders printed       : 44
  NA   - Mulliken gross atomic population
  ZA   - Total nuclear charge
  QA   - Mulliken gross atomic charge
  VA   - Mayer's total valence
  BVA  - Mayer's bonded valence
  FA   - Mayer's free valence
  ATOM       NA         ZA         QA         VA         BVA        FA
  0   0     6.0727     6.0000    -0.0727     3.8635     3.8635    -0.0000
  1   0    15.1803    16.0000     0.8197     5.2066     5.2066     0.0000
  2   0     8.4874     8.0000    -0.4874     1.9023     1.9023     0.0000
  3   0     8.4911     8.0000    -0.4911     1.9027     1.9027     0.0000
  4   0     7.3414     7.0000    -0.3414     2.9574     2.9574    -0.0000
  5   0     5.8766     6.0000     0.1234     3.9835     3.9835     0.0000
  6   0     5.8421     6.0000     0.1579     4.0864     4.0864    -0.0000
  7   0     6.0469     6.0000    -0.0469     4.0247     4.0247     0.0000
  8   0     6.0386     6.0000    -0.0386     3.9627     3.9627     0.0000
  9   0     6.0839     6.0000    -0.0839     3.9911     3.9911     0.0000
 10   0     7.1931     7.0000    -0.1931     3.1922     3.1922     0.0000
 11   0     5.9192     6.0000     0.0808     4.2434     4.2434    -0.0000
 12   0     7.1033     7.0000    -0.1033     3.1303     3.1303     0.0000
 13   0     5.9226     6.0000     0.0774     4.0097     4.0097     0.0000
 14   0     6.0599     6.0000    -0.0599     3.7724     3.7724    -0.0000
 15   0     5.8927     6.0000     0.1073     4.0056     4.0056     0.0000
 16   0     7.1684     7.0000    -0.1684     3.0913     3.0913    -0.0000
 17   0     5.8596     6.0000     0.1404     3.9730     3.9730     0.0000
 18   0     7.1284     7.0000    -0.1284     2.9745     2.9745    -0.0000
 19   0     7.1172     7.0000    -0.1172     2.9678     2.9678    -0.0000
 20   0     5.9982     6.0000     0.0018     3.9510     3.9510    -0.0000
 21   0     8.1358     8.0000    -0.1358     2.4335     2.4335    -0.0000
 22   0     5.4411     6.0000     0.5589     4.1474     4.1474     0.0000
 23   0     9.1841     9.0000    -0.1841     1.1735     1.1735    -0.0000
 24   0     9.2331     9.0000    -0.2331     1.1164     1.1164     0.0000
 25   0     0.9106     1.0000     0.0894     1.0038     1.0038     0.0000
 26   0     0.9443     1.0000     0.0557     1.0038     1.0038    -0.0000
 27   0     0.8986     1.0000     0.1014     1.0029     1.0029    -0.0000
 28   0     0.8528     1.0000     0.1472     0.9927     0.9927    -0.0000
 29   0     0.9940     1.0000     0.0060     0.9982     0.9982    -0.0000
 30   0     0.9438     1.0000     0.0562     1.0235     1.0235     0.0000
 31   0     1.0044     1.0000    -0.0044     0.9931     0.9931    -0.0000
 32   0     0.9597     1.0000     0.0403     1.0138     1.0138     0.0000
 33   0     0.9659     1.0000     0.0341     0.9772     0.9772    -0.0000
 34   0     0.9788     1.0000     0.0212     0.9851     0.9851     0.0000
 35   0     0.9682     1.0000     0.0318     0.9907     0.9907    -0.0000
 36   0     0.9621     1.0000     0.0379     0.9772     0.9772    -0.0000
 37   0     0.8357     1.0000     0.1643     1.0034     1.0034     0.0000
 38   0     0.9988     1.0000     0.0012     1.0002     1.0002     0.0000
 39   0     0.9764     1.0000     0.0236     1.0132     1.0132    -0.0000
 40   0     0.9883     1.0000     0.0117     0.9927     0.9927    -0.0000
      Bond orders larger than 0.1000000
           Atom A     A.N. of A          Atom B    A.N. of B              Bond order
                0             6               1           16                0.884239
                0             6              25            1                0.946059
                0             6              26            1                0.947763
                0             6              27            1                0.949232
                1            16               2            8                1.649892
                1            16               3            8                1.675610
                1            16               4            7                0.907513
                4             7               5            6                0.950659
                4             7              28            1                0.903229
                5             6               6            6                1.088192
                5             6              29            1                0.930650
                5             6              30            1                0.901235
                6             6               7            6                1.021714
                6             6              10            7                0.970485
                6             6              31            1                0.898681
                7             6               8            6                1.005474
                7             6               9            6                0.988799
                7             6              32            1                0.926453
                8             6               9            6                1.024282
                8             6              33            1                0.939994
                8             6              34            1                0.950400
                9             6              35            1                0.935207
                9             6              36            1                0.953319
               10             7              11            6                1.198161
               10             7              37            1                0.895643
               11             6              12            7                1.438913
               11             6              16            7                1.394109
               12             7              13            6                1.569129
               13             6              14            6                1.318758
               13             6              38            1                0.983347
               14             6              15            6                1.359948
               14             6              17            6                1.026911
               15             6              16            7                1.514640
               15             6              39            1                0.976279
               17             6              18            7                1.582688
               17             6              20            6                0.109040
               17             6              21            8                1.187999
               18             7              19            7                1.272782
               19             7              20            6                1.582828
               20             6              21            8                1.173455
               20             6              22            6                0.998528
               22             6              23            9                1.122708
               22             6              24            9                1.066333
               22             6              40            1                0.936216
# -----------------------------------------------------------
$ Calculation_Info
   description: Details of the calculation
   geom. index: 1
   prop. index: 1
     Multiplicity:                          1
     Charge:                                0
     number of atoms:                       41
     number of electrons:                   0
     number of frozen core electrons:       1
     number of correlated electrons:        0
     number of basis functions:             434
     number of aux C basis functions:       0
     number of aux J basis functions:       1403
     number of aux JK basis functions:      0
     number of aux CABS basis functions:    0
     Total Energy                           -1655.081194
# -----------------------------------------------------------
$ SCF_Electric_Properties
   description: The SCF Calculated Electric Properties
   geom. index: 1
   prop. index: 1
       Filename                          : 239.scfp 
       Do Dipole Moment Calculation      : true 
       Do Quadrupole Moment Calculation  : false 
       Do Polarizability Calculation     : true 
** Dipole moment part of electric properties **
        Magnitude of dipole moment (Debye) :        4.6077474707
        Electronic Contribution:
                  0    
      0      54.960817
      1      12.846236
      2      -2.281689
        Nuclear Contribution:
                  0    
      0     -56.474743
      1     -13.245761
      2       3.195262
        Total Dipole moment:
                  0    
      0      -1.513926
      1      -0.399525
      2       0.913573
** Polarizabilities part of electric properties **
        Isotropic polarizability :      225.7775448951
        The raw cartesian tensor (atomic units):
                  0          1          2    
      0     344.535843  35.346208  29.663590
      1      35.346208 145.568675   7.315576
      2      29.663590   7.315576 187.228117
        Diagonalised polarizability tensor :
                  0    
      0     139.367656
      1     181.837058
      2     356.127921
# -------------------------------------------------------------
----------------------- !GEOMETRIES! ------------------------
# -------------------------------------------------------------
------------------------ !GEOMETRY! -------------------------
    Number of atoms:    41 
    Geometry Index:     1 
    Coordinates:
               0 C     -6.047848000000    0.241504000000   -1.823312000000
               1 S     -4.545639000000    0.054371000000   -2.723409000000
               2 O     -4.489693000000   -1.316663000000   -3.329897000000
               3 O     -4.549335000000    1.042973000000   -3.847374000000
               4 N     -3.158881000000    0.353621000000   -1.747166000000
               5 C     -3.083774000000   -0.597106000000   -0.633210000000
               6 C     -1.836330000000   -0.232980000000    0.140987000000
               7 C     -1.629294000000   -1.137343000000    1.331926000000
               8 C     -2.599667000000   -1.252400000000    2.419609000000
               9 C     -2.475331000000   -2.375178000000    1.382628000000
              10 N     -0.696375000000   -0.343280000000   -0.755362000000
              11 C      0.617476000000   -0.014164000000   -0.322199000000
              12 N      1.624399000000   -0.143127000000   -1.203758000000
              13 C      2.873865000000    0.168532000000   -0.810544000000
              14 C      3.168929000000    0.615032000000    0.458009000000
              15 C      2.123337000000    0.739947000000    1.345047000000
              16 N      0.871107000000    0.419466000000    0.925301000000
              17 C      4.530380000000    0.949858000000    0.871798000000
              18 N      4.950528000000    1.392733000000    2.069458000000
              19 N      6.258673000000    1.569566000000    2.010491000000
              20 C      6.674733000000    1.239767000000    0.775281000000
              21 O      5.607541000000    0.873072000000    0.122460000000
              22 C      8.092299000000    1.310758000000    0.331282000000
              23 F      8.916170000000    0.608395000000    1.154628000000
              24 F      8.418600000000    2.672118000000    0.289109000000
              25 H     -6.551341000000    1.215536000000   -2.076340000000
              26 H     -5.849770000000    0.303431000000   -0.725258000000
              27 H     -6.792603000000   -0.549235000000   -2.055595000000
              28 H     -3.179248000000    1.334626000000   -1.394565000000
              29 H     -3.950688000000   -0.414736000000    0.001522000000
              30 H     -2.952944000000   -1.622556000000   -0.993673000000
              31 H     -1.899496000000    0.828383000000    0.459969000000
              32 H     -0.564585000000   -1.339306000000    1.565644000000
              33 H     -2.209394000000   -1.522153000000    3.436252000000
              34 H     -3.542387000000   -0.686612000000    2.469384000000
              35 H     -3.375425000000   -2.507907000000    0.784628000000
              36 H     -2.031168000000   -3.341104000000    1.728235000000
              37 H     -0.848899000000   -0.674095000000   -1.745529000000
              38 H      3.693166000000    0.070747000000   -1.505340000000
              39 H      2.331797000000    1.088334000000    2.345123000000
              40 H      8.107113000000    0.977176000000   -0.726236000000
