-------------------------------------------------------------
----------------------- !PROPERTIES! ------------------------
-------------------------------------------------------------
# -----------------------------------------------------------
$ SCF_Energy
   description: The SCF energy
   geom. index: 1
   prop. index: 1
        SCF Energy:    -1376.5964985675
# -----------------------------------------------------------
$ DFT_Energy
   description: The DFT energy
   geom. index: 1
   prop. index: 1
   Number of Alpha Electrons                111.9998860286 
   Number of Beta  Electrons                111.9998860286 
   Total number of  Electrons               223.9997720572 
   Exchange energy                         -148.0701719845 
   Correlation energy                        -8.9826904366 
   Correlation energy NL                      0.0000000000 
   Exchange-Correlation energy             -157.0528624212 
   Embedding correction                       0.0000000000 
   Total DFT Energy (No VdW correction)   -1376.5964985675 
# -----------------------------------------------------------
$ Mayer_Pop
   description: The Mayer population analysis
   geom. index: 1
   prop. index: 1
     Number of atoms                     : 56
     Threshold for printing              : 0.1000000
     Number of bond orders printed       : 60
  NA   - Mulliken gross atomic population
  ZA   - Total nuclear charge
  QA   - Mulliken gross atomic charge
  VA   - Mayer's total valence
  BVA  - Mayer's bonded valence
  FA   - Mayer's free valence
  ATOM       NA         ZA         QA         VA         BVA        FA
  0   0     5.9295     6.0000     0.0705     3.8932     3.8932     0.0000
  1   0     6.0073     6.0000    -0.0073     3.9441     3.9441     0.0000
  2   0     5.9976     6.0000     0.0024     3.8288     3.8288     0.0000
  3   0     6.0344     6.0000    -0.0344     3.7846     3.7846    -0.0000
  4   0     5.8204     6.0000     0.1796     3.7525     3.7525    -0.0000
  5   0     6.0188     6.0000    -0.0188     3.8371     3.8371    -0.0000
  6   0     6.0080     6.0000    -0.0080     3.8410     3.8410     0.0000
  7   0     6.0968     6.0000    -0.0968     4.0666     4.0666    -0.0000
  8   0     6.9499     7.0000     0.0501     3.0008     3.0008    -0.0000
  9   0     8.2530     8.0000    -0.2530     2.1042     2.1042    -0.0000
 10   0     5.7903     6.0000     0.2097     3.9123     3.9123    -0.0000
 11   0     6.0637     6.0000    -0.0637     3.7374     3.7374    -0.0000
 12   0     5.7754     6.0000     0.2246     4.1741     4.1741     0.0000
 13   0     8.2490     8.0000    -0.2490     2.2735     2.2735    -0.0000
 14   0     7.3048     7.0000    -0.3048     3.1906     3.1906     0.0000
 15   0     5.8107     6.0000     0.1893     4.1651     4.1651     0.0000
 16   0     8.2249     8.0000    -0.2249     2.2913     2.2913     0.0000
 17   0     5.7876     6.0000     0.2124     3.9337     3.9337    -0.0000
 18   0     5.9979     6.0000     0.0021     4.1036     4.1036    -0.0000
 19   0     5.9276     6.0000     0.0724     3.8841     3.8841     0.0000
 20   0     5.9297     6.0000     0.0703     3.8632     3.8632     0.0000
 21   0     6.0085     6.0000    -0.0085     3.8722     3.8722    -0.0000
 22   0     5.9652     6.0000     0.0348     3.8166     3.8166    -0.0000
 23   0     5.9687     6.0000     0.0313     3.8356     3.8356     0.0000
 24   0     5.9676     6.0000     0.0324     3.8561     3.8561     0.0000
 25   0     6.0263     6.0000    -0.0263     3.8661     3.8661     0.0000
 26   0     5.9291     6.0000     0.0709     3.8776     3.8776     0.0000
 27   0     6.0173     6.0000    -0.0173     3.8624     3.8624    -0.0000
 28   0     5.9704     6.0000     0.0296     3.8773     3.8773    -0.0000
 29   0     5.9771     6.0000     0.0229     3.8348     3.8348     0.0000
 30   0     5.9667     6.0000     0.0333     3.8157     3.8157     0.0000
 31   0     6.0005     6.0000    -0.0005     3.8623     3.8623     0.0000
 32   0     0.9870     1.0000     0.0130     0.9944     0.9944     0.0000
 33   0     0.9619     1.0000     0.0381     0.9875     0.9875     0.0000
 34   0     0.9754     1.0000     0.0246     0.9894     0.9894     0.0000
 35   0     1.0453     1.0000    -0.0453     0.9862     0.9862     0.0000
 36   0     1.0113     1.0000    -0.0113     0.9996     0.9996    -0.0000
 37   0     1.0329     1.0000    -0.0329     0.9975     0.9975     0.0000
 38   0     1.0350     1.0000    -0.0350     0.9859     0.9859     0.0000
 39   0     0.9784     1.0000     0.0216     0.9961     0.9961    -0.0000
 40   0     0.9414     1.0000     0.0586     0.9857     0.9857    -0.0000
 41   0     0.9749     1.0000     0.0251     1.0151     1.0151     0.0000
 42   0     0.9562     1.0000     0.0438     1.0206     1.0206    -0.0000
 43   0     0.9898     1.0000     0.0102     0.9838     0.9838    -0.0000
 44   0     0.9832     1.0000     0.0168     0.9967     0.9967     0.0000
 45   0     1.0138     1.0000    -0.0138     0.9877     0.9877    -0.0000
 46   0     1.0463     1.0000    -0.0463     0.9871     0.9871    -0.0000
 47   0     1.0241     1.0000    -0.0241     0.9756     0.9756     0.0000
 48   0     1.0284     1.0000    -0.0284     0.9756     0.9756    -0.0000
 49   0     1.0280     1.0000    -0.0280     0.9747     0.9747     0.0000
 50   0     1.0469     1.0000    -0.0469     0.9895     0.9895    -0.0000
 51   0     1.0425     1.0000    -0.0425     0.9848     0.9848     0.0000
 52   0     1.0295     1.0000    -0.0295     0.9751     0.9751    -0.0000
 53   0     1.0232     1.0000    -0.0232     0.9764     0.9764     0.0000
 54   0     1.0254     1.0000    -0.0254     0.9759     0.9759     0.0000
 55   0     1.0446     1.0000    -0.0446     0.9880     0.9880     0.0000
      Bond orders larger than 0.1000000
           Atom A     A.N. of A          Atom B    A.N. of B              Bond order
                0             6               1            6                1.064428
                0             6              32            1                0.957146
                0             6              33            1                0.949925
                0             6              34            1                0.955172
                1             6               2            6                1.375286
                1             6               6            6                1.376570
                2             6               3            6                1.354429
                2             6              35            1                0.995576
                3             6               4            6                1.340825
                3             6              36            1                1.000274
                4             6               5            6                1.362556
                4             6               7            6                1.021508
                5             6               6            6                1.365871
                5             6              37            1                0.975994
                6             6              38            1                0.990452
                7             6               8            7                1.895400
                7             6              11            6                0.965678
                8             7               9            8                0.936176
                9             8              10            6                0.988938
               10             6              11            6                1.044582
               10             6              15            6                0.903584
               10             6              39            1                0.915877
               11             6              12            6                0.892076
               11             6              40            1                0.854415
               12             6              13            8                2.090740
               12             6              14            7                1.076639
               14             7              15            6                1.058552
               14             7              17            6                0.889384
               15             6              16            8                2.103873
               17             6              18            6                1.105273
               17             6              41            1                0.925860
               17             6              42            1                0.907414
               18             6              19            6                1.087771
               18             6              43            1                0.921538
               18             6              44            1                0.923251
               19             6              20            6                0.995554
               19             6              26            6                1.000625
               19             6              45            1                0.845873
               20             6              21            6                1.381450
               20             6              25            6                1.394136
               21             6              22            6                1.397966
               21             6              46            1                0.986657
               22             6              23            6                1.359878
               22             6              47            1                0.984116
               23             6              24            6                1.406881
               23             6              48            1                0.993589
               24             6              25            6                1.371256
               24             6              49            1                0.985409
               25             6              50            1                0.985137
               26             6              27            6                1.375029
               26             6              31            6                1.395355
               27             6              28            6                1.400935
               27             6              51            1                0.990486
               28             6              29            6                1.390551
               28             6              52            1                0.979573
               29             6              30            6                1.373672
               29             6              53            1                0.988776
               30             6              31            6                1.380547
               30             6              54            1                0.990374
               31             6              55            1                0.983735
# -----------------------------------------------------------
$ Calculation_Info
   description: Details of the calculation
   geom. index: 1
   prop. index: 1
     Multiplicity:                          1
     Charge:                                0
     number of atoms:                       56
     number of electrons:                   0
     number of frozen core electrons:       1
     number of correlated electrons:        0
     number of basis functions:             568
     number of aux C basis functions:       0
     number of aux J basis functions:       1832
     number of aux JK basis functions:      0
     number of aux CABS basis functions:    0
     Total Energy                           -1376.596499
# -----------------------------------------------------------
$ SCF_Electric_Properties
   description: The SCF Calculated Electric Properties
   geom. index: 1
   prop. index: 1
       Filename                          : 276.scfp 
       Do Dipole Moment Calculation      : true 
       Do Quadrupole Moment Calculation  : false 
       Do Polarizability Calculation     : true 
** Dipole moment part of electric properties **
        Magnitude of dipole moment (Debye) :        4.0519544537
        Electronic Contribution:
                  0    
      0       3.914666
      1       9.421665
      2      10.813101
        Nuclear Contribution:
                  0    
      0      -3.674380
      1      -9.749242
      2     -12.354595
        Total Dipole moment:
                  0    
      0       0.240285
      1      -0.327577
      2      -1.541494
** Polarizabilities part of electric properties **
        Isotropic polarizability :      302.0172807850
        The raw cartesian tensor (atomic units):
                  0          1          2    
      0     340.487434 -66.636046 -13.235377
      1     -66.636046 293.545140  38.578002
      2     -13.235377  38.578002 272.019268
        Diagonalised polarizability tensor :
                  0    
      0     230.111644
      1     279.218164
      2     396.722034
# -------------------------------------------------------------
----------------------- !GEOMETRIES! ------------------------
# -------------------------------------------------------------
------------------------ !GEOMETRY! -------------------------
    Number of atoms:    56 
    Geometry Index:     1 
    Coordinates:
               0 C      7.995067000000   -2.082872000000   -0.975505000000
               1 C      6.894970000000   -1.294131000000   -0.356646000000
               2 C      6.931355000000   -0.869170000000    0.951403000000
               3 C      5.889631000000   -0.135399000000    1.498776000000
               4 C      4.782472000000    0.192184000000    0.748390000000
               5 C      4.741902000000   -0.231281000000   -0.561736000000
               6 C      5.784889000000   -0.962924000000   -1.100883000000
               7 C      3.691501000000    0.964271000000    1.332350000000
               8 N      3.620413000000    1.410925000000    2.537899000000
               9 O      2.457483000000    2.099842000000    2.765900000000
              10 C      1.932381000000    2.450412000000    1.522539000000
              11 C      2.459469000000    1.366597000000    0.603632000000
              12 C      1.409045000000    0.331890000000    0.636364000000
              13 O      1.616269000000   -0.889817000000    0.328665000000
              14 N      0.187026000000    0.905870000000    1.050007000000
              15 C      0.448184000000    2.188550000000    1.569273000000
              16 O     -0.416827000000    2.986279000000    2.001890000000
              17 C     -1.157791000000    0.299194000000    0.969950000000
              18 C     -1.708457000000    0.687260000000   -0.342559000000
              19 C     -3.059811000000    0.250799000000   -0.744842000000
              20 C     -3.334081000000   -1.182934000000   -0.803720000000
              21 C     -3.605359000000   -1.859014000000   -2.005400000000
              22 C     -3.871871000000   -3.204636000000   -2.054266000000
              23 C     -3.886913000000   -3.967962000000   -0.915247000000
              24 C     -3.630086000000   -3.354512000000    0.268328000000
              25 C     -3.360482000000   -1.989840000000    0.313289000000
              26 C     -4.145387000000    1.097113000000   -0.201298000000
              27 C     -4.476194000000    1.111589000000    1.135200000000
              28 C     -5.496967000000    1.932799000000    1.576085000000
              29 C     -6.219663000000    2.760565000000    0.717697000000
              30 C     -5.896076000000    2.752793000000   -0.622072000000
              31 C     -4.888963000000    1.939452000000   -1.041220000000
              32 H      8.936570000000   -1.998393000000   -0.396796000000
              33 H      7.715285000000   -3.147723000000   -1.069489000000
              34 H      8.234162000000   -1.705660000000   -2.008301000000
              35 H      7.786378000000   -1.118101000000    1.542831000000
              36 H      5.953578000000    0.183977000000    2.538531000000
              37 H      3.861823000000    0.034380000000   -1.142708000000
              38 H      5.715815000000   -1.280910000000   -2.144483000000
              39 H      2.161241000000    3.461846000000    1.185244000000
              40 H      2.671931000000    1.760040000000   -0.399761000000
              41 H     -1.686632000000    0.602242000000    1.866839000000
              42 H     -1.021311000000   -0.815523000000    0.981713000000
              43 H     -0.919529000000    0.375475000000   -1.109818000000
              44 H     -1.612923000000    1.822758000000   -0.404117000000
              45 H     -3.048193000000    0.532172000000   -1.902433000000
              46 H     -3.606555000000   -1.308597000000   -2.928471000000
              47 H     -4.079186000000   -3.702585000000   -3.003853000000
              48 H     -4.095219000000   -5.026014000000   -0.944143000000
              49 H     -3.635659000000   -3.935530000000    1.185849000000
              50 H     -3.178130000000   -1.596538000000    1.284897000000
              51 H     -3.979977000000    0.502615000000    1.872725000000
              52 H     -5.724632000000    1.914231000000    2.632989000000
              53 H     -7.012860000000    3.388104000000    1.110631000000
              54 H     -6.469472000000    3.403527000000   -1.275355000000
              55 H     -4.653633000000    1.950313000000   -2.095462000000
