-------------------------------------------------------------
----------------------- !PROPERTIES! ------------------------
-------------------------------------------------------------
# -----------------------------------------------------------
$ SCF_Energy
   description: The SCF energy
   geom. index: 1
   prop. index: 1
        SCF Energy:    -2228.7069898492
# -----------------------------------------------------------
$ DFT_Energy
   description: The DFT energy
   geom. index: 1
   prop. index: 1
   Number of Alpha Electrons                113.9999667406 
   Number of Beta  Electrons                113.9999667406 
   Total number of  Electrons               227.9999334811 
   Exchange energy                         -179.0955340296 
   Correlation energy                        -9.6317026622 
   Correlation energy NL                      0.0000000000 
   Exchange-Correlation energy             -188.7272366918 
   Embedding correction                       0.0000000000 
   Total DFT Energy (No VdW correction)   -2228.7069898492 
# -----------------------------------------------------------
$ Mayer_Pop
   description: The Mayer population analysis
   geom. index: 1
   prop. index: 1
     Number of atoms                     : 44
     Threshold for printing              : 0.1000000
     Number of bond orders printed       : 47
  NA   - Mulliken gross atomic population
  ZA   - Total nuclear charge
  QA   - Mulliken gross atomic charge
  VA   - Mayer's total valence
  BVA  - Mayer's bonded valence
  FA   - Mayer's free valence
  ATOM       NA         ZA         QA         VA         BVA        FA
  0   0     6.0569     6.0000    -0.0569     3.8705     3.8705     0.0000
  1   0    15.1941    16.0000     0.8059     5.2259     5.2259     0.0000
  2   0     8.4910     8.0000    -0.4910     1.8965     1.8965     0.0000
  3   0     8.4818     8.0000    -0.4818     1.9041     1.9041    -0.0000
  4   0     7.3238     7.0000    -0.3238     2.9780     2.9780    -0.0000
  5   0     5.8588     6.0000     0.1412     3.9226     3.9226     0.0000
  6   0     5.8817     6.0000     0.1183     4.0127     4.0127     0.0000
  7   0     5.8702     6.0000     0.1298     3.7316     3.7316     0.0000
  8   0     6.0071     6.0000    -0.0071     3.8454     3.8454    -0.0000
  9   0     5.9768     6.0000     0.0232     3.9199     3.9199    -0.0000
 10   0     5.9217     6.0000     0.0783     3.8595     3.8595     0.0000
 11   0     5.9830     6.0000     0.0170     3.9302     3.9302    -0.0000
 12   0     6.0126     6.0000    -0.0126     3.8910     3.8910    -0.0000
 13   0    17.0999    17.0000    -0.0999     1.1157     1.1157     0.0000
 14   0     7.1717     7.0000    -0.1717     3.1785     3.1785     0.0000
 15   0     5.9256     6.0000     0.0744     4.2547     4.2547    -0.0000
 16   0     7.1237     7.0000    -0.1237     3.1177     3.1177     0.0000
 17   0     5.9029     6.0000     0.0971     4.0241     4.0241     0.0000
 18   0     6.0517     6.0000    -0.0517     3.7566     3.7566    -0.0000
 19   0     5.9106     6.0000     0.0894     3.9838     3.9838    -0.0000
 20   0     7.1348     7.0000    -0.1348     3.1150     3.1150    -0.0000
 21   0     5.8649     6.0000     0.1351     3.9879     3.9879    -0.0000
 22   0     7.1050     7.0000    -0.1050     2.9875     2.9875    -0.0000
 23   0     7.1174     7.0000    -0.1174     2.9659     2.9659     0.0000
 24   0     5.9907     6.0000     0.0093     3.9681     3.9681     0.0000
 25   0     8.1366     8.0000    -0.1366     2.4357     2.4357     0.0000
 26   0     5.4387     6.0000     0.5613     4.1576     4.1576    -0.0000
 27   0     9.2256     9.0000    -0.2256     1.1265     1.1265    -0.0000
 28   0     9.2067     9.0000    -0.2067     1.1485     1.1485     0.0000
 29   0     0.9436     1.0000     0.0564     1.0039     1.0039     0.0000
 30   0     0.8957     1.0000     0.1043     1.0052     1.0052    -0.0000
 31   0     0.9193     1.0000     0.0807     0.9983     0.9983    -0.0000
 32   0     0.8566     1.0000     0.1434     0.9984     0.9984    -0.0000
 33   0     0.9589     1.0000     0.0411     1.0228     1.0228     0.0000
 34   0     0.9963     1.0000     0.0037     0.9830     0.9830     0.0000
 35   0     1.0089     1.0000    -0.0089     0.9955     0.9955     0.0000
 36   0     1.0453     1.0000    -0.0453     0.9938     0.9938    -0.0000
 37   0     1.0229     1.0000    -0.0229     0.9967     0.9967    -0.0000
 38   0     1.0244     1.0000    -0.0244     0.9977     0.9977    -0.0000
 39   0     1.0369     1.0000    -0.0369     0.9884     0.9884    -0.0000
 40   0     0.8650     1.0000     0.1350     1.0063     1.0063     0.0000
 41   0     0.9745     1.0000     0.0255     1.0111     1.0111    -0.0000
 42   0     0.9953     1.0000     0.0047     1.0015     1.0015     0.0000
 43   0     0.9902     1.0000     0.0098     0.9950     0.9950    -0.0000
      Bond orders larger than 0.1000000
           Atom A     A.N. of A          Atom B    A.N. of B              Bond order
                0             6               1           16                0.886526
                0             6              29            1                0.943001
                0             6              30            1                0.942030
                0             6              31            1                0.946360
                1            16               2            8                1.668774
                1            16               3            8                1.651259
                1            16               4            7                0.913659
                4             7               5            6                0.973134
                4             7              32            1                0.901168
                5             6               6            6                1.049010
                5             6              33            1                0.918023
                5             6              34            1                0.934996
                6             6               7            6                0.985772
                6             6              14            7                1.002833
                6             6              35            1                0.902514
                7             6               8            6                1.365776
                7             6              12            6                1.367259
                8             6               9            6                1.373364
                8             6              36            1                0.990415
                9             6              10            6                1.399318
                9             6              37            1                0.990090
               10             6              11            6                1.401189
               10             6              13           17                0.967764
               11             6              12            6                1.374536
               11             6              38            1                0.986388
               12             6              39            1                0.984259
               14             7              15            6                1.154481
               14             7              40            1                0.911959
               15             6              16            7                1.435012
               15             6              20            7                1.450204
               16             7              17            6                1.532224
               17             6              18            6                1.362019
               17             6              41            1                0.975378
               18             6              19            6                1.311980
               18             6              21            6                1.026127
               19             6              20            7                1.536199
               19             6              42            1                0.988486
               21             6              22            7                1.600291
               21             6              24            6                0.109433
               21             6              25            8                1.184438
               22             7              23            7                1.275513
               23             7              24            6                1.577786
               24             6              25            8                1.182916
               24             6              26            6                1.014108
               26             6              27            9                1.081048
               26             6              28            9                1.103678
               26             6              43            1                0.937405
# -----------------------------------------------------------
$ Calculation_Info
   description: Details of the calculation
   geom. index: 1
   prop. index: 1
     Multiplicity:                          1
     Charge:                                0
     number of atoms:                       44
     number of electrons:                   0
     number of frozen core electrons:       1
     number of correlated electrons:        0
     number of basis functions:             489
     number of aux C basis functions:       0
     number of aux J basis functions:       1590
     number of aux JK basis functions:      0
     number of aux CABS basis functions:    0
     Total Energy                           -2228.706990
# -----------------------------------------------------------
$ SCF_Electric_Properties
   description: The SCF Calculated Electric Properties
   geom. index: 1
   prop. index: 1
       Filename                          : 215.scfp 
       Do Dipole Moment Calculation      : true 
       Do Quadrupole Moment Calculation  : false 
       Do Polarizability Calculation     : true 
** Dipole moment part of electric properties **
        Magnitude of dipole moment (Debye) :        8.9055193495
        Electronic Contribution:
                  0    
      0      39.558225
      1     -19.127654
      2       5.500241
        Nuclear Contribution:
                  0    
      0     -38.905331
      1      22.531072
      2      -6.015896
        Total Dipole moment:
                  0    
      0       0.652894
      1       3.403418
      2      -0.515656
** Polarizabilities part of electric properties **
        Isotropic polarizability :      261.0558298513
        The raw cartesian tensor (atomic units):
                  0          1          2    
      0     352.314813 -22.352912   8.929664
      1     -22.352912 249.758433  -2.043494
      2       8.929664  -2.043494 181.094243
        Diagonalised polarizability tensor :
                  0    
      0     180.618108
      1     245.098705
      2     357.450677
# -------------------------------------------------------------
----------------------- !GEOMETRIES! ------------------------
# -------------------------------------------------------------
------------------------ !GEOMETRY! -------------------------
    Number of atoms:    44 
    Geometry Index:     1 
    Coordinates:
               0 C     -5.606716000000    3.068482000000   -1.046679000000
               1 S     -5.531982000000    1.435825000000   -0.382741000000
               2 O     -6.569307000000    0.588911000000   -1.064166000000
               3 O     -5.865847000000    1.484293000000    1.074415000000
               4 N     -4.010393000000    0.694071000000   -0.614732000000
               5 C     -2.933389000000    1.408953000000    0.040173000000
               6 C     -1.656759000000    0.643396000000   -0.249055000000
               7 C     -1.708703000000   -0.735917000000    0.257982000000
               8 C     -1.548754000000   -1.060213000000    1.593337000000
               9 C     -1.602310000000   -2.355850000000    2.042507000000
              10 C     -1.819525000000   -3.387843000000    1.168861000000
              11 C     -1.981582000000   -3.085837000000   -0.167160000000
              12 C     -1.926598000000   -1.779783000000   -0.612900000000
              13 Cl    -1.891044000000   -5.063445000000    1.733859000000
              14 N     -0.556923000000    1.398857000000    0.308095000000
              15 C      0.773382000000    0.914306000000    0.185837000000
              16 N      0.968615000000   -0.244936000000   -0.451635000000
              17 C      2.235538000000   -0.696988000000   -0.562591000000
              18 C      3.313829000000   -0.017375000000   -0.051017000000
              19 C      3.069691000000    1.172858000000    0.598441000000
              20 N      1.794694000000    1.636071000000    0.714817000000
              21 C      4.667326000000   -0.544666000000   -0.194813000000
              22 N      5.088693000000   -1.660452000000   -0.781567000000
              23 N      6.404049000000   -1.720158000000   -0.663477000000
              24 C      6.825909000000   -0.626268000000    0.008310000000
              25 O      5.754502000000    0.045372000000    0.266942000000
              26 C      8.195526000000   -0.238016000000    0.387806000000
              27 F      8.709099000000   -1.217870000000    1.242432000000
              28 F      9.005334000000   -0.171089000000   -0.728679000000
              29 H     -4.707658000000    3.630236000000   -0.758691000000
              30 H     -6.512339000000    3.560061000000   -0.591576000000
              31 H     -5.759516000000    3.055838000000   -2.155310000000
              32 H     -3.792623000000    0.561103000000   -1.615513000000
              33 H     -3.107797000000    1.575340000000    1.100543000000
              34 H     -2.820449000000    2.408588000000   -0.442491000000
              35 H     -1.565019000000    0.601022000000   -1.364361000000
              36 H     -1.377481000000   -0.281119000000    2.304330000000
              37 H     -1.474304000000   -2.598736000000    3.100404000000
              38 H     -2.153126000000   -3.919726000000   -0.844957000000
              39 H     -2.062322000000   -1.599973000000   -1.685335000000
              40 H     -0.739755000000    2.288476000000    0.793497000000
              41 H      2.437827000000   -1.631857000000   -1.071486000000
              42 H      3.863420000000    1.757040000000    1.022781000000
              43 H      8.174787000000    0.709019000000    0.925090000000
