-------------------------------------------------------------
----------------------- !PROPERTIES! ------------------------
-------------------------------------------------------------
# -------------------------------------------------------------
----------------------- !GEOMETRIES! ------------------------
# -------------------------------------------------------------
------------------------ !GEOMETRY! -------------------------
    Number of atoms:    55 
    Geometry Index:     1 
    Coordinates:
               0  C      1.125450000000   -1.541374000000    2.162158000000
               1  C      1.661315000000   -0.448013000000    1.292933000000
               2  C      3.111006000000   -0.781759000000    1.005435000000
               3  C      3.835818000000    0.355986000000    0.342091000000
               4  C      2.827169000000    1.342412000000   -0.145986000000
               5  C      1.701016000000    0.611596000000   -0.891623000000
               6  C      0.860181000000   -0.182819000000    0.063252000000
               7  C      0.255942000000   -1.413186000000   -0.550986000000
               8  C     -1.209503000000   -1.221004000000   -0.665301000000
               9  C     -2.042676000000   -1.950877000000    0.320116000000
              10  C     -2.873682000000   -0.935535000000    1.079264000000
              11  C     -2.795364000000    0.347382000000    0.282545000000
              12  C     -1.479681000000    0.224071000000   -0.406102000000
              13  C     -0.314004000000    0.736983000000    0.361512000000
              14  C      0.035149000000    2.084138000000   -0.195143000000
              15  C      0.827152000000    1.727130000000   -1.433064000000
              16  C     -2.965354000000    1.576084000000    1.104513000000
              17  C     -3.887503000000    0.371488000000   -0.789116000000
              18  C     -1.701932000000   -1.598901000000   -2.068516000000
              19  C      2.277058000000   -0.160967000000   -2.013657000000
              20  O      3.416276000000    2.261990000000   -1.027593000000
              21  H      0.058393000000   -1.403385000000    2.429620000000
              22  H      1.677487000000   -1.466530000000    3.146095000000
              23  H      1.354661000000   -2.563528000000    1.792929000000
              24  H      1.684054000000    0.484498000000    1.930085000000
              25  H      3.593163000000   -0.918434000000    2.015508000000
              26  H      3.233327000000   -1.749149000000    0.492231000000
              27  H      4.497328000000    0.030031000000   -0.476556000000
              28  H      4.508468000000    0.908261000000    1.062457000000
              29  H      2.451306000000    1.921131000000    0.702667000000
              30  H      0.485660000000   -2.343617000000   -0.039125000000
              31  H      0.668845000000   -1.515040000000   -1.594471000000
              32  H     -1.494836000000   -2.583220000000    1.031796000000
              33  H     -2.791663000000   -2.636968000000   -0.174024000000
              34  H     -2.474522000000   -0.745882000000    2.096156000000
              35  H     -3.932017000000   -1.245703000000    1.186790000000
              36  H     -1.569292000000    0.728709000000   -1.404956000000
              37  H     -0.449512000000    0.723940000000    1.457490000000
              38  H      0.565540000000    2.739110000000    0.484607000000
              39  H     -0.891326000000    2.605579000000   -0.540057000000
              40  H      1.459594000000    2.572704000000   -1.764897000000
              41  H      0.180738000000    1.415633000000   -2.254930000000
              42  H     -2.076003000000    1.946396000000    1.603254000000
              43  H     -3.726285000000    1.364440000000    1.906904000000
              44  H     -3.380865000000    2.413028000000    0.489915000000
              45  H     -3.446102000000    0.925935000000   -1.655055000000
              46  H     -4.138972000000   -0.637724000000   -1.139598000000
              47  H     -4.764383000000    0.958747000000   -0.464302000000
              48  H     -1.918444000000   -0.680955000000   -2.661692000000
              49  H     -2.594353000000   -2.260019000000   -2.015373000000
              50  H     -0.901113000000   -2.217253000000   -2.536379000000
              51  H      2.670011000000   -1.152820000000   -1.763192000000
              52  H      1.558358000000   -0.199537000000   -2.877933000000
              53  H      3.158082000000    0.420929000000   -2.416474000000
              54  H      4.080842000000    2.755866000000   -0.491801000000
