-------------------------------------------------------------
----------------------- !PROPERTIES! ------------------------
-------------------------------------------------------------
# -----------------------------------------------------------
$ SCF_Energy
   description: The SCF energy
   geom. index: 1
   prop. index: 1
        SCF Energy:    -2006.7789282162
# -----------------------------------------------------------
$ DFT_Energy
   description: The DFT energy
   geom. index: 1
   prop. index: 1
   Number of Alpha Electrons                117.9999797414 
   Number of Beta  Electrons                117.9999797414 
   Total number of  Electrons               235.9999594827 
   Exchange energy                         -177.6222601667 
   Correlation energy                        -9.8919911560 
   Correlation energy NL                      0.0000000000 
   Exchange-Correlation energy             -187.5142513227 
   Embedding correction                       0.0000000000 
   Total DFT Energy (No VdW correction)   -2006.7789282162 
# -----------------------------------------------------------
$ Mayer_Pop
   description: The Mayer population analysis
   geom. index: 1
   prop. index: 1
     Number of atoms                     : 47
     Threshold for printing              : 0.1000000
     Number of bond orders printed       : 50
  NA   - Mulliken gross atomic population
  ZA   - Total nuclear charge
  QA   - Mulliken gross atomic charge
  VA   - Mayer's total valence
  BVA  - Mayer's bonded valence
  FA   - Mayer's free valence
  ATOM       NA         ZA         QA         VA         BVA        FA
  0   0     5.8792     6.0000     0.1208     3.8970     3.8970     0.0000
  1   0     7.4397     7.0000    -0.4397     2.9722     2.9722     0.0000
  2   0     5.8235     6.0000     0.1765     3.9095     3.9095    -0.0000
  3   0     5.8688     6.0000     0.1312     3.9472     3.9472     0.0000
  4   0     6.0571     6.0000    -0.0571     3.8023     3.8023     0.0000
  5   0     5.7305     6.0000     0.2695     3.8839     3.8839     0.0000
  6   0     6.1282     6.0000    -0.1282     3.7532     3.7532    -0.0000
  7   0     5.6619     6.0000     0.3381     3.8006     3.8006     0.0000
  8   0     6.0662     6.0000    -0.0662     3.7615     3.7615    -0.0000
  9   0     5.9250     6.0000     0.0750     3.9079     3.9079    -0.0000
 10   0     9.2075     9.0000    -0.2075     1.1587     1.1587     0.0000
 11   0     9.1925     9.0000    -0.1925     1.1918     1.1918    -0.0000
 12   0     7.1927     7.0000    -0.1927     3.1813     3.1813    -0.0000
 13   0     5.9029     6.0000     0.0971     4.2151     4.2151     0.0000
 14   0     7.1618     7.0000    -0.1618     3.1143     3.1143     0.0000
 15   0     5.9046     6.0000     0.0954     3.9858     3.9858     0.0000
 16   0     6.0734     6.0000    -0.0734     3.7940     3.7940     0.0000
 17   0     5.8972     6.0000     0.1028     4.0170     4.0170     0.0000
 18   0     7.1079     7.0000    -0.1079     3.1190     3.1190     0.0000
 19   0     5.8430     6.0000     0.1570     3.9610     3.9610     0.0000
 20   0     7.1524     7.0000    -0.1524     2.9818     2.9818    -0.0000
 21   0     7.0937     7.0000    -0.0937     2.9507     2.9507    -0.0000
 22   0     5.9855     6.0000     0.0145     3.9175     3.9175     0.0000
 23   0     8.1320     8.0000    -0.1320     2.4323     2.4323     0.0000
 24   0     5.4672     6.0000     0.5328     4.1641     4.1641    -0.0000
 25   0     9.2290     9.0000    -0.2290     1.1187     1.1187    -0.0000
 26   0     9.1883     9.0000    -0.1883     1.1684     1.1684    -0.0000
 27   0    15.1919    16.0000     0.8081     5.1715     5.1715    -0.0000
 28   0     8.4614     8.0000    -0.4614     1.9401     1.9401    -0.0000
 29   0     8.5039     8.0000    -0.5039     1.8716     1.8716     0.0000
 30   0     6.0491     6.0000    -0.0491     3.8719     3.8719     0.0000
 31   0     0.9625     1.0000     0.0375     0.9941     0.9941    -0.0000
 32   0     0.9431     1.0000     0.0569     0.9930     0.9930     0.0000
 33   0     0.9764     1.0000     0.0236     1.0137     1.0137     0.0000
 34   0     1.0175     1.0000    -0.0175     1.0120     1.0120    -0.0000
 35   0     0.9684     1.0000     0.0316     1.0375     1.0375    -0.0000
 36   0     0.9597     1.0000     0.0403     1.0542     1.0542     0.0000
 37   0     1.0190     1.0000    -0.0190     1.0057     1.0057     0.0000
 38   0     1.0233     1.0000    -0.0233     0.9892     0.9892     0.0000
 39   0     1.0589     1.0000    -0.0589     0.9998     0.9998    -0.0000
 40   0     0.8508     1.0000     0.1492     0.9983     0.9983    -0.0000
 41   0     1.0021     1.0000    -0.0021     0.9958     0.9958    -0.0000
 42   0     0.9668     1.0000     0.0332     1.0184     1.0184    -0.0000
 43   0     0.9912     1.0000     0.0088     0.9905     0.9905     0.0000
 44   0     0.9186     1.0000     0.0814     1.0038     1.0038     0.0000
 45   0     0.9260     1.0000     0.0740     0.9979     0.9979     0.0000
 46   0     0.8975     1.0000     0.1025     1.0056     1.0056     0.0000
      Bond orders larger than 0.1000000
           Atom A     A.N. of A          Atom B    A.N. of B              Bond order
                0             6               1            7                0.936901
                0             6              31            1                0.960002
                0             6              32            1                0.972340
                0             6              33            1                0.960175
                1             7               2            6                0.954288
                1             7              27           16                0.898120
                2             6               3            6                1.076290
                2             6              34            1                0.902955
                2             6              35            1                0.894205
                3             6               4            6                0.952088
                3             6              12            7                0.981537
                3             6              36            1                0.869529
                4             6               5            6                1.359912
                4             6               9            6                1.447065
                5             6               6            6                1.322726
                5             6              11            9                1.111941
                6             6               7            6                1.312305
                6             6              37            1                1.004581
                7             6               8            6                1.336250
                7             6              10            9                1.076168
                8             6               9            6                1.334478
                8             6              38            1                0.994126
                9             6              39            1                0.961036
               12             7              13            6                1.161515
               12             7              40            1                0.915204
               13             6              14            7                1.403609
               13             6              18            7                1.438380
               14             7              15            6                1.500512
               15             6              16            6                1.363368
               15             6              41            1                0.981674
               16             6              17            6                1.328520
               16             6              19            6                1.030207
               17             6              18            7                1.564573
               17             6              42            1                0.968236
               19             6              20            7                1.575440
               19             6              22            6                0.109209
               19             6              23            8                1.194102
               20             7              21            7                1.273999
               21             7              22            6                1.569676
               22             6              23            8                1.166731
               22             6              24            6                0.989837
               24             6              25            9                1.076899
               24             6              26            9                1.125343
               24             6              43            1                0.945416
               27            16              28            8                1.639181
               27            16              29            8                1.613468
               27            16              30            6                0.883999
               30             6              44            1                0.940644
               30             6              45            1                0.936988
               30             6              46            1                0.937566
# -----------------------------------------------------------
$ Calculation_Info
   description: Details of the calculation
   geom. index: 1
   prop. index: 1
     Multiplicity:                          1
     Charge:                                0
     number of atoms:                       47
     number of electrons:                   0
     number of frozen core electrons:       1
     number of correlated electrons:        0
     number of basis functions:             518
     number of aux C basis functions:       0
     number of aux J basis functions:       1697
     number of aux JK basis functions:      0
     number of aux CABS basis functions:    0
     Total Energy                           -2006.778928
# -----------------------------------------------------------
$ SCF_Electric_Properties
   description: The SCF Calculated Electric Properties
   geom. index: 1
   prop. index: 1
       Filename                          : 237.scfp 
       Do Dipole Moment Calculation      : true 
       Do Quadrupole Moment Calculation  : false 
       Do Polarizability Calculation     : true 
** Dipole moment part of electric properties **
        Magnitude of dipole moment (Debye) :        5.6325598420
        Electronic Contribution:
                  0    
      0      33.121722
      1     -22.218625
      2      -6.030244
        Nuclear Contribution:
                  0    
      0     -32.902955
      1      24.292472
      2       6.779805
        Total Dipole moment:
                  0    
      0       0.218767
      1       2.073847
      2       0.749561
** Polarizabilities part of electric properties **
        Isotropic polarizability :      259.9072344745
        The raw cartesian tensor (atomic units):
                  0          1          2    
      0     350.746747 -14.525778   9.071834
      1     -14.525778 210.436119  -6.474473
      2       9.071834  -6.474473 218.538837
        Diagonalised polarizability tensor :
                  0    
      0     206.319557
      1     220.468437
      2     352.933709
# -------------------------------------------------------------
----------------------- !GEOMETRIES! ------------------------
# -------------------------------------------------------------
------------------------ !GEOMETRY! -------------------------
    Number of atoms:    47 
    Geometry Index:     1 
    Coordinates:
               0 C     -2.214262000000    2.084265000000    2.465858000000
               1 N     -2.791652000000    1.361249000000    1.331238000000
               2 C     -1.853401000000    1.273916000000    0.237403000000
               3 C     -2.073013000000    0.020548000000   -0.520925000000
               4 C     -1.906347000000   -1.238660000000    0.211572000000
               5 C     -2.323669000000   -2.408245000000   -0.379489000000
               6 C     -2.177021000000   -3.630224000000    0.262756000000
               7 C     -1.605715000000   -3.706169000000    1.517725000000
               8 C     -1.182058000000   -2.533922000000    2.121186000000
               9 C     -1.340506000000   -1.308396000000    1.452254000000
              10 F     -1.458652000000   -4.901408000000    2.153062000000
              11 F     -2.888106000000   -2.419010000000   -1.596871000000
              12 N     -1.216492000000   -0.066688000000   -1.711620000000
              13 C      0.199510000000   -0.145329000000   -1.502601000000
              14 N      0.725288000000   -0.148511000000   -0.265746000000
              15 C      2.075408000000   -0.224273000000   -0.082635000000
              16 C      2.953456000000   -0.299451000000   -1.137284000000
              17 C      2.393622000000   -0.294558000000   -2.408504000000
              18 N      1.056713000000   -0.218370000000   -2.532272000000
              19 C      4.396700000000   -0.388462000000   -0.973716000000
              20 N      5.282029000000   -0.429952000000   -1.988493000000
              21 N      6.516189000000   -0.508433000000   -1.527017000000
              22 C      6.402993000000   -0.516792000000   -0.184082000000
              23 O      5.124394000000   -0.444185000000    0.109447000000
              24 C      7.585593000000   -0.596369000000    0.717966000000
              25 F      8.256919000000    0.623802000000    0.717291000000
              26 F      8.457354000000   -1.590492000000    0.397788000000
              27 S     -4.287220000000    2.061512000000    0.862081000000
              28 O     -4.952701000000    1.173015000000   -0.135267000000
              29 O     -5.173596000000    2.057728000000    2.097264000000
              30 C     -4.159208000000    3.721838000000    0.329357000000
              31 H     -1.106857000000    2.060956000000    2.428751000000
              32 H     -2.503416000000    1.498678000000    3.368454000000
              33 H     -2.643343000000    3.080993000000    2.586485000000
              34 H     -2.024663000000    2.128433000000   -0.460156000000
              35 H     -0.818567000000    1.405718000000    0.612364000000
              36 H     -3.133746000000    0.017798000000   -0.920716000000
              37 H     -2.503716000000   -4.535044000000   -0.202814000000
              38 H     -0.724313000000   -2.517672000000    3.105044000000
              39 H     -1.006420000000   -0.397402000000    1.910356000000
              40 H     -1.619515000000   -0.072083000000   -2.671487000000
              41 H      2.510033000000   -0.227901000000    0.907766000000
              42 H      3.067854000000   -0.353780000000   -3.260466000000
              43 H      7.258695000000   -0.741464000000    1.775463000000
              44 H     -3.891272000000    4.377976000000    1.179701000000
              45 H     -3.508076000000    3.866103000000   -0.555284000000
              46 H     -5.175227000000    4.048714000000    0.005843000000
