-------------------------------------------------------------
----------------------- !PROPERTIES! ------------------------
-------------------------------------------------------------
# -----------------------------------------------------------
$ SCF_Energy
   description: The SCF energy
   geom. index: 1
   prop. index: 1
        SCF Energy:    -1014.4896038881
# -----------------------------------------------------------
$ DFT_Energy
   description: The DFT energy
   geom. index: 1
   prop. index: 1
   Number of Alpha Electrons                 82.0000910369 
   Number of Beta  Electrons                 82.0000910369 
   Total number of  Electrons               164.0001820737 
   Exchange energy                         -108.5881130535 
   Correlation energy                        -6.5910565648 
   Correlation energy NL                      0.0000000000 
   Exchange-Correlation energy             -115.1791696183 
   Embedding correction                       0.0000000000 
   Total DFT Energy (No VdW correction)   -1014.4896038881 
# -----------------------------------------------------------
$ Mayer_Pop
   description: The Mayer population analysis
   geom. index: 1
   prop. index: 1
     Number of atoms                     : 42
     Threshold for printing              : 0.1000000
     Number of bond orders printed       : 45
  NA   - Mulliken gross atomic population
  ZA   - Total nuclear charge
  QA   - Mulliken gross atomic charge
  VA   - Mayer's total valence
  BVA  - Mayer's bonded valence
  FA   - Mayer's free valence
  ATOM       NA         ZA         QA         VA         BVA        FA
  0   0     5.9352     6.0000     0.0648     3.9838     3.9838     0.0000
  1   0     5.9208     6.0000     0.0792     3.9942     3.9942    -0.0000
  2   0     5.9280     6.0000     0.0720     3.8854     3.8854    -0.0000
  3   0     6.1503     6.0000    -0.1503     3.6869     3.6869    -0.0000
  4   0     5.7472     6.0000     0.2528     3.9152     3.9152     0.0000
  5   0     6.0805     6.0000    -0.0805     3.8107     3.8107     0.0000
  6   0     5.9564     6.0000     0.0436     3.9533     3.9533     0.0000
  7   0     6.9710     7.0000     0.0290     3.3338     3.3338     0.0000
  8   0     6.0052     6.0000    -0.0052     4.3891     4.3891     0.0000
  9   0     8.2935     8.0000    -0.2935     2.2604     2.2604     0.0000
 10   0     5.8950     6.0000     0.1050     3.7814     3.7814     0.0000
 11   0     6.0365     6.0000    -0.0365     3.8394     3.8394    -0.0000
 12   0     5.9718     6.0000     0.0282     3.8614     3.8614    -0.0000
 13   0     5.9732     6.0000     0.0268     3.8252     3.8252    -0.0000
 14   0     5.9728     6.0000     0.0272     3.8262     3.8262    -0.0000
 15   0     6.0022     6.0000    -0.0022     3.8653     3.8653     0.0000
 16   0     8.3274     8.0000    -0.3274     2.1549     2.1549     0.0000
 17   0     5.9503     6.0000     0.0497     3.9384     3.9384    -0.0000
 18   0     6.0047     6.0000    -0.0047     3.8432     3.8432     0.0000
 19   0     6.1837     6.0000    -0.1837     4.1378     4.1378     0.0000
 20   0     5.8956     6.0000     0.1044     3.9105     3.9105    -0.0000
 21   0     5.7064     6.0000     0.2936     3.9905     3.9905    -0.0000
 22   0     8.3094     8.0000    -0.3094     2.1122     2.1122     0.0000
 23   0     0.9671     1.0000     0.0329     1.0123     1.0123     0.0000
 24   0     1.0094     1.0000    -0.0094     0.9889     0.9889     0.0000
 25   0     0.9952     1.0000     0.0048     0.9936     0.9936     0.0000
 26   0     0.9956     1.0000     0.0044     0.9830     0.9830    -0.0000
 27   0     1.0034     1.0000    -0.0034     1.0264     1.0264    -0.0000
 28   0     0.9944     1.0000     0.0056     0.9994     0.9994     0.0000
 29   0     0.8542     1.0000     0.1458     1.0074     1.0074    -0.0000
 30   0     1.0383     1.0000    -0.0383     0.9871     0.9871    -0.0000
 31   0     1.0325     1.0000    -0.0325     0.9755     0.9755    -0.0000
 32   0     1.0231     1.0000    -0.0231     0.9762     0.9762    -0.0000
 33   0     1.0208     1.0000    -0.0208     0.9771     0.9771     0.0000
 34   0     1.0274     1.0000    -0.0274     0.9981     0.9981     0.0000
 35   0     1.0386     1.0000    -0.0386     0.9945     0.9945     0.0000
 36   0     0.9868     1.0000     0.0132     0.9959     0.9959     0.0000
 37   0     0.9768     1.0000     0.0232     0.9929     0.9929     0.0000
 38   0     0.9657     1.0000     0.0343     0.9903     0.9903     0.0000
 39   0     1.0118     1.0000    -0.0118     0.9844     0.9844    -0.0000
 40   0     1.0285     1.0000    -0.0285     0.9876     0.9876    -0.0000
 41   0     0.8133     1.0000     0.1867     0.9970     0.9970    -0.0000
      Bond orders larger than 0.1000000
           Atom A     A.N. of A          Atom B    A.N. of B              Bond order
                0             6               1            6                1.100325
                0             6              23            1                0.950511
                0             6              24            1                0.952536
                0             6              25            1                0.959058
                1             6               2            6                0.982938
                1             6              19            6                1.030534
                1             6              26            1                0.862191
                2             6               3            6                0.987950
                2             6              17            6                1.015078
                2             6              27            1                0.886893
                3             6               4            6                1.431711
                3             6               8            6                1.115206
                4             6               5            6                1.239424
                4             6              16            8                1.106383
                5             6               6            6                1.536390
                5             6              10            6                0.955388
                6             6               7            7                1.268476
                6             6              28            1                0.949462
                7             7               8            6                1.112809
                7             7              29            1                0.895053
                8             6               9            8                2.101497
               10             6              11            6                1.353579
               10             6              15            6                1.410331
               11             6              12            6                1.376589
               11             6              30            1                0.995327
               12             6              13            6                1.393180
               12             6              31            1                0.987150
               13             6              14            6                1.373422
               13             6              32            1                0.989297
               14             6              15            6                1.370591
               14             6              33            1                0.987994
               15             6              34            1                0.988785
               16             8              17            6                0.890575
               17             6              18            6                0.933826
               17             6              21            6                1.008182
               18             6              19            6                1.838102
               18             6              35            1                1.005936
               19             6              20            6                1.071716
               20             6              36            1                0.953734
               20             6              37            1                0.950937
               20             6              38            1                0.949138
               21             6              22            8                1.116558
               21             6              39            1                0.924888
               21             6              40            1                0.922542
               22             8              41            1                0.961341
# -----------------------------------------------------------
$ Calculation_Info
   description: Details of the calculation
   geom. index: 1
   prop. index: 1
     Multiplicity:                          1
     Charge:                                0
     number of atoms:                       42
     number of electrons:                   0
     number of frozen core electrons:       1
     number of correlated electrons:        0
     number of basis functions:             417
     number of aux C basis functions:       0
     number of aux J basis functions:       1336
     number of aux JK basis functions:      0
     number of aux CABS basis functions:    0
     Total Energy                           -1014.489604
# -----------------------------------------------------------
$ SCF_Electric_Properties
   description: The SCF Calculated Electric Properties
   geom. index: 1
   prop. index: 1
       Filename                          : 183.scfp 
       Do Dipole Moment Calculation      : true 
       Do Quadrupole Moment Calculation  : false 
       Do Polarizability Calculation     : true 
** Dipole moment part of electric properties **
        Magnitude of dipole moment (Debye) :        3.2065155681
        Electronic Contribution:
                  0    
      0      13.016448
      1      -5.839144
      2      -0.711523
        Nuclear Contribution:
                  0    
      0     -11.806975
      1       6.157611
      2       0.876361
        Total Dipole moment:
                  0    
      0       1.209474
      1       0.318467
      2       0.164838
** Polarizabilities part of electric properties **
        Isotropic polarizability :      212.9104340003
        The raw cartesian tensor (atomic units):
                  0          1          2    
      0     266.081828  19.515025   9.394150
      1      19.515025 222.410764  17.059102
      2       9.394150  17.059102 150.238710
        Diagonalised polarizability tensor :
                  0    
      0     146.200299
      1     217.196328
      2     275.334674
# -------------------------------------------------------------
----------------------- !GEOMETRIES! ------------------------
# -------------------------------------------------------------
------------------------ !GEOMETRY! -------------------------
    Number of atoms:    42 
    Geometry Index:     1 
    Coordinates:
               0 C     -3.741609000000   -1.431793000000    0.268874000000
               1 C     -2.538046000000   -0.525499000000    0.404596000000
               2 C     -1.573544000000   -0.724877000000   -0.710012000000
               3 C     -0.310826000000   -1.396639000000   -0.259218000000
               4 C      0.648962000000   -0.465456000000    0.072403000000
               5 C      1.912058000000   -0.811075000000    0.520701000000
               6 C      2.184848000000   -2.166697000000    0.627211000000
               7 N      1.259432000000   -3.092889000000    0.307688000000
               8 C      0.038492000000   -2.731295000000   -0.125857000000
               9 O     -0.777290000000   -3.632582000000   -0.406883000000
              10 C      2.921791000000    0.162658000000    0.869602000000
              11 C      4.211145000000   -0.003774000000    0.434709000000
              12 C      5.191267000000    0.934417000000    0.769008000000
              13 C      4.873152000000    2.036633000000    1.538978000000
              14 C      3.578180000000    2.208420000000    1.978656000000
              15 C      2.613231000000    1.256108000000    1.631642000000
              16 O      0.088345000000    0.782671000000   -0.134835000000
              17 C     -1.070140000000    0.682485000000   -0.963351000000
              18 C     -2.170260000000    1.541806000000   -0.533422000000
              19 C     -3.009210000000    0.869548000000    0.241841000000
              20 C     -4.271055000000    1.432291000000    0.876825000000
              21 C     -0.634067000000    0.869581000000   -2.376731000000
              22 O     -1.685808000000    0.791537000000   -3.277825000000
              23 H     -3.474257000000   -2.497754000000    0.248895000000
              24 H     -4.454328000000   -1.234217000000    1.073916000000
              25 H     -4.246166000000   -1.132059000000   -0.691777000000
              26 H     -2.059954000000   -0.635115000000    1.413315000000
              27 H     -2.008129000000   -1.198014000000   -1.597352000000
              28 H      3.163500000000   -2.489630000000    0.974971000000
              29 H      1.530583000000   -4.090492000000    0.410918000000
              30 H      4.546055000000   -0.838542000000   -0.172553000000
              31 H      6.206002000000    0.829546000000    0.443048000000
              32 H      5.638287000000    2.763922000000    1.796763000000
              33 H      3.274033000000    3.057422000000    2.586918000000
              34 H      1.595472000000    1.375411000000    1.967397000000
              35 H     -2.333226000000    2.599332000000   -0.783225000000
              36 H     -4.620241000000    0.774147000000    1.675438000000
              37 H     -4.043325000000    2.457865000000    1.245917000000
              38 H     -5.072194000000    1.531489000000    0.115526000000
              39 H     -0.038440000000    1.783974000000   -2.492206000000
              40 H      0.068105000000    0.019789000000   -2.617964000000
              41 H     -1.410824000000    0.337350000000   -4.115785000000
