-------------------------------------------------------------
----------------------- !PROPERTIES! ------------------------
-------------------------------------------------------------
# -----------------------------------------------------------
$ SCF_Energy
   description: The SCF energy
   geom. index: 1
   prop. index: 1
        SCF Energy:    -2604.5768626657
# -----------------------------------------------------------
$ DFT_Energy
   description: The DFT energy
   geom. index: 1
   prop. index: 1
   Number of Alpha Electrons                133.9999938196 
   Number of Beta  Electrons                133.9999938196 
   Total number of  Electrons               267.9999876392 
   Exchange energy                         -211.6108635673 
   Correlation energy                       -11.3776195466 
   Correlation energy NL                      0.0000000000 
   Exchange-Correlation energy             -222.9884831139 
   Embedding correction                       0.0000000000 
   Total DFT Energy (No VdW correction)   -2604.5768626657 
# -----------------------------------------------------------
$ Mayer_Pop
   description: The Mayer population analysis
   geom. index: 1
   prop. index: 1
     Number of atoms                     : 50
     Threshold for printing              : 0.1000000
     Number of bond orders printed       : 53
  NA   - Mulliken gross atomic population
  ZA   - Total nuclear charge
  QA   - Mulliken gross atomic charge
  VA   - Mayer's total valence
  BVA  - Mayer's bonded valence
  FA   - Mayer's free valence
  ATOM       NA         ZA         QA         VA         BVA        FA
  0   0     6.0432     6.0000    -0.0432     3.8727     3.8727     0.0000
  1   0    15.2098    16.0000     0.7902     5.1737     5.1737    -0.0000
  2   0     8.4352     8.0000    -0.4352     1.9435     1.9435     0.0000
  3   0     8.4806     8.0000    -0.4806     1.8980     1.8980     0.0000
  4   0     7.4037     7.0000    -0.4037     2.9526     2.9526     0.0000
  5   0     5.8774     6.0000     0.1226     3.9570     3.9570    -0.0000
  6   0     5.7778     6.0000     0.2222     3.9264     3.9264     0.0000
  7   0     5.9828     6.0000     0.0172     3.8739     3.8739     0.0000
  8   0     5.9950     6.0000     0.0050     3.9246     3.9246     0.0000
  9   0     5.9561     6.0000     0.0439     3.8870     3.8870     0.0000
 10   0     5.9226     6.0000     0.0774     3.8513     3.8513     0.0000
 11   0     5.9633     6.0000     0.0367     3.9016     3.9016     0.0000
 12   0     5.9978     6.0000     0.0022     3.8646     3.8646     0.0000
 13   0    17.1090    17.0000    -0.1090     1.1093     1.1093     0.0000
 14   0     7.1902     7.0000    -0.1902     3.1619     3.1619    -0.0000
 15   0     5.9315     6.0000     0.0685     4.2704     4.2704     0.0000
 16   0     7.0964     7.0000    -0.0964     3.1352     3.1352    -0.0000
 17   0     5.9353     6.0000     0.0647     4.0146     4.0146     0.0000
 18   0     6.0482     6.0000    -0.0482     3.7678     3.7678    -0.0000
 19   0     5.9072     6.0000     0.0928     4.0131     4.0131    -0.0000
 20   0     7.1390     7.0000    -0.1390     3.1176     3.1176     0.0000
 21   0     5.8702     6.0000     0.1298     3.9924     3.9924     0.0000
 22   0     7.1264     7.0000    -0.1264     2.9743     2.9743    -0.0000
 23   0     7.1115     7.0000    -0.1115     2.9781     2.9781     0.0000
 24   0     5.9966     6.0000     0.0034     3.9573     3.9573     0.0000
 25   0     8.1266     8.0000    -0.1266     2.4375     2.4375     0.0000
 26   0     5.4441     6.0000     0.5559     4.1489     4.1489     0.0000
 27   0     9.1942     9.0000    -0.1942     1.1618     1.1618     0.0000
 28   0     9.2273     9.0000    -0.2273     1.1225     1.1225     0.0000
 29   0     5.9292     6.0000     0.0708     3.8756     3.8756    -0.0000
 30   0     5.4512     6.0000     0.5488     4.4389     4.4389    -0.0000
 31   0     9.1429     9.0000    -0.1429     1.2283     1.2283     0.0000
 32   0     9.2134     9.0000    -0.2134     1.1421     1.1421     0.0000
 33   0     9.2066     9.0000    -0.2066     1.1471     1.1471    -0.0000
 34   0     0.8967     1.0000     0.1033     1.0092     1.0092    -0.0000
 35   0     0.9135     1.0000     0.0865     1.0019     1.0019     0.0000
 36   0     0.9440     1.0000     0.0560     1.0009     1.0009     0.0000
 37   0     0.9753     1.0000     0.0247     0.9923     0.9923     0.0000
 38   0     0.9953     1.0000     0.0047     1.0159     1.0159    -0.0000
 39   0     0.9949     1.0000     0.0051     1.0041     1.0041     0.0000
 40   0     1.0299     1.0000    -0.0299     0.9918     0.9918    -0.0000
 41   0     1.0217     1.0000    -0.0217     0.9964     0.9964    -0.0000
 42   0     1.0280     1.0000    -0.0280     0.9965     0.9965    -0.0000
 43   0     1.0405     1.0000    -0.0405     0.9960     0.9960    -0.0000
 44   0     0.8769     1.0000     0.1231     1.0133     1.0133    -0.0000
 45   0     0.9960     1.0000     0.0040     0.9997     0.9997    -0.0000
 46   0     0.9681     1.0000     0.0319     1.0089     1.0089     0.0000
 47   0     0.9873     1.0000     0.0127     0.9935     0.9935     0.0000
 48   0     0.9574     1.0000     0.0426     1.0160     1.0160    -0.0000
 49   0     0.9325     1.0000     0.0675     1.0078     1.0078    -0.0000
      Bond orders larger than 0.1000000
           Atom A     A.N. of A          Atom B    A.N. of B              Bond order
                0             6               1           16                0.880329
                0             6              34            1                0.945222
                0             6              35            1                0.945131
                0             6              36            1                0.942727
                1            16               2            8                1.665032
                1            16               3            8                1.635702
                1            16               4            7                0.861273
                4             7               5            6                0.965271
                4             7              29            6                0.938886
                5             6               6            6                1.061472
                5             6              37            1                0.923223
                5             6              38            1                0.896176
                6             6               7            6                0.984181
                6             6              14            7                0.966921
                6             6              39            1                0.899599
                7             6               8            6                1.397678
                7             6              12            6                1.386309
                8             6               9            6                1.367949
                8             6              40            1                0.979143
                9             6              10            6                1.390622
                9             6              41            1                0.987338
               10             6              11            6                1.394060
               10             6              13           17                0.957498
               11             6              12            6                1.367068
               11             6              42            1                0.989955
               12             6              43            1                0.965728
               14             7              15            6                1.154040
               14             7              44            1                0.913687
               15             6              16            7                1.444650
               15             6              20            7                1.435027
               16             7              17            6                1.580177
               17             6              18            6                1.315024
               17             6              45            1                0.979310
               18             6              19            6                1.371502
               18             6              21            6                1.017239
               19             6              20            7                1.520339
               19             6              46            1                0.977365
               21             6              22            7                1.599851
               21             6              24            6                0.104610
               21             6              25            8                1.208173
               22             7              23            7                1.260074
               23             7              24            6                1.609744
               24             6              25            8                1.156411
               24             6              26            6                1.000490
               26             6              27            9                1.113121
               26             6              28            9                1.073565
               26             6              47            1                0.938141
               29             6              30            6                1.027591
               29             6              48            1                0.915514
               29             6              49            1                0.917470
               30             6              31            9                1.178790
               30             6              32            9                1.065060
               30             6              33            9                1.096531
# -----------------------------------------------------------
$ Calculation_Info
   description: Details of the calculation
   geom. index: 1
   prop. index: 1
     Multiplicity:                          1
     Charge:                                0
     number of atoms:                       50
     number of electrons:                   0
     number of frozen core electrons:       1
     number of correlated electrons:        0
     number of basis functions:             564
     number of aux C basis functions:       0
     number of aux J basis functions:       1846
     number of aux JK basis functions:      0
     number of aux CABS basis functions:    0
     Total Energy                           -2604.576863
# -----------------------------------------------------------
$ SCF_Electric_Properties
   description: The SCF Calculated Electric Properties
   geom. index: 1
   prop. index: 1
       Filename                          : 214.scfp 
       Do Dipole Moment Calculation      : true 
       Do Quadrupole Moment Calculation  : false 
       Do Polarizability Calculation     : true 
** Dipole moment part of electric properties **
        Magnitude of dipole moment (Debye) :       11.6719751824
        Electronic Contribution:
                  0    
      0      19.196196
      1       2.761739
      2     -18.079259
        Nuclear Contribution:
                  0    
      0     -19.378874
      1      -1.479924
      2      22.484958
        Total Dipole moment:
                  0    
      0      -0.182678
      1       1.281815
      2       4.405699
** Polarizabilities part of electric properties **
        Isotropic polarizability :      278.8237896414
        The raw cartesian tensor (atomic units):
                  0          1          2    
      0     368.211069 -19.620307 -20.363435
      1     -19.620307 226.619523  30.818712
      2     -20.363435  30.818712 241.640777
        Diagonalised polarizability tensor :
                  0    
      0     202.356521
      1     258.636876
      2     375.477972
# -------------------------------------------------------------
----------------------- !GEOMETRIES! ------------------------
# -------------------------------------------------------------
------------------------ !GEOMETRY! -------------------------
    Number of atoms:    50 
    Geometry Index:     1 
    Coordinates:
               0 C     -4.925392000000   -0.834486000000    2.321160000000
               1 S     -4.488140000000   -0.434536000000    0.639552000000
               2 O     -3.837255000000   -1.635535000000    0.043149000000
               3 O     -5.810212000000   -0.277128000000   -0.102073000000
               4 N     -3.556941000000    0.978578000000    0.539259000000
               5 C     -2.317664000000    0.840032000000    1.246772000000
               6 C     -1.102646000000    0.614487000000    0.430950000000
               7 C     -1.062956000000   -0.587455000000   -0.406421000000
               8 C     -1.403449000000   -0.536032000000   -1.751734000000
               9 C     -1.349768000000   -1.645394000000   -2.543560000000
              10 C     -0.953210000000   -2.856854000000   -2.026502000000
              11 C     -0.606823000000   -2.945661000000   -0.691162000000
              12 C     -0.665793000000   -1.821484000000    0.092531000000
              13 Cl    -0.895775000000   -4.270262000000   -3.080168000000
              14 N      0.090408000000    0.586276000000    1.279393000000
              15 C      1.367889000000    0.382758000000    0.709571000000
              16 N      2.441082000000    0.362172000000    1.513697000000
              17 C      3.653507000000    0.171712000000    0.996004000000
              18 C      3.856769000000   -0.009270000000   -0.362091000000
              19 C      2.768074000000    0.012332000000   -1.171739000000
              20 N      1.560918000000    0.207177000000   -0.611835000000
              21 C      5.216265000000   -0.214012000000   -0.866933000000
              22 N      5.559410000000   -0.401106000000   -2.149994000000
              23 N      6.887312000000   -0.547998000000   -2.189989000000
              24 C      7.355464000000   -0.451343000000   -0.937292000000
              25 O      6.312986000000   -0.250335000000   -0.174586000000
              26 C      8.775076000000   -0.551319000000   -0.493108000000
              27 F      9.556240000000    0.354344000000   -1.159885000000
              28 F      9.166966000000   -1.864883000000   -0.750773000000
              29 C     -4.235894000000    2.165587000000    0.947990000000
              30 C     -4.948128000000    2.909456000000   -0.133445000000
              31 F     -5.924341000000    2.213062000000   -0.778161000000
              32 F     -5.518106000000    4.038744000000    0.462646000000
              33 F     -4.064971000000    3.414931000000   -1.089341000000
              34 H     -5.172912000000   -1.909791000000    2.343732000000
              35 H     -5.855170000000   -0.297334000000    2.619412000000
              36 H     -4.101055000000   -0.661561000000    3.025051000000
              37 H     -2.156437000000    1.745020000000    1.913790000000
              38 H     -2.373317000000    0.001903000000    2.009430000000
              39 H     -0.942569000000    1.491124000000   -0.249019000000
              40 H     -1.716536000000    0.443684000000   -2.138736000000
              41 H     -1.624737000000   -1.572188000000   -3.601078000000
              42 H     -0.293216000000   -3.919364000000   -0.296506000000
              43 H     -0.395722000000   -1.864019000000    1.158025000000
              44 H     -0.004102000000    0.714819000000    2.289528000000
              45 H      4.529153000000    0.153818000000    1.642772000000
              46 H      2.882577000000   -0.126143000000   -2.248381000000
              47 H      8.826001000000   -0.428211000000    0.605876000000
              48 H     -4.986282000000    1.979119000000    1.761425000000
              49 H     -3.516580000000    2.902073000000    1.412797000000
