-------------------------------------------------------------
----------------------- !PROPERTIES! ------------------------
-------------------------------------------------------------
# -------------------------------------------------------------
----------------------- !GEOMETRIES! ------------------------
# -------------------------------------------------------------
------------------------ !GEOMETRY! -------------------------
    Number of atoms:    51 
    Geometry Index:     1 
    Coordinates:
               0  C     -0.754345000000   -2.619071000000   -1.039362000000
               1  C     -0.601561000000   -1.484013000000   -0.006325000000
               2  C      0.506655000000   -0.631089000000   -0.486886000000
               3  C      1.856206000000   -1.320837000000   -0.339125000000
               4  C      2.891324000000   -0.264619000000   -0.169600000000
               5  C      4.294293000000   -0.732449000000   -0.128216000000
               6  C      4.961912000000    0.315384000000    0.771218000000
               7  C      3.809716000000    1.221044000000    1.228048000000
               8  N      2.702515000000    0.289147000000    1.181918000000
               9  C      1.420226000000    0.903161000000    1.296596000000
              10  C      0.570797000000    0.759842000000    0.024638000000
              11  C     -0.710650000000    1.450188000000    0.235122000000
              12  C     -1.905439000000    0.599306000000    0.072227000000
              13  C     -1.881795000000   -0.750771000000   -0.040872000000
              14  N     -3.163183000000   -1.200583000000   -0.176396000000
              15  C     -4.012709000000   -0.144050000000   -0.150968000000
              16  C     -5.392100000000   -0.071368000000   -0.249503000000
              17  C     -6.033699000000    1.146228000000   -0.194607000000
              18  C     -5.263815000000    2.276608000000   -0.039981000000
              19  C     -3.890856000000    2.200233000000    0.057747000000
              20  C     -3.228978000000    0.979739000000    0.004149000000
              21  Br    -6.124785000000    3.962933000000    0.038121000000
              22  Cl    -7.797218000000    1.252620000000   -0.319476000000
              23  N      1.394948000000    1.498662000000   -0.964104000000
              24  C      2.684907000000    0.901406000000   -1.103857000000
              25  O      3.563142000000    1.291832000000   -1.911306000000
              26  C     -0.385899000000   -2.162989000000    1.308623000000
              27  H     -1.536004000000   -3.329501000000   -0.689325000000
              28  H     -1.145324000000   -2.143413000000   -1.964063000000
              29  H      0.208298000000   -3.097531000000   -1.235037000000
              30  H      0.365650000000   -0.552566000000   -1.610926000000
              31  H      1.885362000000   -1.970902000000    0.562416000000
              32  H      2.053637000000   -1.992510000000   -1.211604000000
              33  H      4.349091000000   -1.735786000000    0.285493000000
              34  H      4.745837000000   -0.618149000000   -1.133566000000
              35  H      5.288995000000   -0.224917000000    1.670106000000
              36  H      5.742381000000    0.871750000000    0.248353000000
              37  H      3.994746000000    1.609550000000    2.246321000000
              38  H      3.677374000000    1.986945000000    0.461085000000
              39  H      2.853837000000   -0.442447000000    1.913712000000
              40  H      1.610814000000    2.018524000000    1.358609000000
              41  H      0.857621000000    0.665396000000    2.202404000000
              42  H     -0.786187000000    1.897099000000    1.269502000000
              43  H     -0.808210000000    2.341447000000   -0.448619000000
              44  H     -3.444803000000   -2.201098000000   -0.282909000000
              45  H     -6.018362000000   -0.949256000000   -0.371744000000
              46  H     -3.263992000000    3.081219000000    0.180296000000
              47  H      1.058435000000    2.328249000000   -1.468544000000
              48  H      0.288510000000   -3.063262000000    1.203990000000
              49  H     -0.106783000000   -1.523603000000    2.138690000000
              50  H     -1.380531000000   -2.621729000000    1.591436000000
