-------------------------------------------------------------
----------------------- !PROPERTIES! ------------------------
-------------------------------------------------------------
# -------------------------------------------------------------
----------------------- !GEOMETRIES! ------------------------
# -------------------------------------------------------------
------------------------ !GEOMETRY! -------------------------
    Number of atoms:    51 
    Geometry Index:     1 
    Coordinates:
               0  C     -3.399474000000   -2.074559000000   -0.697831000000
               1  C     -2.890848000000   -1.640271000000    0.658502000000
               2  C     -4.089702000000   -1.889344000000    1.611406000000
               3  C     -1.750933000000   -2.446413000000    1.085075000000
               4  C     -0.884952000000   -3.001589000000    0.272337000000
               5  C     -2.611439000000   -0.173885000000    0.722969000000
               6  C     -1.622303000000    0.489403000000    0.042962000000
               7  C     -1.743413000000    1.835646000000    0.403208000000
               8  C     -1.068508000000    2.966836000000    0.050822000000
               9  C     -1.412149000000    4.203181000000    0.554940000000
              10  C     -2.453007000000    4.343511000000    1.435899000000
              11  C     -3.133575000000    3.199180000000    1.789674000000
              12  C     -2.792830000000    1.960896000000    1.286764000000
              13  N     -3.278229000000    0.717262000000    1.442469000000
              14  C     -0.690506000000   -0.078198000000   -0.891219000000
              15  C      0.614715000000    0.009704000000   -0.757328000000
              16  C      1.529934000000   -0.583995000000   -1.750146000000
              17  O      1.045295000000   -1.153303000000   -2.763197000000
              18  N      2.931312000000   -0.507349000000   -1.554013000000
              19  C      4.018306000000   -0.557960000000   -2.470456000000
              20  C      5.271001000000   -0.585459000000   -1.631753000000
              21  C      4.850882000000   -0.006579000000   -0.304109000000
              22  C      3.408781000000   -0.354712000000   -0.209436000000
              23  C      2.608180000000    0.679955000000    0.489535000000
              24  O      3.175576000000    1.575893000000    1.180590000000
              25  N      1.194134000000    0.638977000000    0.363489000000
              26  O      3.281706000000   -1.587707000000    0.443869000000
              27  O      5.104934000000    1.360426000000   -0.235627000000
              28  H     -3.318554000000   -1.159802000000   -1.360150000000
              29  H     -2.863893000000   -2.912067000000   -1.146657000000
              30  H     -4.504000000000   -2.286584000000   -0.696252000000
              31  H     -4.914703000000   -1.285329000000    1.210137000000
              32  H     -3.826170000000   -1.529662000000    2.616187000000
              33  H     -4.299840000000   -2.959079000000    1.653127000000
              34  H     -1.618290000000   -2.592796000000    2.170442000000
              35  H     -0.908053000000   -2.931536000000   -0.803797000000
              36  H     -0.051583000000   -3.595016000000    0.668145000000
              37  H     -0.244258000000    2.843938000000   -0.649017000000
              38  H     -0.834754000000    5.056910000000    0.232985000000
              39  H     -2.743582000000    5.301823000000    1.847347000000
              40  H     -3.956664000000    3.313026000000    2.486785000000
              41  H     -4.103633000000    0.502265000000    2.076910000000
              42  H     -1.058448000000   -0.607919000000   -1.758139000000
              43  H      4.087851000000    0.358880000000   -3.115291000000
              44  H      3.958780000000   -1.426489000000   -3.148368000000
              45  H      5.630053000000   -1.614732000000   -1.480266000000
              46  H      6.099293000000   -0.007793000000   -2.105925000000
              47  H      5.437021000000   -0.494453000000    0.516360000000
              48  H      0.598693000000    1.059128000000    1.117953000000
              49  H      3.719672000000   -2.268346000000   -0.105343000000
              50  H      4.502174000000    1.896083000000   -0.796569000000
