-------------------------------------------------------------
----------------------- !PROPERTIES! ------------------------
-------------------------------------------------------------
# -----------------------------------------------------------
$ SCF_Energy
   description: The SCF energy
   geom. index: 1
   prop. index: 1
        SCF Energy:    -1356.9462207802
# -----------------------------------------------------------
$ DFT_Energy
   description: The DFT energy
   geom. index: 1
   prop. index: 1
   Number of Alpha Electrons                 88.9999299526 
   Number of Beta  Electrons                 88.9999299526 
   Total number of  Electrons               177.9998599052 
   Exchange energy                         -124.2789267790 
   Correlation energy                        -7.2160041779 
   Correlation energy NL                      0.0000000000 
   Exchange-Correlation energy             -131.4949309569 
   Embedding correction                       0.0000000000 
   Total DFT Energy (No VdW correction)   -1356.9462207802 
# -----------------------------------------------------------
$ Mayer_Pop
   description: The Mayer population analysis
   geom. index: 1
   prop. index: 1
     Number of atoms                     : 47
     Threshold for printing              : 0.1000000
     Number of bond orders printed       : 49
  NA   - Mulliken gross atomic population
  ZA   - Total nuclear charge
  QA   - Mulliken gross atomic charge
  VA   - Mayer's total valence
  BVA  - Mayer's bonded valence
  FA   - Mayer's free valence
  ATOM       NA         ZA         QA         VA         BVA        FA
  0   0     5.9056     6.0000     0.0944     3.9190     3.9190     0.0000
  1   0     6.1204     6.0000    -0.1204     4.0835     4.0835     0.0000
  2   0     6.0549     6.0000    -0.0549     3.9060     3.9060    -0.0000
  3   0     6.0962     6.0000    -0.0962     4.2060     4.2060     0.0000
  4   0     7.1109     7.0000    -0.1109     3.1108     3.1108    -0.0000
  5   0     6.1792     6.0000    -0.1792     4.1186     4.1186     0.0000
  6   0     5.9439     6.0000     0.0561     4.1168     4.1168     0.0000
  7   0     8.2356     8.0000    -0.2356     2.2695     2.2695    -0.0000
  8   0     5.8727     6.0000     0.1273     3.9129     3.9129     0.0000
  9   0     5.8907     6.0000     0.1093     3.9139     3.9139     0.0000
 10   0     5.7885     6.0000     0.2115     3.8442     3.8442    -0.0000
 11   0     6.1839     6.0000    -0.1839     4.2984     4.2984     0.0000
 12   0     6.0644     6.0000    -0.0644     3.9194     3.9194    -0.0000
 13   0     6.1038     6.0000    -0.1038     4.1013     4.1013    -0.0000
 14   0     5.9140     6.0000     0.0860     4.0814     4.0814    -0.0000
 15   0     8.2206     8.0000    -0.2206     2.2806     2.2806     0.0000
 16   0     6.2299     6.0000    -0.2299     4.2141     4.2141    -0.0000
 17   0     7.1321     7.0000    -0.1321     3.0266     3.0266    -0.0000
 18   0     5.8845     6.0000     0.1155     3.8803     3.8803     0.0000
 19   0     5.8812     6.0000     0.1188     3.8900     3.8900    -0.0000
 20   0     5.9120     6.0000     0.0880     3.9479     3.9479     0.0000
 21   0    15.9380    16.0000     0.0620     2.3291     2.3291    -0.0000
 22   0     5.8728     6.0000     0.1272     3.8730     3.8730    -0.0000
 23   0     0.9672     1.0000     0.0328     0.9908     0.9908     0.0000
 24   0     0.9652     1.0000     0.0348     1.0230     1.0230     0.0000
 25   0     0.9683     1.0000     0.0317     1.0022     1.0022     0.0000
 26   0     0.9805     1.0000     0.0195     1.0158     1.0158     0.0000
 27   0     0.9671     1.0000     0.0329     1.0034     1.0034     0.0000
 28   0     0.9937     1.0000     0.0063     0.9976     0.9976    -0.0000
 29   0     0.9851     1.0000     0.0149     0.9976     0.9976     0.0000
 30   0     0.9607     1.0000     0.0393     1.0242     1.0242     0.0000
 31   0     0.9990     1.0000     0.0010     0.9981     0.9981     0.0000
 32   0     0.9694     1.0000     0.0306     1.0008     1.0008     0.0000
 33   0     0.9985     1.0000     0.0015     1.0303     1.0303     0.0000
 34   0     0.9006     1.0000     0.0994     1.0085     1.0085     0.0000
 35   0     0.9724     1.0000     0.0276     1.0138     1.0138    -0.0000
 36   0     0.9961     1.0000     0.0039     0.9944     0.9944    -0.0000
 37   0     0.9900     1.0000     0.0100     1.0183     1.0183     0.0000
 38   0     0.9982     1.0000     0.0018     0.9958     0.9958     0.0000
 39   0     0.9693     1.0000     0.0307     1.0270     1.0270    -0.0000
 40   0     1.0019     1.0000    -0.0019     1.0107     1.0107     0.0000
 41   0     0.9691     1.0000     0.0309     0.9921     0.9921    -0.0000
 42   0     0.9769     1.0000     0.0231     0.9952     0.9952    -0.0000
 43   0     0.9663     1.0000     0.0337     1.0119     1.0119     0.0000
 44   0     0.9996     1.0000     0.0004     1.0029     1.0029     0.0000
 45   0     0.9744     1.0000     0.0256     1.0152     1.0152    -0.0000
 46   0     0.9945     1.0000     0.0055     0.9987     0.9987     0.0000
      Bond orders larger than 0.1000000
           Atom A     A.N. of A          Atom B    A.N. of B              Bond order
                0             6               1            6                1.115807
                0             6              23            1                0.941826
                0             6              24            1                0.935598
                0             6              25            1                0.932908
                1             6               2            6                1.734757
                1             6               6            6                1.055145
                2             6               3            6                1.050046
                2             6              21           16                1.002710
                3             6               4            7                1.903207
                3             6              10            6                1.081393
                4             7               5            6                1.031828
                5             6               6            6                0.913273
                5             6               8            6                1.030063
                5             6               9            6                1.040586
                6             6               7            8                2.055662
                8             6              26            1                0.949436
                8             6              27            1                0.958849
                8             6              28            1                0.952871
                9             6              29            1                0.957714
                9             6              30            1                0.946033
                9             6              31            1                0.956344
               10             6              11            6                1.026302
               10             6              32            1                0.881266
               10             6              33            1                0.868224
               11             6              12            6                0.958572
               11             6              17            7                1.066307
               11             6              22            6                1.021429
               12             6              13            6                1.818033
               12             6              21           16                1.015007
               13             6              14            6                1.025429
               13             6              20            6                1.117609
               14             6              15            8                2.083081
               14             6              16            6                0.896943
               16             6              17            7                1.041607
               16             6              18            6                1.041454
               16             6              19            6                1.070104
               17             7              34            1                0.916949
               18             6              35            1                0.954065
               18             6              36            1                0.952339
               18             6              37            1                0.953623
               19             6              38            1                0.945442
               19             6              39            1                0.937626
               19             6              40            1                0.945700
               20             6              41            1                0.942183
               20             6              42            1                0.939035
               20             6              43            1                0.936238
               22             6              44            1                0.943904
               22             6              45            1                0.938073
               22             6              46            1                0.939579
# -----------------------------------------------------------
$ Calculation_Info
   description: Details of the calculation
   geom. index: 1
   prop. index: 1
     Multiplicity:                          1
     Charge:                                0
     number of atoms:                       47
     number of electrons:                   0
     number of frozen core electrons:       1
     number of correlated electrons:        0
     number of basis functions:             446
     number of aux C basis functions:       0
     number of aux J basis functions:       1393
     number of aux JK basis functions:      0
     number of aux CABS basis functions:    0
     Total Energy                           -1356.946221
# -----------------------------------------------------------
$ SCF_Electric_Properties
   description: The SCF Calculated Electric Properties
   geom. index: 1
   prop. index: 1
       Filename                          : 168.scfp 
       Do Dipole Moment Calculation      : true 
       Do Quadrupole Moment Calculation  : false 
       Do Polarizability Calculation     : true 
** Dipole moment part of electric properties **
        Magnitude of dipole moment (Debye) :        2.2723472004
        Electronic Contribution:
                  0    
      0      -5.139925
      1      10.704014
      2       2.267977
        Nuclear Contribution:
                  0    
      0       5.413648
      1     -11.276263
      2      -1.638033
        Total Dipole moment:
                  0    
      0       0.273723
      1      -0.572248
      2       0.629944
** Polarizabilities part of electric properties **
        Isotropic polarizability :      234.4069573325
        The raw cartesian tensor (atomic units):
                  0          1          2    
      0     314.139603   0.933392   3.862940
      1       0.933392 216.083769  -4.543548
      2       3.862940  -4.543548 172.997500
        Diagonalised polarizability tensor :
                  0    
      0     172.414107
      1     216.554842
      2     314.251924
# -------------------------------------------------------------
----------------------- !GEOMETRIES! ------------------------
# -------------------------------------------------------------
------------------------ !GEOMETRY! -------------------------
    Number of atoms:    47 
    Geometry Index:     1 
    Coordinates:
               0 C     -2.810733000000    3.030122000000   -0.440354000000
               1 C     -2.662964000000    1.588592000000   -0.134406000000
               2 C     -1.593617000000    1.084546000000    0.406630000000
               3 C     -1.393497000000   -0.313250000000    0.727536000000
               4 N     -2.368117000000   -1.119287000000    0.445546000000
               5 C     -3.608538000000   -0.746930000000   -0.148583000000
               6 C     -3.758261000000    0.681503000000   -0.448692000000
               7 O     -4.829284000000    1.066829000000   -0.966762000000
               8 C     -3.726965000000   -1.509470000000   -1.471552000000
               9 C     -4.776620000000   -1.139926000000    0.764013000000
              10 C     -0.192349000000   -0.822780000000    1.347699000000
              11 C      1.138924000000   -0.367304000000    0.896667000000
              12 C      1.217428000000    1.052475000000    0.484034000000
              13 C      2.271727000000    1.496173000000   -0.118639000000
              14 C      3.354659000000    0.524026000000   -0.361001000000
              15 O      4.539344000000    0.890269000000   -0.447111000000
              16 C      3.019867000000   -0.928673000000   -0.505833000000
              17 N      1.651221000000   -1.221443000000   -0.138756000000
              18 C      3.240886000000   -1.238702000000   -1.995200000000
              19 C      4.016728000000   -1.791587000000    0.237525000000
              20 C      2.436826000000    2.896877000000   -0.563479000000
              21 S     -0.181391000000    2.164502000000    0.799686000000
              22 C      2.048192000000   -0.479632000000    2.135760000000
              23 H     -2.856674000000    3.595280000000    0.507638000000
              24 H     -3.718552000000    3.229693000000   -1.028510000000
              25 H     -1.955027000000    3.400642000000   -1.050795000000
              26 H     -3.125323000000   -2.429748000000   -1.426307000000
              27 H     -4.792930000000   -1.682882000000   -1.713933000000
              28 H     -3.265361000000   -0.855816000000   -2.242079000000
              29 H     -5.002781000000   -2.209222000000    0.702644000000
              30 H     -5.656084000000   -0.498785000000    0.519565000000
              31 H     -4.480459000000   -0.872351000000    1.806740000000
              32 H     -0.307941000000   -0.668745000000    2.469651000000
              33 H     -0.164609000000   -1.959471000000    1.284413000000
              34 H      1.557876000000   -2.220377000000    0.149595000000
              35 H      4.067501000000   -0.624136000000   -2.409855000000
              36 H      3.555953000000   -2.303757000000   -2.124105000000
              37 H      2.298768000000   -1.123999000000   -2.561113000000
              38 H      4.517458000000   -2.537015000000   -0.413306000000
              39 H      4.825616000000   -1.119126000000    0.602896000000
              40 H      3.550018000000   -2.367151000000    1.058868000000
              41 H      1.990424000000    3.079522000000   -1.556522000000
              42 H      1.910243000000    3.604421000000    0.139676000000
              43 H      3.490143000000    3.220552000000   -0.597333000000
              44 H      1.882024000000   -1.485888000000    2.541512000000
              45 H      3.073251000000   -0.193656000000    1.956036000000
              46 H      1.573000000000    0.225084000000    2.879893000000
