-------------------------------------------------------------
----------------------- !PROPERTIES! ------------------------
-------------------------------------------------------------
# -----------------------------------------------------------
$ SCF_Energy
   description: The SCF energy
   geom. index: 1
   prop. index: 1
        SCF Energy:    -1482.7813223345
# -----------------------------------------------------------
$ DFT_Energy
   description: The DFT energy
   geom. index: 1
   prop. index: 1
   Number of Alpha Electrons                 91.9998573782 
   Number of Beta  Electrons                 91.9998573782 
   Total number of  Electrons               183.9997147564 
   Exchange energy                         -133.0830362244 
   Correlation energy                        -7.5761714143 
   Correlation energy NL                      0.0000000000 
   Exchange-Correlation energy             -140.6592076387 
   Embedding correction                       0.0000000000 
   Total DFT Energy (No VdW correction)   -1482.7813223345 
# -----------------------------------------------------------
$ Mayer_Pop
   description: The Mayer population analysis
   geom. index: 1
   prop. index: 1
     Number of atoms                     : 43
     Threshold for printing              : 0.1000000
     Number of bond orders printed       : 46
  NA   - Mulliken gross atomic population
  ZA   - Total nuclear charge
  QA   - Mulliken gross atomic charge
  VA   - Mayer's total valence
  BVA  - Mayer's bonded valence
  FA   - Mayer's free valence
  ATOM       NA         ZA         QA         VA         BVA        FA
  0   0     5.8509     6.0000     0.1491     3.8909     3.8909    -0.0000
  1   0     8.2230     8.0000    -0.2230     2.0583     2.0583    -0.0000
  2   0     7.1417     7.0000    -0.1417     3.1304     3.1304     0.0000
  3   0     5.9112     6.0000     0.0888     3.8302     3.8302     0.0000
  4   0     5.8986     6.0000     0.1014     4.3003     4.3003     0.0000
  5   0     8.2694     8.0000    -0.2694     2.2430     2.2430     0.0000
  6   0     7.1150     7.0000    -0.1150     3.1502     3.1502    -0.0000
  7   0     6.2822     6.0000    -0.2822     4.0027     4.0027     0.0000
  8   0     5.7341     6.0000     0.2659     4.1033     4.1033     0.0000
  9   0     8.2736     8.0000    -0.2736     2.2539     2.2539     0.0000
 10   0     5.7135     6.0000     0.2865     3.6503     3.6503    -0.0000
 11   0     6.0942     6.0000    -0.0942     3.9410     3.9410     0.0000
 12   0     6.0259     6.0000    -0.0259     3.7933     3.7933     0.0000
 13   0     7.0058     7.0000    -0.0058     3.3931     3.3931    -0.0000
 14   0     5.9326     6.0000     0.0674     3.9290     3.9290     0.0000
 15   0     6.0679     6.0000    -0.0679     3.7916     3.7916     0.0000
 16   0     5.9852     6.0000     0.0148     3.8087     3.8087     0.0000
 17   0     5.9577     6.0000     0.0423     3.7702     3.7702     0.0000
 18   0     6.0471     6.0000    -0.0471     3.7606     3.7606     0.0000
 19   0     5.9294     6.0000     0.0706     3.9117     3.9117     0.0000
 20   0    16.0585    16.0000    -0.0585     2.1774     2.1774    -0.0000
 21   0     6.0695     6.0000    -0.0695     3.9259     3.9259     0.0000
 22   0     5.7304     6.0000     0.2696     4.0298     4.0298     0.0000
 23   0     8.3150     8.0000    -0.3150     2.0974     2.0974     0.0000
 24   0     0.9603     1.0000     0.0397     0.9871     0.9871    -0.0000
 25   0     0.9753     1.0000     0.0247     0.9808     0.9808     0.0000
 26   0     0.9776     1.0000     0.0224     1.0095     1.0095     0.0000
 27   0     0.9638     1.0000     0.0362     1.0281     1.0281     0.0000
 28   0     0.8494     1.0000     0.1506     1.0231     1.0231     0.0000
 29   0     1.0056     1.0000    -0.0056     1.0035     1.0035    -0.0000
 30   0     0.9717     1.0000     0.0283     1.0103     1.0103    -0.0000
 31   0     1.0102     1.0000    -0.0102     1.0448     1.0448     0.0000
 32   0     0.8657     1.0000     0.1343     0.9873     0.9873     0.0000
 33   0     1.0554     1.0000    -0.0554     0.9812     0.9812     0.0000
 34   0     1.0233     1.0000    -0.0233     0.9767     0.9767     0.0000
 35   0     1.0334     1.0000    -0.0334     0.9777     0.9777     0.0000
 36   0     1.0481     1.0000    -0.0481     0.9846     0.9846     0.0000
 37   0     0.9329     1.0000     0.0671     0.9870     0.9870     0.0000
 38   0     0.9191     1.0000     0.0809     1.0167     1.0167     0.0000
 39   0     0.9481     1.0000     0.0519     0.9793     0.9793     0.0000
 40   0     1.0120     1.0000    -0.0120     0.9911     0.9911     0.0000
 41   0     0.9892     1.0000     0.0108     0.9955     0.9955     0.0000
 42   0     0.8268     1.0000     0.1732     1.0066     1.0066    -0.0000
      Bond orders larger than 0.1000000
           Atom A     A.N. of A          Atom B    A.N. of B              Bond order
                0             6               1            8                0.968327
                0             6              24            1                0.969972
                0             6              25            1                0.966335
                0             6              26            1                0.963595
                1             8               2            7                0.954835
                2             7               3            6                0.927612
                2             7               8            6                1.125653
                3             6               4            6                0.920788
                3             6              22            6                1.034158
                3             6              27            1                0.879084
                4             6               5            8                2.048923
                4             6               6            7                1.195468
                6             7               7            6                0.998904
                6             7              28            1                0.885910
                7             6               8            6                0.864406
                7             6              10            6                0.948915
                7             6              20           16                1.015050
                8             6               9            8                2.030662
               10             6              11            6                1.032649
               10             6              29            1                0.890419
               10             6              30            1                0.883988
               11             6              12            6                1.509368
               11             6              19            6                1.248555
               12             6              13            7                1.175556
               12             6              31            1                0.964248
               13             7              14            6                1.211071
               13             7              32            1                0.919559
               14             6              15            6                1.296340
               14             6              19            6                1.285778
               15             6              16            6                1.415715
               15             6              18            6                0.101832
               15             6              33            1                0.992043
               16             6              17            6                1.313116
               16             6              34            1                0.980393
               17             6              18            6                1.395425
               17             6              35            1                0.991221
               18             6              19            6                1.304068
               18             6              36            1                0.992424
               20            16              21            6                0.990056
               21             6              37            1                0.968650
               21             6              38            1                0.956800
               21             6              39            1                0.958280
               22             6              23            8                1.086836
               22             6              40            1                0.921988
               22             6              41            1                0.946777
               23             8              42            1                0.971167
# -----------------------------------------------------------
$ Calculation_Info
   description: Details of the calculation
   geom. index: 1
   prop. index: 1
     Multiplicity:                          1
     Charge:                                0
     number of atoms:                       43
     number of electrons:                   0
     number of frozen core electrons:       1
     number of correlated electrons:        0
     number of basis functions:             435
     number of aux C basis functions:       0
     number of aux J basis functions:       1387
     number of aux JK basis functions:      0
     number of aux CABS basis functions:    0
     Total Energy                           -1482.781322
# -----------------------------------------------------------
$ SCF_Electric_Properties
   description: The SCF Calculated Electric Properties
   geom. index: 1
   prop. index: 1
       Filename                          : 64.scfp 
       Do Dipole Moment Calculation      : true 
       Do Quadrupole Moment Calculation  : false 
       Do Polarizability Calculation     : true 
** Dipole moment part of electric properties **
        Magnitude of dipole moment (Debye) :        2.3966398825
        Electronic Contribution:
                  0    
      0       1.758150
      1      -4.343042
      2      -0.386861
        Nuclear Contribution:
                  0    
      0      -1.325785
      1       3.546259
      2       0.127550
        Total Dipole moment:
                  0    
      0       0.432365
      1      -0.796783
      2      -0.259310
** Polarizabilities part of electric properties **
        Isotropic polarizability :      219.0283854735
        The raw cartesian tensor (atomic units):
                  0          1          2    
      0     262.887673  -6.138306  15.329745
      1      -6.138306 176.862662   9.827830
      2      15.329745   9.827830 217.334821
        Diagonalised polarizability tensor :
                  0    
      0     173.562890
      1     215.854389
      2     267.667877
# -------------------------------------------------------------
----------------------- !GEOMETRIES! ------------------------
# -------------------------------------------------------------
------------------------ !GEOMETRY! -------------------------
    Number of atoms:    43 
    Geometry Index:     1 
    Coordinates:
               0 C     -4.817779000000    0.043598000000   -1.197257000000
               1 O     -4.132064000000    0.995049000000   -0.445060000000
               2 N     -2.923603000000    0.409052000000   -0.130806000000
               3 C     -2.856052000000   -0.525692000000    0.949800000000
               4 C     -1.764691000000   -1.495100000000    0.842206000000
               5 O     -1.763454000000   -2.479876000000    1.617944000000
               6 N     -0.732647000000   -1.358489000000   -0.090095000000
               7 C     -0.542422000000   -0.184011000000   -0.879532000000
               8 C     -1.750161000000    0.711176000000   -0.848669000000
               9 O     -1.670747000000    1.776697000000   -1.511269000000
              10 C      0.634647000000    0.597530000000   -0.342799000000
              11 C      1.883371000000   -0.168519000000   -0.335768000000
              12 C      2.247007000000   -1.260377000000   -1.088174000000
              13 N      3.485424000000   -1.614877000000   -0.709023000000
              14 C      3.916964000000   -0.785176000000    0.257156000000
              15 C      5.101597000000   -0.718089000000    0.975420000000
              16 C      5.283658000000    0.258605000000    1.931019000000
              17 C      4.301707000000    1.196142000000    2.204355000000
              18 C      3.124944000000    1.131164000000    1.493053000000
              19 C      2.949014000000    0.149036000000    0.535416000000
              20 S     -0.359812000000   -0.627776000000   -2.629416000000
              21 C     -0.122268000000    0.878151000000   -3.628937000000
              22 C     -2.839496000000    0.211995000000    2.283168000000
              23 O     -4.042784000000    0.947030000000    2.319597000000
              24 H     -5.430690000000    0.532769000000   -2.002800000000
              25 H     -5.515662000000   -0.557128000000   -0.546559000000
              26 H     -4.139053000000   -0.661133000000   -1.721476000000
              27 H     -3.815156000000   -1.117947000000    0.937566000000
              28 H     -0.069538000000   -2.151916000000   -0.216175000000
              29 H      0.348719000000    0.876335000000    0.707478000000
              30 H      0.750600000000    1.567174000000   -0.875032000000
              31 H      1.683119000000   -1.772128000000   -1.845814000000
              32 H      4.050344000000   -2.418335000000   -1.095847000000
              33 H      5.865059000000   -1.472927000000    0.741963000000
              34 H      6.243119000000    0.263047000000    2.469226000000
              35 H      4.502012000000    1.937798000000    2.963059000000
              36 H      2.327153000000    1.832492000000    1.662505000000
              37 H     -1.058667000000    1.170132000000   -4.143257000000
              38 H      0.163279000000    1.745730000000   -2.982097000000
              39 H      0.707025000000    0.758148000000   -4.368100000000
              40 H     -1.969240000000    0.860964000000    2.385240000000
              41 H     -2.871197000000   -0.489161000000    3.124917000000
              42 H     -4.381579000000    1.008841000000    3.232874000000
