-------------------------------------------------------------
----------------------- !PROPERTIES! ------------------------
-------------------------------------------------------------
# -----------------------------------------------------------
$ SCF_Energy
   description: The SCF energy
   geom. index: 1
   prop. index: 1
        SCF Energy:    -2229.1103155454
# -----------------------------------------------------------
$ DFT_Energy
   description: The DFT energy
   geom. index: 1
   prop. index: 1
   Number of Alpha Electrons                182.9994845218 
   Number of Beta  Electrons                182.9994845218 
   Total number of  Electrons               365.9989690435 
   Exchange energy                         -239.1743305015 
   Correlation energy                       -14.6109702802 
   Correlation energy NL                      0.0000000000 
   Exchange-Correlation energy             -253.7853007817 
   Embedding correction                       0.0000000000 
   Total DFT Energy (No VdW correction)   -2229.1103155454 
# -----------------------------------------------------------
$ Mayer_Pop
   description: The Mayer population analysis
   geom. index: 1
   prop. index: 1
     Number of atoms                     : 100
     Threshold for printing              : 0.1000000
     Number of bond orders printed       : 104
  NA   - Mulliken gross atomic population
  ZA   - Total nuclear charge
  QA   - Mulliken gross atomic charge
  VA   - Mayer's total valence
  BVA  - Mayer's bonded valence
  FA   - Mayer's free valence
  ATOM       NA         ZA         QA         VA         BVA        FA
  0   0     5.9161     6.0000     0.0839     3.9335     3.9335    -0.0000
  1   0     6.2432     6.0000    -0.2432     4.2578     4.2578     0.0000
  2   0     6.0267     6.0000    -0.0267     3.9778     3.9778     0.0000
  3   0     5.9353     6.0000     0.0647     4.0067     4.0067     0.0000
  4   0     5.9000     6.0000     0.1000     3.9728     3.9728     0.0000
  5   0     6.1700     6.0000    -0.1700     4.2036     4.2036     0.0000
  6   0     6.0531     6.0000    -0.0531     3.9990     3.9990     0.0000
  7   0     5.9177     6.0000     0.0823     4.0048     4.0048    -0.0000
  8   0     5.8701     6.0000     0.1299     3.9758     3.9758     0.0000
  9   0     6.1386     6.0000    -0.1386     3.9025     3.9025    -0.0000
 10   0     6.0196     6.0000    -0.0196     3.8859     3.8859     0.0000
 11   0     5.8718     6.0000     0.1282     3.7845     3.7845    -0.0000
 12   0     5.9611     6.0000     0.0389     3.8192     3.8192    -0.0000
 13   0     5.7242     6.0000     0.2758     3.8736     3.8736    -0.0000
 14   0     6.0508     6.0000    -0.0508     3.8393     3.8393    -0.0000
 15   0     6.0259     6.0000    -0.0259     3.7402     3.7402    -0.0000
 16   0     5.7659     6.0000     0.2341     3.9179     3.9179    -0.0000
 17   0     6.0530     6.0000    -0.0530     3.7450     3.7450    -0.0000
 18   0     8.2560     8.0000    -0.2560     2.1742     2.1742    -0.0000
 19   0     8.2639     8.0000    -0.2639     2.2107     2.2107     0.0000
 20   0     5.6736     6.0000     0.3264     4.1756     4.1756     0.0000
 21   0     8.1959     8.0000    -0.1959     2.3127     2.3127    -0.0000
 22   0     6.2858     6.0000    -0.2858     3.9198     3.9198    -0.0000
 23   0     5.9239     6.0000     0.0761     4.0596     4.0596     0.0000
 24   0     5.8502     6.0000     0.1498     3.9325     3.9325     0.0000
 25   0     6.0978     6.0000    -0.0978     4.0128     4.0128     0.0000
 26   0     6.1770     6.0000    -0.1770     4.2245     4.2245    -0.0000
 27   0     5.9077     6.0000     0.0923     3.9233     3.9233    -0.0000
 28   0     5.9239     6.0000     0.0761     3.9990     3.9990    -0.0000
 29   0     5.9152     6.0000     0.0848     3.9593     3.9593     0.0000
 30   0     6.0839     6.0000    -0.0839     4.0048     4.0048     0.0000
 31   0     6.2306     6.0000    -0.2306     4.2129     4.2129    -0.0000
 32   0     5.9130     6.0000     0.0870     3.9381     3.9381    -0.0000
 33   0     5.9212     6.0000     0.0788     3.9190     3.9190    -0.0000
 34   0     5.7748     6.0000     0.2252     3.7528     3.7528    -0.0000
 35   0     6.0095     6.0000    -0.0095     4.1660     4.1660     0.0000
 36   0     8.3073     8.0000    -0.3073     2.1712     2.1712     0.0000
 37   0     5.9278     6.0000     0.0722     3.5677     3.5677    -0.0000
 38   0     5.7923     6.0000     0.2077     3.8296     3.8296    -0.0000
 39   0     6.0436     6.0000    -0.0436     3.7932     3.7932    -0.0000
 40   0     6.0105     6.0000    -0.0105     3.7732     3.7732     0.0000
 41   0     5.7912     6.0000     0.2088     3.8356     3.8356    -0.0000
 42   0     6.0624     6.0000    -0.0624     3.7894     3.7894     0.0000
 43   0     8.3088     8.0000    -0.3088     2.0805     2.0805     0.0000
 44   0     8.2043     8.0000    -0.2043     2.2134     2.2134    -0.0000
 45   0     8.2708     8.0000    -0.2708     2.1922     2.1922     0.0000
 46   0     5.6893     6.0000     0.3107     4.1518     4.1518     0.0000
 47   0     8.2441     8.0000    -0.2441     2.2800     2.2800     0.0000
 48   0     5.9335     6.0000     0.0665     3.9591     3.9591     0.0000
 49   0     5.9283     6.0000     0.0717     3.9244     3.9244    -0.0000
 50   0     0.9721     1.0000     0.0279     0.9855     0.9855    -0.0000
 51   0     0.9859     1.0000     0.0141     0.9926     0.9926    -0.0000
 52   0     1.0053     1.0000    -0.0053     0.9933     0.9933    -0.0000
 53   0     1.0209     1.0000    -0.0209     1.0082     1.0082     0.0000
 54   0     1.0088     1.0000    -0.0088     0.9993     0.9993     0.0000
 55   0     0.9962     1.0000     0.0038     0.9726     0.9726     0.0000
 56   0     1.0062     1.0000    -0.0062     0.9739     0.9739     0.0000
 57   0     0.9974     1.0000     0.0026     0.9786     0.9786    -0.0000
 58   0     1.0418     1.0000    -0.0418     1.0127     1.0127     0.0000
 59   0     1.0006     1.0000    -0.0006     0.9717     0.9717    -0.0000
 60   0     1.0099     1.0000    -0.0099     1.0018     1.0018    -0.0000
 61   0     1.0178     1.0000    -0.0178     0.9820     0.9820    -0.0000
 62   0     0.9760     1.0000     0.0240     0.9843     0.9843     0.0000
 63   0     1.0682     1.0000    -0.0682     1.0214     1.0214    -0.0000
 64   0     1.0100     1.0000    -0.0100     0.9930     0.9930    -0.0000
 65   0     1.0506     1.0000    -0.0506     0.9922     0.9922     0.0000
 66   0     1.0244     1.0000    -0.0244     1.0205     1.0205    -0.0000
 67   0     0.7972     1.0000     0.2028     0.9880     0.9880    -0.0000
 68   0     0.9738     1.0000     0.0262     1.0147     1.0147     0.0000
 69   0     1.0111     1.0000    -0.0111     0.9912     0.9912     0.0000
 70   0     0.9745     1.0000     0.0255     1.0295     1.0295    -0.0000
 71   0     1.0142     1.0000    -0.0142     0.9745     0.9745     0.0000
 72   0     1.0484     1.0000    -0.0484     0.9897     0.9897     0.0000
 73   0     0.9494     1.0000     0.0506     1.0004     1.0004     0.0000
 74   0     1.0081     1.0000    -0.0081     0.9974     0.9974    -0.0000
 75   0     0.9671     1.0000     0.0329     0.9885     0.9885     0.0000
 76   0     0.9987     1.0000     0.0013     0.9806     0.9806     0.0000
 77   0     1.0182     1.0000    -0.0182     0.9900     0.9900     0.0000
 78   0     1.0153     1.0000    -0.0153     1.0062     1.0062     0.0000
 79   0     0.9928     1.0000     0.0072     0.9832     0.9832     0.0000
 80   0     1.0361     1.0000    -0.0361     0.9904     0.9904     0.0000
 81   0     1.0029     1.0000    -0.0029     0.9943     0.9943     0.0000
 82   0     0.9746     1.0000     0.0254     0.9851     0.9851     0.0000
 83   0     0.9619     1.0000     0.0381     0.9867     0.9867     0.0000
 84   0     0.9700     1.0000     0.0300     0.9849     0.9849     0.0000
 85   0     0.9801     1.0000     0.0199     0.9966     0.9966     0.0000
 86   0     0.9988     1.0000     0.0012     0.9920     0.9920     0.0000
 87   0     1.0244     1.0000    -0.0244     1.0323     1.0323    -0.0000
 88   0     0.9490     1.0000     0.0510     1.0276     1.0276    -0.0000
 89   0     1.0382     1.0000    -0.0382     0.9911     0.9911     0.0000
 90   0     1.0276     1.0000    -0.0276     0.9958     0.9958     0.0000
 91   0     1.0075     1.0000    -0.0075     1.0396     1.0396     0.0000
 92   0     0.7861     1.0000     0.2139     0.9745     0.9745    -0.0000
 93   0     0.8034     1.0000     0.1966     1.0138     1.0138     0.0000
 94   0     1.0082     1.0000    -0.0082     0.9972     0.9972    -0.0000
 95   0     0.9683     1.0000     0.0317     0.9833     0.9833     0.0000
 96   0     0.9780     1.0000     0.0220     1.0048     1.0048     0.0000
 97   0     0.9687     1.0000     0.0313     0.9948     0.9948     0.0000
 98   0     1.0067     1.0000    -0.0067     0.9883     0.9883    -0.0000
 99   0     0.9877     1.0000     0.0123     0.9934     0.9934     0.0000
      Bond orders larger than 0.1000000
           Atom A     A.N. of A          Atom B    A.N. of B              Bond order
                0             6               1            6                1.095225
                0             6              50            1                0.943629
                0             6              51            1                0.943794
                0             6              52            1                0.941000
                1             6               2            6                1.909412
                1             6              49            6                1.073961
                2             6               3            6                1.042826
                2             6              53            1                0.953117
                3             6               4            6                1.109062
                3             6              54            1                0.912113
                3             6              55            1                0.899127
                4             6               5            6                1.067261
                4             6              56            1                0.898106
                4             6              57            1                0.887844
                5             6               6            6                1.906714
                5             6              48            6                1.062088
                6             6               7            6                1.054186
                6             6              58            1                0.946393
                7             6               8            6                1.096792
                7             6              59            1                0.891509
                7             6              60            1                0.916651
                8             6               9            6                1.059365
                8             6              61            1                0.907665
                8             6              62            1                0.899412
                9             6              10            6                1.708679
                9             6              46            6                0.984949
               10             6              11            6                0.951963
               10             6              63            1                1.016510
               11             6              12            6                0.902019
               11             6              22            6                0.901971
               11             6              45            8                0.992596
               12             6              13            6                1.346471
               12             6              17            6                1.378465
               13             6              14            6                1.370436
               13             6              19            8                1.020459
               14             6              15            6                1.322598
               14             6              64            1                0.992956
               15             6              16            6                1.328905
               15             6              65            1                0.995536
               16             6              17            6                1.284904
               16             6              18            8                1.169455
               17             6              66            1                0.980667
               18             8              67            1                0.931554
               19             8              20            6                1.049365
               20             6              21            8                2.127716
               20             6              22            6                0.857867
               22             6              23            6                1.030724
               22             6              34            6                1.074324
               23             6              24            6                1.094430
               23             6              68            1                0.921894
               23             6              69            1                0.903607
               24             6              25            6                1.008496
               24             6              70            1                0.922204
               24             6              71            1                0.879249
               25             6              26            6                1.934595
               25             6              72            1                0.944822
               26             6              27            6                1.086061
               26             6              28            6                1.042870
               27             6              73            1                0.937190
               27             6              74            1                0.941340
               27             6              75            1                0.941324
               28             6              29            6                1.076635
               28             6              76            1                0.918626
               28             6              77            1                0.927828
               29             6              30            6                1.037348
               29             6              78            1                0.923388
               29             6              79            1                0.913211
               30             6              31            6                1.919759
               30             6              80            1                0.958027
               31             6              32            6                1.091491
               31             6              33            6                1.053879
               32             6              81            1                0.942626
               32             6              82            1                0.943857
               32             6              83            1                0.946968
               33             6              84            1                0.957828
               33             6              85            1                0.965888
               33             6              86            1                0.952766
               34             6              35            6                1.022665
               34             6              87            1                0.866603
               34             6              88            1                0.849038
               35             6              36            8                1.942265
               35             6              37            6                1.033414
               37             6              38            6                1.298639
               37             6              42            6                1.232375
               38             6              39            6                1.311463
               38             6              44            8                1.079580
               39             6              40            6                1.363120
               39             6              42            6                0.102860
               39             6              89            1                0.984662
               40             6              41            6                1.305168
               40             6              90            1                0.998719
               41             6              42            6                1.368655
               41             6              43            8                1.069446
               42             6              91            1                1.008178
               43             8              92            1                0.935071
               44             8              93            1                0.931837
               45             8              46            6                1.077411
               46             6              47            8                2.028113
               48             6              94            1                0.946953
               48             6              95            1                0.948768
               48             6              96            1                0.949347
               49             6              97            1                0.952097
               49             6              98            1                0.952179
               49             6              99            1                0.961686
# -----------------------------------------------------------
$ Calculation_Info
   description: Details of the calculation
   geom. index: 1
   prop. index: 1
     Multiplicity:                          1
     Charge:                                0
     number of atoms:                       100
     number of electrons:                   0
     number of frozen core electrons:       1
     number of correlated electrons:        0
     number of basis functions:             950
     number of aux C basis functions:       0
     number of aux J basis functions:       3000
     number of aux JK basis functions:      0
     number of aux CABS basis functions:    0
     Total Energy                           -2229.110316
# -----------------------------------------------------------
$ SCF_Electric_Properties
   description: The SCF Calculated Electric Properties
   geom. index: 1
   prop. index: 1
       Filename                          : 140.scfp 
       Do Dipole Moment Calculation      : true 
       Do Quadrupole Moment Calculation  : false 
       Do Polarizability Calculation     : true 
** Dipole moment part of electric properties **
        Magnitude of dipole moment (Debye) :        9.2106622024
        Electronic Contribution:
                  0    
      0      -4.860937
      1      82.122186
      2      -7.990932
        Nuclear Contribution:
                  0    
      0       5.877527
      1     -80.311238
      2      10.960455
        Total Dipole moment:
                  0    
      0       1.016590
      1       1.810948
      2       2.969523
** Polarizabilities part of electric properties **
        Isotropic polarizability :      476.6874709425
        The raw cartesian tensor (atomic units):
                  0          1          2    
      0     445.373036  39.932792  14.605739
      1      39.932792 588.856430   1.789830
      2      14.605739   1.789830 395.832947
        Diagonalised polarizability tensor :
                  0    
      0     391.396634
      1     439.300237
      2     599.365542
# -------------------------------------------------------------
----------------------- !GEOMETRIES! ------------------------
# -------------------------------------------------------------
------------------------ !GEOMETRY! -------------------------
    Number of atoms:    100 
    Geometry Index:     1 
    Coordinates:
               0 C      5.899717000000   -4.052980000000   -0.359583000000
               1 C      5.037201000000   -3.331634000000   -1.325515000000
               2 C      5.275672000000   -2.078534000000   -1.685172000000
               3 C      6.409849000000   -1.337139000000   -1.141397000000
               4 C      6.143728000000    0.009831000000   -0.621449000000
               5 C      5.236165000000    0.224972000000    0.485678000000
               6 C      4.514451000000   -0.661136000000    1.148575000000
               7 C      3.631101000000   -0.288213000000    2.273413000000
               8 C      2.183470000000   -0.502750000000    2.158091000000
               9 C      1.480380000000    0.244756000000    1.084827000000
              10 C      0.523244000000    1.171087000000    1.258986000000
              11 C      0.101156000000    1.660994000000   -0.024865000000
              12 C      0.551194000000    3.027019000000   -0.354254000000
              13 C      0.085022000000    3.607911000000   -1.503917000000
              14 C      0.590124000000    4.831028000000   -1.864915000000
              15 C      1.544542000000    5.474494000000   -1.091586000000
              16 C      2.018096000000    4.887100000000    0.083002000000
              17 C      1.511240000000    3.662025000000    0.437630000000
              18 O      2.970432000000    5.484531000000    0.898296000000
              19 O     -0.898437000000    2.925154000000   -2.249054000000
              20 C     -1.391921000000    1.702368000000   -1.833413000000
              21 O     -1.838751000000    0.805679000000   -2.558332000000
              22 C     -1.362300000000    1.481644000000   -0.327401000000
              23 C     -1.675180000000    0.005076000000   -0.057073000000
              24 C     -3.080937000000   -0.388451000000   -0.299966000000
              25 C     -3.196721000000   -1.855456000000    0.025861000000
              26 C     -3.571735000000   -2.727520000000   -0.891269000000
              27 C     -3.900092000000   -2.345573000000   -2.281632000000
              28 C     -3.660382000000   -4.173426000000   -0.486542000000
              29 C     -5.075397000000   -4.671951000000   -0.679342000000
              30 C     -5.086978000000   -6.117840000000   -0.260144000000
              31 C     -5.854986000000   -6.541820000000    0.734276000000
              32 C     -6.732956000000   -5.607698000000    1.472406000000
              33 C     -5.794142000000   -8.001268000000    1.072110000000
              34 C     -2.356701000000    2.371997000000    0.262467000000
              35 C     -2.382556000000    3.800249000000   -0.019172000000
              36 O     -2.931444000000    4.085186000000   -1.200183000000
              37 C     -1.940119000000    4.936521000000    0.719732000000
              38 C     -1.373587000000    4.854396000000    1.975003000000
              39 C     -0.930754000000    6.050044000000    2.611414000000
              40 C     -1.051982000000    7.262865000000    2.016228000000
              41 C     -1.617684000000    7.353685000000    0.765994000000
              42 C     -2.047425000000    6.202161000000    0.145761000000
              43 O     -1.747455000000    8.588006000000    0.151561000000
              44 O     -1.243855000000    3.720673000000    2.577674000000
              45 O      0.817106000000    0.844844000000   -1.002715000000
              46 C      1.673900000000    0.031134000000   -0.334616000000
              47 O      2.515573000000   -0.793180000000   -0.861339000000
              48 C      5.063952000000    1.666588000000    0.975867000000
              49 C      3.862631000000   -4.074219000000   -1.891819000000
              50 H      6.985578000000   -3.945148000000   -0.621503000000
              51 H      5.719438000000   -3.720011000000    0.661463000000
              52 H      5.681380000000   -5.160164000000   -0.413633000000
              53 H      4.590262000000   -1.607480000000   -2.418635000000
              54 H      6.826912000000   -1.944276000000   -0.276086000000
              55 H      7.224402000000   -1.319551000000   -1.948472000000
              56 H      7.163547000000    0.460461000000   -0.356581000000
              57 H      5.847023000000    0.691010000000   -1.503245000000
              58 H      4.563198000000   -1.696010000000    0.869484000000
              59 H      3.987654000000   -0.936144000000    3.141631000000
              60 H      3.863675000000    0.753145000000    2.629841000000
              61 H      1.640135000000   -0.323877000000    3.132356000000
              62 H      1.991332000000   -1.615313000000    1.984591000000
              63 H      0.204149000000    1.419410000000    2.246799000000
              64 H      0.238731000000    5.310528000000   -2.774275000000
              65 H      1.954708000000    6.433597000000   -1.351823000000
              66 H      1.845440000000    3.165003000000    1.336961000000
              67 H      3.379061000000    6.374410000000    0.698835000000
              68 H     -0.966371000000   -0.599876000000   -0.633957000000
              69 H     -1.474196000000   -0.170025000000    1.038862000000
              70 H     -3.519772000000   -0.141489000000   -1.261410000000
              71 H     -3.696293000000    0.101527000000    0.518454000000
              72 H     -2.977376000000   -2.230390000000    1.018115000000
              73 H     -3.064484000000   -1.879607000000   -2.826605000000
              74 H     -4.164014000000   -3.269498000000   -2.839021000000
              75 H     -4.829095000000   -1.704262000000   -2.256015000000
              76 H     -2.931529000000   -4.790398000000   -1.062836000000
              77 H     -3.432490000000   -4.301420000000    0.592932000000
              78 H     -5.741001000000   -4.125190000000    0.005487000000
              79 H     -5.386125000000   -4.628662000000   -1.743087000000
              80 H     -4.435801000000   -6.783026000000   -0.822677000000
              81 H     -7.322157000000   -6.189742000000    2.212151000000
              82 H     -6.204508000000   -4.815481000000    2.016371000000
              83 H     -7.389900000000   -5.106574000000    0.702286000000
              84 H     -6.420054000000   -8.575294000000    0.332779000000
              85 H     -4.732888000000   -8.311940000000    0.927201000000
              86 H     -6.129720000000   -8.145350000000    2.105964000000
              87 H     -2.402559000000    2.239742000000    1.401996000000
              88 H     -3.423622000000    2.023942000000    0.002571000000
              89 H     -0.483917000000    5.966558000000    3.604774000000
              90 H     -0.714093000000    8.183930000000    2.500328000000
              91 H     -2.486890000000    6.353394000000   -0.849914000000
              92 H     -0.971691000000    8.905582000000   -0.438073000000
              93 H     -1.045253000000    3.072927000000    3.192852000000
              94 H      5.536835000000    2.349300000000    0.248218000000
              95 H      5.537442000000    1.719206000000    1.974838000000
              96 H      3.988127000000    1.941225000000    0.984262000000
              97 H      2.926586000000   -3.810239000000   -1.335155000000
              98 H      4.058177000000   -5.184678000000   -1.824171000000
              99 H      3.696535000000   -3.857009000000   -2.960681000000
