-------------------------------------------------------------
----------------------- !PROPERTIES! ------------------------
-------------------------------------------------------------
# -----------------------------------------------------------
$ SCF_Energy
   description: The SCF energy
   geom. index: 1
   prop. index: 1
        SCF Energy:    -2081.9511039991
# -----------------------------------------------------------
$ DFT_Energy
   description: The DFT energy
   geom. index: 1
   prop. index: 1
   Number of Alpha Electrons                122.0000291768 
   Number of Beta  Electrons                122.0000291768 
   Total number of  Electrons               244.0000583537 
   Exchange energy                         -184.2299319963 
   Correlation energy                       -10.2423260570 
   Correlation energy NL                      0.0000000000 
   Exchange-Correlation energy             -194.4722580532 
   Embedding correction                       0.0000000000 
   Total DFT Energy (No VdW correction)   -2081.9511039991 
# -----------------------------------------------------------
$ Mayer_Pop
   description: The Mayer population analysis
   geom. index: 1
   prop. index: 1
     Number of atoms                     : 48
     Threshold for printing              : 0.1000000
     Number of bond orders printed       : 50
  NA   - Mulliken gross atomic population
  ZA   - Total nuclear charge
  QA   - Mulliken gross atomic charge
  VA   - Mayer's total valence
  BVA  - Mayer's bonded valence
  FA   - Mayer's free valence
  ATOM       NA         ZA         QA         VA         BVA        FA
  0   0     6.0613     6.0000    -0.0613     3.8642     3.8642    -0.0000
  1   0    15.1895    16.0000     0.8105     5.1575     5.1575     0.0000
  2   0     8.5144     8.0000    -0.5144     1.8726     1.8726    -0.0000
  3   0     8.4711     8.0000    -0.4711     1.9233     1.9233    -0.0000
  4   0     7.3477     7.0000    -0.3477     2.9527     2.9527    -0.0000
  5   0     5.8471     6.0000     0.1529     3.9094     3.9094    -0.0000
  6   0     5.8703     6.0000     0.1297     4.0115     4.0115    -0.0000
  7   0     5.9779     6.0000     0.0221     3.8621     3.8621     0.0000
  8   0     5.9800     6.0000     0.0200     3.8566     3.8566     0.0000
  9   0     6.0380     6.0000    -0.0380     3.8661     3.8661    -0.0000
 10   0     5.7056     6.0000     0.2944     3.7949     3.7949    -0.0000
 11   0     6.0980     6.0000    -0.0980     3.8323     3.8323    -0.0000
 12   0     5.9946     6.0000     0.0054     3.8620     3.8620     0.0000
 13   0     8.2640     8.0000    -0.2640     2.1956     2.1956     0.0000
 14   0     5.4383     6.0000     0.5617     4.2290     4.2290     0.0000
 15   0     9.2197     9.0000    -0.2197     1.1247     1.1247    -0.0000
 16   0     9.2282     9.0000    -0.2282     1.1144     1.1144    -0.0000
 17   0     7.1763     7.0000    -0.1763     3.1591     3.1591    -0.0000
 18   0     5.9327     6.0000     0.0673     4.2625     4.2625    -0.0000
 19   0     7.1127     7.0000    -0.1127     3.1246     3.1246    -0.0000
 20   0     5.9360     6.0000     0.0640     3.9858     3.9858     0.0000
 21   0     6.0520     6.0000    -0.0520     3.7534     3.7534    -0.0000
 22   0     5.8829     6.0000     0.1171     4.0073     4.0073    -0.0000
 23   0     7.1376     7.0000    -0.1376     3.1225     3.1225    -0.0000
 24   0     5.8656     6.0000     0.1344     4.0095     4.0095     0.0000
 25   0     7.1270     7.0000    -0.1270     2.9745     2.9745     0.0000
 26   0     7.0858     7.0000    -0.0858     2.9953     2.9953     0.0000
 27   0     6.0173     6.0000    -0.0173     3.9856     3.9856     0.0000
 28   0     8.1255     8.0000    -0.1255     2.4562     2.4562    -0.0000
 29   0     5.4581     6.0000     0.5419     4.1382     4.1382    -0.0000
 30   0     9.2243     9.0000    -0.2243     1.1257     1.1257     0.0000
 31   0     9.2115     9.0000    -0.2115     1.1382     1.1382    -0.0000
 32   0     0.9001     1.0000     0.0999     1.0025     1.0025    -0.0000
 33   0     0.8999     1.0000     0.1001     1.0029     1.0029     0.0000
 34   0     0.9287     1.0000     0.0713     1.0000     1.0000     0.0000
 35   0     0.8401     1.0000     0.1599     0.9959     0.9959    -0.0000
 36   0     0.9524     1.0000     0.0476     1.0195     1.0195     0.0000
 37   0     0.9968     1.0000     0.0032     1.0225     1.0225    -0.0000
 38   0     1.0094     1.0000    -0.0094     1.0019     1.0019    -0.0000
 39   0     1.0227     1.0000    -0.0227     0.9884     0.9884    -0.0000
 40   0     1.0104     1.0000    -0.0104     0.9909     0.9909    -0.0000
 41   0     1.0274     1.0000    -0.0274     0.9864     0.9864    -0.0000
 42   0     1.0373     1.0000    -0.0373     1.0007     1.0007     0.0000
 43   0     0.9902     1.0000     0.0098     1.0046     1.0046    -0.0000
 44   0     0.8571     1.0000     0.1429     1.0134     1.0134     0.0000
 45   0     0.9837     1.0000     0.0163     0.9995     0.9995     0.0000
 46   0     0.9837     1.0000     0.0163     1.0164     1.0164    -0.0000
 47   0     0.9687     1.0000     0.0313     1.0030     1.0030     0.0000
      Bond orders larger than 0.1000000
           Atom A     A.N. of A          Atom B    A.N. of B              Bond order
                0             6               1           16                0.890332
                0             6              32            1                0.948765
                0             6              33            1                0.948267
                0             6              34            1                0.946128
                1            16               2            8                1.581351
                1            16               3            8                1.677054
                1            16               4            7                0.904405
                4             7               5            6                0.949952
                4             7              35            1                0.908074
                5             6               6            6                1.056232
                5             6              36            1                0.924623
                5             6              37            1                0.921466
                6             6               7            6                0.992610
                6             6              17            7                0.975741
                6             6              38            1                0.893934
                7             6               8            6                1.360356
                7             6              12            6                1.389622
                8             6               9            6                1.392334
                8             6              39            1                0.994927
                9             6              10            6                1.343518
                9             6              40            1                0.989060
               10             6              11            6                1.323407
               10             6              13            8                1.038502
               11             6              12            6                1.363516
               11             6              41            1                0.982896
               12             6              42            1                0.982935
               13             8              14            6                1.078219
               14             6              15            9                1.078579
               14             6              16            9                1.068762
               14             6              43            1                0.949085
               17             7              18            6                1.165675
               17             7              44            1                0.900525
               18             6              19            7                1.460872
               18             6              23            7                1.428628
               19             7              20            6                1.540763
               20             6              21            6                1.322496
               20             6              45            1                0.986758
               21             6              22            6                1.346136
               21             6              24            6                1.035595
               22             6              23            7                1.531034
               22             6              46            1                0.979303
               24             6              25            7                1.595986
               24             6              28            8                1.216430
               25             7              26            7                1.253416
               26             7              27            6                1.628800
               27             6              28            8                1.169805
               27             6              29            6                1.002540
               29             6              30            9                1.079016
               29             6              31            9                1.084495
               29             6              47            1                0.946114
# -----------------------------------------------------------
$ Calculation_Info
   description: Details of the calculation
   geom. index: 1
   prop. index: 1
     Multiplicity:                          1
     Charge:                                0
     number of atoms:                       48
     number of electrons:                   0
     number of frozen core electrons:       1
     number of correlated electrons:        0
     number of basis functions:             532
     number of aux C basis functions:       0
     number of aux J basis functions:       1746
     number of aux JK basis functions:      0
     number of aux CABS basis functions:    0
     Total Energy                           -2081.951104
# -----------------------------------------------------------
$ SCF_Electric_Properties
   description: The SCF Calculated Electric Properties
   geom. index: 1
   prop. index: 1
       Filename                          : 247.scfp 
       Do Dipole Moment Calculation      : true 
       Do Quadrupole Moment Calculation  : false 
       Do Polarizability Calculation     : true 
** Dipole moment part of electric properties **
        Magnitude of dipole moment (Debye) :        4.3548307853
        Electronic Contribution:
                  0    
      0      33.521118
      1      22.750108
      2       4.359544
        Nuclear Contribution:
                  0    
      0     -33.161302
      1     -22.884691
      2      -6.029207
        Total Dipole moment:
                  0    
      0       0.359816
      1      -0.134583
      2      -1.669663
** Polarizabilities part of electric properties **
        Isotropic polarizability :      265.0381179842
        The raw cartesian tensor (atomic units):
                  0          1          2    
      0     329.540480  38.563140  16.053527
      1      38.563140 259.432518  25.833452
      2      16.053527  25.833452 206.141356
        Diagonalised polarizability tensor :
                  0    
      0     195.672784
      1     248.398864
      2     351.042706
# -------------------------------------------------------------
----------------------- !GEOMETRIES! ------------------------
# -------------------------------------------------------------
------------------------ !GEOMETRY! -------------------------
    Number of atoms:    48 
    Geometry Index:     1 
    Coordinates:
               0 C     -4.115100000000   -3.579415000000   -2.635348000000
               1 S     -3.895267000000   -4.182628000000   -0.990148000000
               2 O     -5.074026000000   -3.720305000000   -0.147575000000
               3 O     -3.778619000000   -5.676805000000   -0.943432000000
               4 N     -2.499941000000   -3.416298000000   -0.323562000000
               5 C     -2.797760000000   -1.974392000000   -0.310121000000
               6 C     -1.589279000000   -1.297626000000    0.268214000000
               7 C     -1.776606000000    0.170025000000    0.330677000000
               8 C     -2.060538000000    0.752923000000    1.538957000000
               9 C     -2.230416000000    2.106415000000    1.580903000000
              10 C     -2.124660000000    2.908279000000    0.439764000000
              11 C     -1.840653000000    2.275628000000   -0.735416000000
              12 C     -1.659846000000    0.910731000000   -0.831044000000
              13 O     -2.308356000000    4.259022000000    0.561409000000
              14 C     -2.234998000000    5.169150000000   -0.461094000000
              15 F     -3.448428000000    5.846255000000   -0.543850000000
              16 F     -1.231284000000    6.092152000000   -0.141472000000
              17 N     -0.418589000000   -1.584557000000   -0.548261000000
              18 C      0.824647000000   -1.039738000000   -0.162133000000
              19 N      1.900248000000   -1.307150000000   -0.919729000000
              20 C      3.090967000000   -0.780020000000   -0.539223000000
              21 C      3.195168000000   -0.003071000000    0.576522000000
              22 C      2.086522000000    0.259212000000    1.337551000000
              23 N      0.922467000000   -0.278538000000    0.932295000000
              24 C      4.474171000000    0.553322000000    0.971596000000
              25 N      4.720605000000    1.332318000000    2.046601000000
              26 N      5.992045000000    1.610113000000    2.030279000000
              27 C      6.525204000000    1.013396000000    0.963114000000
              28 O      5.594189000000    0.368400000000    0.318463000000
              29 C      7.950488000000    1.031912000000    0.509476000000
              30 F      8.024414000000    1.621737000000   -0.741997000000
              31 F      8.375647000000   -0.268755000000    0.424057000000
              32 H     -4.964973000000   -2.866010000000   -2.677382000000
              33 H     -4.325337000000   -4.395541000000   -3.358172000000
              34 H     -3.173236000000   -3.111136000000   -2.979351000000
              35 H     -2.328608000000   -3.772465000000    0.625463000000
              36 H     -3.648894000000   -1.759520000000    0.387872000000
              37 H     -3.056925000000   -1.609091000000   -1.302307000000
              38 H     -1.435650000000   -1.671233000000    1.297079000000
              39 H     -2.153389000000    0.169338000000    2.459399000000
              40 H     -2.458090000000    2.575341000000    2.549107000000
              41 H     -1.736354000000    2.811504000000   -1.687776000000
              42 H     -1.434713000000    0.425234000000   -1.774510000000
              43 H     -2.001599000000    4.723101000000   -1.429046000000
              44 H     -0.536866000000   -2.188453000000   -1.399276000000
              45 H      3.956565000000   -1.002569000000   -1.159769000000
              46 H      2.169477000000    0.866090000000    2.208462000000
              47 H      8.536175000000    1.633717000000    1.233686000000
