-------------------------------------------------------------
----------------------- !PROPERTIES! ------------------------
-------------------------------------------------------------
# -----------------------------------------------------------
$ SCF_Energy
   description: The SCF energy
   geom. index: 1
   prop. index: 1
        SCF Energy:    -1673.5331200335
# -----------------------------------------------------------
$ DFT_Energy
   description: The DFT energy
   geom. index: 1
   prop. index: 1
   Number of Alpha Electrons                112.9998067108 
   Number of Beta  Electrons                112.9998067108 
   Total number of  Electrons               225.9996134216 
   Exchange energy                         -158.0068024761 
   Correlation energy                        -9.1995834346 
   Correlation energy NL                      0.0000000000 
   Exchange-Correlation energy             -167.2063859107 
   Embedding correction                       0.0000000000 
   Total DFT Energy (No VdW correction)   -1673.5331200335 
# -----------------------------------------------------------
$ Mayer_Pop
   description: The Mayer population analysis
   geom. index: 1
   prop. index: 1
     Number of atoms                     : 54
     Threshold for printing              : 0.1000000
     Number of bond orders printed       : 60
  NA   - Mulliken gross atomic population
  ZA   - Total nuclear charge
  QA   - Mulliken gross atomic charge
  VA   - Mayer's total valence
  BVA  - Mayer's bonded valence
  FA   - Mayer's free valence
  ATOM       NA         ZA         QA         VA         BVA        FA
  0   0     5.9005     6.0000     0.0995     3.9521     3.9521     0.0000
  1   0     5.9913     6.0000     0.0087     3.9567     3.9567     0.0000
  2   0     5.9799     6.0000     0.0201     3.8654     3.8654     0.0000
  3   0     6.0376     6.0000    -0.0376     3.8700     3.8700    -0.0000
  4   0     5.9491     6.0000     0.0509     3.7724     3.7724    -0.0000
  5   0     5.9657     6.0000     0.0343     3.8252     3.8252     0.0000
  6   0     6.0768     6.0000    -0.0768     3.8639     3.8639    -0.0000
  7   0     5.9381     6.0000     0.0619     3.8902     3.8902     0.0000
  8   0     5.7943     6.0000     0.2057     3.9327     3.9327    -0.0000
  9   0     5.9302     6.0000     0.0698     4.0042     4.0042    -0.0000
 10   0     6.0441     6.0000    -0.0441     4.1768     4.1768     0.0000
 11   0     5.8563     6.0000     0.1437     3.9919     3.9919    -0.0000
 12   0     5.8553     6.0000     0.1447     4.0584     4.0584    -0.0000
 13   0     7.3628     7.0000    -0.3628     3.1515     3.1515     0.0000
 14   0     5.8399     6.0000     0.1601     3.9633     3.9633     0.0000
 15   0     6.0294     6.0000    -0.0294     3.8869     3.8869     0.0000
 16   0     6.0453     6.0000    -0.0453     3.8800     3.8800    -0.0000
 17   0     6.0552     6.0000    -0.0552     3.8048     3.8048    -0.0000
 18   0     5.9470     6.0000     0.0530     3.7827     3.7827    -0.0000
 19   0     6.0077     6.0000    -0.0077     3.7692     3.7692    -0.0000
 20   0     6.1130     6.0000    -0.1130     4.0275     4.0275    -0.0000
 21   0     6.9678     7.0000     0.0322     3.1265     3.1265    -0.0000
 22   0     7.1596     7.0000    -0.1596     3.1732     3.1732    -0.0000
 23   0     5.8495     6.0000     0.1505     4.2899     4.2899    -0.0000
 24   0     8.2986     8.0000    -0.2986     2.2304     2.2304     0.0000
 25   0     6.1672     6.0000    -0.1672     3.7098     3.7098    -0.0000
 26   0     6.0744     6.0000    -0.0744     4.1139     4.1139     0.0000
 27   0     7.0848     7.0000    -0.0848     3.1065     3.1065     0.0000
 28   0     7.1761     7.0000    -0.1761     2.8402     2.8402    -0.0000
 29   0    15.6592    16.0000     0.3408     2.6596     2.6596    -0.0000
 30   0     5.9296     6.0000     0.0704     3.9266     3.9266    -0.0000
 31   0     0.9805     1.0000     0.0195     0.9998     0.9998     0.0000
 32   0     0.9926     1.0000     0.0074     0.9956     0.9956     0.0000
 33   0     0.9915     1.0000     0.0085     0.9978     0.9978     0.0000
 34   0     1.0080     1.0000    -0.0080     0.9864     0.9864    -0.0000
 35   0     1.0399     1.0000    -0.0399     0.9856     0.9856     0.0000
 36   0     1.0237     1.0000    -0.0237     0.9772     0.9772    -0.0000
 37   0     1.0302     1.0000    -0.0302     0.9763     0.9763     0.0000
 38   0     1.0456     1.0000    -0.0456     0.9850     0.9850    -0.0000
 39   0     0.9966     1.0000     0.0034     0.9866     0.9866     0.0000
 40   0     1.0191     1.0000    -0.0191     0.9927     0.9927    -0.0000
 41   0     0.9710     1.0000     0.0290     0.9880     0.9880    -0.0000
 42   0     0.9692     1.0000     0.0308     1.0399     1.0399    -0.0000
 43   0     0.9925     1.0000     0.0075     0.9849     0.9849    -0.0000
 44   0     1.0181     1.0000    -0.0181     0.9997     0.9997     0.0000
 45   0     1.0170     1.0000    -0.0170     0.9924     0.9924    -0.0000
 46   0     0.9822     1.0000     0.0178     0.9941     0.9941    -0.0000
 47   0     1.0279     1.0000    -0.0279     0.9949     0.9949     0.0000
 48   0     1.0274     1.0000    -0.0274     0.9875     0.9875    -0.0000
 49   0     1.0206     1.0000    -0.0206     0.9858     0.9858    -0.0000
 50   0     0.8807     1.0000     0.1193     1.0261     1.0261    -0.0000
 51   0     0.9574     1.0000     0.0426     0.9917     0.9917     0.0000
 52   0     0.9594     1.0000     0.0406     0.9930     0.9930     0.0000
 53   0     0.9628     1.0000     0.0372     1.0155     1.0155    -0.0000
      Bond orders larger than 0.1000000
           Atom A     A.N. of A          Atom B    A.N. of B              Bond order
                0             6               1            6                1.087192
                0             6              31            1                0.949720
                0             6              32            1                0.951847
                0             6              33            1                0.950535
                1             6               2            6                0.994877
                1             6              15            6                0.967748
                1             6              34            1                0.871750
                2             6               3            6                1.432350
                2             6               7            6                1.342371
                3             6               4            6                1.320169
                3             6              35            1                0.994264
                4             6               5            6                1.408596
                4             6              36            1                0.990956
                5             6               6            6                1.330911
                5             6              37            1                0.979891
                6             6               7            6                1.437663
                6             6              38            1                0.992466
                7             6               8            6                0.997620
                8             6               9            6                1.062959
                8             6              13            7                0.937113
                8             6              39            1                0.863384
                9             6              10            6                1.058115
                9             6              40            1                0.904276
                9             6              41            1                0.914915
               10             6              11            6                1.086822
               10             6              22            7                0.926670
               10             6              42            1                0.878156
               11             6              12            6                1.079589
               11             6              43            1                0.913769
               11             6              44            1                0.901778
               12             6              13            7                0.968659
               12             6              45            1                0.894885
               12             6              46            1                0.935517
               13             7              14            6                1.085880
               14             6              15            6                1.388844
               14             6              19            6                1.317503
               15             6              16            6                1.376459
               16             6              17            6                1.325912
               16             6              47            1                1.001179
               17             6              18            6                1.328325
               17             6              20            6                1.055746
               18             6              19            6                1.351224
               18             6              48            1                0.994014
               19             6              49            1                0.973043
               20             6              21            7                2.994899
               22             7              23            6                1.235585
               22             7              50            1                0.892307
               23             6              24            8                1.973664
               23             6              25            6                1.001298
               25             6              26            6                1.372202
               25             6              28            7                0.171542
               25             6              29           16                1.209987
               26             6              27            7                1.494204
               26             6              30            6                1.105403
               27             7              28            7                1.401714
               27             7              29           16                0.150949
               28             7              29           16                1.209483
               30             6              51            1                0.944453
               30             6              52            1                0.947826
               30             6              53            1                0.932847
# -----------------------------------------------------------
$ Calculation_Info
   description: Details of the calculation
   geom. index: 1
   prop. index: 1
     Multiplicity:                          1
     Charge:                                0
     number of atoms:                       54
     number of electrons:                   0
     number of frozen core electrons:       1
     number of correlated electrons:        0
     number of basis functions:             553
     number of aux C basis functions:       0
     number of aux J basis functions:       1774
     number of aux JK basis functions:      0
     number of aux CABS basis functions:    0
     Total Energy                           -1673.533120
# -----------------------------------------------------------
$ SCF_Electric_Properties
   description: The SCF Calculated Electric Properties
   geom. index: 1
   prop. index: 1
       Filename                          : 125.scfp 
       Do Dipole Moment Calculation      : true 
       Do Quadrupole Moment Calculation  : false 
       Do Polarizability Calculation     : true 
** Dipole moment part of electric properties **
        Magnitude of dipole moment (Debye) :        3.8400494622
        Electronic Contribution:
                  0    
      0      19.129526
      1      -6.310663
      2      -7.363052
        Nuclear Contribution:
                  0    
      0     -18.554443
      1       6.644260
      2       8.719663
        Total Dipole moment:
                  0    
      0       0.575083
      1       0.333596
      2       1.356611
** Polarizabilities part of electric properties **
        Isotropic polarizability :      309.8432863381
        The raw cartesian tensor (atomic units):
                  0          1          2    
      0     423.810509   1.188806  37.954905
      1       1.188806 284.763884  16.845159
      2      37.954905  16.845159 220.955466
        Diagonalised polarizability tensor :
                  0    
      0     210.477912
      1     288.252460
      2     430.799487
# -------------------------------------------------------------
----------------------- !GEOMETRIES! ------------------------
# -------------------------------------------------------------
------------------------ !GEOMETRY! -------------------------
    Number of atoms:    54 
    Geometry Index:     1 
    Coordinates:
               0 C     -3.692427000000    0.919476000000    1.804360000000
               1 C     -3.291239000000    1.430016000000    0.455496000000
               2 C     -2.088468000000    2.285562000000    0.509578000000
               3 C     -2.434839000000    3.608510000000    0.516479000000
               4 C     -1.473861000000    4.589232000000    0.560475000000
               5 C     -0.120760000000    4.236565000000    0.599375000000
               6 C      0.250888000000    2.887771000000    0.594047000000
               7 C     -0.713989000000    1.950340000000    0.550135000000
               8 C     -0.255421000000    0.568755000000    0.537006000000
               9 C      1.093267000000    0.164183000000    0.836037000000
              10 C      1.923681000000   -0.456400000000   -0.255997000000
              11 C      1.130206000000   -1.187017000000   -1.315786000000
              12 C      0.119204000000   -0.217930000000   -1.831885000000
              13 N     -0.776831000000    0.046380000000   -0.749881000000
              14 C     -2.112509000000   -0.228439000000   -1.103689000000
              15 C     -3.240037000000    0.394380000000   -0.587276000000
              16 C     -4.493951000000    0.028919000000   -1.071919000000
              17 C     -4.578282000000   -0.934274000000   -2.043496000000
              18 C     -3.443980000000   -1.559679000000   -2.560539000000
              19 C     -2.204012000000   -1.206165000000   -2.087968000000
              20 C     -5.874892000000   -1.283544000000   -2.538521000000
              21 N     -6.950305000000   -1.559962000000   -2.931031000000
              22 N      3.033536000000   -1.231415000000    0.271543000000
              23 C      4.359483000000   -0.980706000000    0.006245000000
              24 O      4.613405000000   -0.000544000000   -0.766389000000
              25 C      5.493828000000   -1.724975000000    0.521802000000
              26 C      5.634084000000   -2.777649000000    1.374228000000
              27 N      6.846970000000   -3.192077000000    1.633733000000
              28 N      7.863998000000   -2.613773000000    1.094150000000
              29 S      7.178210000000   -1.409227000000    0.151775000000
              30 C      4.445467000000   -3.478292000000    2.013956000000
              31 H     -3.129776000000    0.034968000000    2.154029000000
              32 H     -4.784578000000    0.731597000000    1.778010000000
              33 H     -3.575733000000    1.756570000000    2.527384000000
              34 H     -4.136676000000    2.101142000000    0.145611000000
              35 H     -3.467104000000    3.880776000000    0.488724000000
              36 H     -1.696240000000    5.651960000000    0.565786000000
              37 H      0.682630000000    4.952417000000    0.629611000000
              38 H      1.280223000000    2.621268000000    0.615780000000
              39 H     -0.893691000000    0.050563000000    1.340098000000
              40 H      1.130618000000   -0.670431000000    1.633596000000
              41 H      1.777441000000    0.902130000000    1.348040000000
              42 H      2.401175000000    0.396815000000   -0.817497000000
              43 H      1.872471000000   -1.474362000000   -2.096558000000
              44 H      0.591701000000   -2.073023000000   -0.918924000000
              45 H      0.705103000000    0.787438000000   -1.820952000000
              46 H     -0.160686000000   -0.169993000000   -2.839614000000
              47 H     -5.317942000000    0.559086000000   -0.620192000000
              48 H     -3.577181000000   -2.304290000000   -3.320768000000
              49 H     -1.271246000000   -1.634567000000   -2.407068000000
              50 H      2.743427000000   -2.017316000000    0.878470000000
              51 H      3.898229000000   -3.986043000000    1.202708000000
              52 H      3.882358000000   -2.834988000000    2.678888000000
              53 H      4.805055000000   -4.329734000000    2.668797000000
