-------------------------------------------------------------
----------------------- !PROPERTIES! ------------------------
-------------------------------------------------------------
# -----------------------------------------------------------
$ SCF_Energy
   description: The SCF energy
   geom. index: 1
   prop. index: 1
        SCF Energy:    -2038.6616213252
# -----------------------------------------------------------
$ DFT_Energy
   description: The DFT energy
   geom. index: 1
   prop. index: 1
   Number of Alpha Electrons                168.9999908696 
   Number of Beta  Electrons                168.9999908696 
   Total number of  Electrons               337.9999817393 
   Exchange energy                         -219.8736599111 
   Correlation energy                       -13.4836857640 
   Correlation energy NL                      0.0000000000 
   Exchange-Correlation energy             -233.3573456752 
   Embedding correction                       0.0000000000 
   Total DFT Energy (No VdW correction)   -2038.6616213252 
# -----------------------------------------------------------
$ Mayer_Pop
   description: The Mayer population analysis
   geom. index: 1
   prop. index: 1
     Number of atoms                     : 94
     Threshold for printing              : 0.1000000
     Number of bond orders printed       : 100
  NA   - Mulliken gross atomic population
  ZA   - Total nuclear charge
  QA   - Mulliken gross atomic charge
  VA   - Mayer's total valence
  BVA  - Mayer's bonded valence
  FA   - Mayer's free valence
  ATOM       NA         ZA         QA         VA         BVA        FA
  0   0     6.0462     6.0000    -0.0462     4.0236     4.0236     0.0000
  1   0     5.7994     6.0000     0.2006     4.0288     4.0288     0.0000
  2   0     8.2992     8.0000    -0.2992     2.2303     2.2303     0.0000
  3   0     5.7596     6.0000     0.2404     4.1507     4.1507     0.0000
  4   0     8.3056     8.0000    -0.3056     2.1803     2.1803     0.0000
  5   0     6.0127     6.0000    -0.0127     4.0861     4.0861     0.0000
  6   0     5.7948     6.0000     0.2052     3.9618     3.9618     0.0000
  7   0     6.0025     6.0000    -0.0025     4.3253     4.3253    -0.0000
  8   0     5.9040     6.0000     0.0960     3.8360     3.8360    -0.0000
  9   0     5.9348     6.0000     0.0652     4.0465     4.0465     0.0000
 10   0     5.8093     6.0000     0.1907     4.1052     4.1052     0.0000
 11   0     6.1150     6.0000    -0.1150     3.8428     3.8428     0.0000
 12   0     5.7732     6.0000     0.2268     3.8797     3.8797     0.0000
 13   0     8.3357     8.0000    -0.3357     2.1275     2.1275    -0.0000
 14   0     6.0531     6.0000    -0.0531     3.8027     3.8027     0.0000
 15   0     6.0412     6.0000    -0.0412     3.7252     3.7252    -0.0000
 16   0     5.8634     6.0000     0.1366     3.8624     3.8624     0.0000
 17   0     5.9061     6.0000     0.0939     3.7734     3.7734     0.0000
 18   0     5.9436     6.0000     0.0564     3.7149     3.7149     0.0000
 19   0     6.0844     6.0000    -0.0844     3.6195     3.6195    -0.0000
 20   0     5.7935     6.0000     0.2065     3.7960     3.7960     0.0000
 21   0     6.0518     6.0000    -0.0518     3.7240     3.7240    -0.0000
 22   0     6.1213     6.0000    -0.1213     3.9586     3.9586     0.0000
 23   0     5.8635     6.0000     0.1365     3.8250     3.8250    -0.0000
 24   0     8.3514     8.0000    -0.3514     2.1623     2.1623    -0.0000
 25   0     5.7477     6.0000     0.2523     3.8029     3.8029     0.0000
 26   0     6.1472     6.0000    -0.1472     4.0565     4.0565     0.0000
 27   0     6.2549     6.0000    -0.2549     4.1948     4.1948     0.0000
 28   0     5.8375     6.0000     0.1625     3.9197     3.9197    -0.0000
 29   0     5.9156     6.0000     0.0844     3.9997     3.9997    -0.0000
 30   0     6.0764     6.0000    -0.0764     3.9521     3.9521     0.0000
 31   0     6.2204     6.0000    -0.2204     4.2262     4.2262    -0.0000
 32   0     5.8948     6.0000     0.1052     3.9312     3.9312    -0.0000
 33   0     5.9013     6.0000     0.0987     3.9803     3.9803    -0.0000
 34   0     5.9385     6.0000     0.0615     3.9828     3.9828     0.0000
 35   0     6.0366     6.0000    -0.0366     3.9769     3.9769    -0.0000
 36   0     6.2473     6.0000    -0.2473     4.2175     4.2175    -0.0000
 37   0     5.9109     6.0000     0.0891     3.9072     3.9072    -0.0000
 38   0     5.9054     6.0000     0.0946     3.9516     3.9516     0.0000
 39   0     5.6674     6.0000     0.3326     3.9574     3.9574    -0.0000
 40   0     8.3471     8.0000    -0.3471     2.0807     2.0807     0.0000
 41   0     8.3133     8.0000    -0.3133     2.0762     2.0762    -0.0000
 42   0     8.2258     8.0000    -0.2258     2.2217     2.2217     0.0000
 43   0     6.1179     6.0000    -0.1179     4.2443     4.2443    -0.0000
 44   0     6.0623     6.0000    -0.0623     3.9317     3.9317     0.0000
 45   0     5.9168     6.0000     0.0832     3.9199     3.9199     0.0000
 46   0     0.9689     1.0000     0.0311     1.0023     1.0023     0.0000
 47   0     0.9596     1.0000     0.0404     0.9950     0.9950     0.0000
 48   0     0.9926     1.0000     0.0074     0.9798     0.9798     0.0000
 49   0     0.9750     1.0000     0.0250     0.9855     0.9855    -0.0000
 50   0     0.9789     1.0000     0.0211     0.9803     0.9803    -0.0000
 51   0     0.9907     1.0000     0.0093     1.0058     1.0058    -0.0000
 52   0     0.9968     1.0000     0.0032     1.0029     1.0029    -0.0000
 53   0     1.0062     1.0000    -0.0062     0.9625     0.9625    -0.0000
 54   0     1.0044     1.0000    -0.0044     1.0092     1.0092     0.0000
 55   0     0.9523     1.0000     0.0477     0.9967     0.9967    -0.0000
 56   0     0.9887     1.0000     0.0113     0.9937     0.9937     0.0000
 57   0     0.9977     1.0000     0.0023     1.0044     1.0044     0.0000
 58   0     1.0269     1.0000    -0.0269     0.9938     0.9938     0.0000
 59   0     1.0515     1.0000    -0.0515     0.9894     0.9894     0.0000
 60   0     1.0494     1.0000    -0.0494     1.0785     1.0785     0.0000
 61   0     1.0650     1.0000    -0.0650     1.0158     1.0158    -0.0000
 62   0     1.0043     1.0000    -0.0043     1.0113     1.0113     0.0000
 63   0     0.9944     1.0000     0.0056     0.9755     0.9755     0.0000
 64   0     0.9887     1.0000     0.0113     0.9800     0.9800     0.0000
 65   0     1.0034     1.0000    -0.0034     1.0164     1.0164     0.0000
 66   0     1.0139     1.0000    -0.0139     0.9921     0.9921     0.0000
 67   0     1.0023     1.0000    -0.0023     0.9764     0.9764     0.0000
 68   0     1.0131     1.0000    -0.0131     1.0053     1.0053    -0.0000
 69   0     1.0286     1.0000    -0.0286     1.0078     1.0078    -0.0000
 70   0     0.9706     1.0000     0.0294     0.9858     0.9858    -0.0000
 71   0     0.9993     1.0000     0.0007     0.9950     0.9950    -0.0000
 72   0     0.9650     1.0000     0.0350     0.9841     0.9841    -0.0000
 73   0     1.0186     1.0000    -0.0186     0.9902     0.9902    -0.0000
 74   0     1.0048     1.0000    -0.0048     0.9839     0.9839    -0.0000
 75   0     1.0038     1.0000    -0.0038     0.9801     0.9801    -0.0000
 76   0     1.0154     1.0000    -0.0154     1.0186     1.0186     0.0000
 77   0     1.0398     1.0000    -0.0398     0.9902     0.9902    -0.0000
 78   0     0.9721     1.0000     0.0279     0.9895     0.9895    -0.0000
 79   0     1.0043     1.0000    -0.0043     0.9979     0.9979    -0.0000
 80   0     0.9738     1.0000     0.0262     0.9925     0.9925    -0.0000
 81   0     0.9997     1.0000     0.0003     0.9900     0.9900     0.0000
 82   0     0.9647     1.0000     0.0353     0.9870     0.9870     0.0000
 83   0     0.9739     1.0000     0.0261     0.9858     0.9858     0.0000
 84   0     1.0075     1.0000    -0.0075     0.9789     0.9789    -0.0000
 85   0     1.0180     1.0000    -0.0180     1.0064     1.0064     0.0000
 86   0     0.8298     1.0000     0.1702     1.0142     1.0142     0.0000
 87   0     0.7920     1.0000     0.2080     0.9771     0.9771     0.0000
 88   0     0.7942     1.0000     0.2058     0.9882     0.9882    -0.0000
 89   0     1.0048     1.0000    -0.0048     0.9775     0.9775    -0.0000
 90   0     0.9985     1.0000     0.0015     0.9869     0.9869    -0.0000
 91   0     0.9773     1.0000     0.0227     0.9884     0.9884    -0.0000
 92   0     0.9844     1.0000     0.0156     0.9943     0.9943    -0.0000
 93   0     0.9841     1.0000     0.0159     0.9938     0.9938     0.0000
      Bond orders larger than 0.1000000
           Atom A     A.N. of A          Atom B    A.N. of B              Bond order
                0             6               1            6                1.101945
                0             6              46            1                0.971822
                0             6              47            1                0.970647
                0             6              48            1                0.964109
                1             6               2            8                0.923833
                1             6              49            1                0.950745
                1             6              50            1                0.962328
                2             8               3            6                1.217310
                3             6               4            8                1.954346
                3             6               5            6                0.883549
                5             6               6            6                1.007671
                5             6              10            6                1.105732
                5             6              13            8                0.952450
                6             6               7            6                1.149354
                6             6              51            1                0.883717
                6             6              52            1                0.892747
                7             6               8            6                1.141982
                7             6              10            6                0.157653
                7             6              53            1                0.874298
                7             6              54            1                0.917425
                8             6               9            6                0.928297
                8             6              43            6                1.007272
                8             6              55            1                0.827304
                9             6              10            6                1.101838
                9             6              11            6                0.952736
                9             6              24            8                0.945622
               10             6              56            1                0.927217
               10             6              57            1                0.825776
               11             6              12            6                1.313993
               11             6              17            6                1.391173
               12             6              13            8                1.057556
               12             6              14            6                1.381549
               14             6              15            6                1.307211
               14             6              58            1                1.003267
               15             6              16            6                1.327996
               15             6              59            1                0.979046
               16             6              17            6                1.283838
               16             6              42            8                1.157002
               17             6              18            6                1.030504
               18             6              19            6                1.296259
               18             6              23            6                1.278296
               19             6              20            6                1.282229
               19             6              60            1                0.994331
               20             6              21            6                1.329005
               20             6              41            8                1.067977
               21             6              22            6                1.319760
               21             6              61            1                1.005138
               22             6              23            6                1.423685
               22             6              25            6                1.008132
               23             6              24            8                1.078381
               25             6              26            6                1.034346
               25             6              62            1                0.934736
               25             6              63            1                0.848346
               26             6              27            6                1.919383
               26             6              64            1                0.909163
               27             6              28            6                1.016679
               27             6              39            6                1.075315
               28             6              29            6                1.114115
               28             6              65            1                0.891960
               28             6              66            1                0.894560
               29             6              30            6                1.006978
               29             6              67            1                0.902216
               29             6              68            1                0.911624
               30             6              31            6                1.907411
               30             6              69            1                0.962563
               31             6              32            6                1.080690
               31             6              33            6                1.058247
               32             6              70            1                0.936333
               32             6              71            1                0.937857
               32             6              72            1                0.939072
               33             6              34            6                1.070639
               33             6              73            1                0.922577
               33             6              74            1                0.914156
               34             6              35            6                1.044351
               34             6              75            1                0.910807
               34             6              76            1                0.924287
               35             6              36            6                1.911722
               35             6              77            1                0.968487
               36             6              37            6                1.045408
               36             6              38            6                1.102002
               37             6              78            1                0.962691
               37             6              79            1                0.953508
               37             6              80            1                0.964666
               38             6              81            1                0.940498
               38             6              82            1                0.941572
               38             6              83            1                0.941998
               39             6              40            8                0.994533
               39             6              84            1                0.912223
               39             6              85            1                0.937988
               40             8              86            1                0.968411
               41             8              87            1                0.942174
               42             8              60            1                0.100614
               42             8              88            1                0.919925
               43             6              44            6                2.023787
               43             6              45            6                1.031810
               44             6              89            1                0.916652
               44             6              90            1                0.945548
               45             6              91            1                0.949349
               45             6              92            1                0.949539
               45             6              93            1                0.953456
# -----------------------------------------------------------
$ Calculation_Info
   description: Details of the calculation
   geom. index: 1
   prop. index: 1
     Multiplicity:                          1
     Charge:                                0
     number of atoms:                       94
     number of electrons:                   0
     number of frozen core electrons:       1
     number of correlated electrons:        0
     number of basis functions:             884
     number of aux C basis functions:       0
     number of aux J basis functions:       2782
     number of aux JK basis functions:      0
     number of aux CABS basis functions:    0
     Total Energy                           -2038.661621
# -----------------------------------------------------------
$ SCF_Electric_Properties
   description: The SCF Calculated Electric Properties
   geom. index: 1
   prop. index: 1
       Filename                          : 198.scfp 
       Do Dipole Moment Calculation      : true 
       Do Quadrupole Moment Calculation  : false 
       Do Polarizability Calculation     : true 
** Dipole moment part of electric properties **
        Magnitude of dipole moment (Debye) :        2.8170661490
        Electronic Contribution:
                  0    
      0     -73.350735
      1     -23.899313
      2      18.360526
        Nuclear Contribution:
                  0    
      0      72.536427
      1      23.148388
      2     -18.397069
        Total Dipole moment:
                  0    
      0      -0.814308
      1      -0.750925
      2      -0.036543
** Polarizabilities part of electric properties **
        Isotropic polarizability :      448.6735096838
        The raw cartesian tensor (atomic units):
                  0          1          2    
      0     562.522831   5.690947 -29.525196
      1       5.690947 434.622835 -12.178088
      2     -29.525196 -12.178088 348.874864
        Diagonalised polarizability tensor :
                  0    
      0     343.464647
      1     435.625973
      2     566.929909
# -------------------------------------------------------------
----------------------- !GEOMETRIES! ------------------------
# -------------------------------------------------------------
------------------------ !GEOMETRY! -------------------------
    Number of atoms:    94 
    Geometry Index:     1 
    Coordinates:
               0 C     -7.928638000000    4.727167000000    2.282373000000
               1 C     -7.670186000000    3.433901000000    3.011548000000
               2 O     -7.190547000000    2.451896000000    2.116460000000
               3 C     -6.015645000000    2.686667000000    1.418694000000
               4 O     -5.427046000000    3.799729000000    1.630101000000
               5 C     -5.457816000000    1.705429000000    0.471999000000
               6 C     -5.347260000000    2.253822000000   -0.940387000000
               7 C     -4.043918000000    1.856476000000   -1.559070000000
               8 C     -3.650604000000    0.402739000000   -1.275736000000
               9 C     -3.584427000000    0.079478000000    0.149216000000
              10 C     -4.062358000000    1.356263000000    0.908057000000
              11 C     -4.418507000000   -0.979986000000    0.730732000000
              12 C     -5.791216000000   -0.707693000000    0.799482000000
              13 O     -6.244424000000    0.540638000000    0.374693000000
              14 C     -6.652216000000   -1.655805000000    1.278283000000
              15 C     -6.143685000000   -2.864064000000    1.686855000000
              16 C     -4.788437000000   -3.172538000000    1.638894000000
              17 C     -3.935987000000   -2.204420000000    1.153895000000
              18 C     -2.474422000000   -2.392437000000    1.219184000000
              19 C     -1.954044000000   -3.613653000000    1.537206000000
              20 C     -0.555064000000   -3.767712000000    1.498652000000
              21 C      0.258312000000   -2.718160000000    1.150870000000
              22 C     -0.284924000000   -1.494780000000    0.834800000000
              23 C     -1.668627000000   -1.319363000000    0.868975000000
              24 O     -2.218331000000   -0.087679000000    0.565414000000
              25 C      0.566165000000   -0.351442000000    0.402117000000
              26 C      1.836178000000   -0.850540000000   -0.174387000000
              27 C      2.069524000000   -0.849521000000   -1.458926000000
              28 C      3.307399000000   -1.316829000000   -2.122199000000
              29 C      4.424787000000   -1.723846000000   -1.245222000000
              30 C      4.975608000000   -0.565709000000   -0.476485000000
              31 C      6.269985000000   -0.251522000000   -0.698370000000
              32 C      7.045356000000   -1.062301000000   -1.672405000000
              33 C      6.892120000000    0.880254000000    0.032140000000
              34 C      8.084837000000    0.406073000000    0.831146000000
              35 C      8.664244000000    1.571614000000    1.536632000000
              36 C      9.902578000000    1.947026000000    1.261554000000
              37 C     10.491467000000    3.131815000000    1.979682000000
              38 C     10.680127000000    1.196646000000    0.248384000000
              39 C      0.999732000000   -0.384557000000   -2.413518000000
              40 O      0.709916000000   -1.470644000000   -3.279447000000
              41 O     -0.046943000000   -5.022025000000    1.827034000000
              42 O     -4.397463000000   -4.401833000000    2.071671000000
              43 C     -4.271691000000   -0.454236000000   -2.269350000000
              44 C     -4.867075000000   -1.598216000000   -2.210393000000
              45 C     -4.165993000000    0.115893000000   -3.701385000000
              46 H     -7.869398000000    4.564292000000    1.177947000000
              47 H     -7.171638000000    5.515051000000    2.537482000000
              48 H     -8.939870000000    5.082147000000    2.554845000000
              49 H     -6.920908000000    3.634373000000    3.828319000000
              50 H     -8.621721000000    3.050223000000    3.430483000000
              51 H     -6.158995000000    1.846963000000   -1.596516000000
              52 H     -5.426926000000    3.342505000000   -0.921860000000
              53 H     -3.200877000000    2.533907000000   -1.232976000000
              54 H     -4.151990000000    1.985461000000   -2.648012000000
              55 H     -2.527789000000    0.431270000000   -1.636246000000
              56 H     -4.027886000000    1.105769000000    1.995282000000
              57 H     -3.353662000000    2.171936000000    0.722471000000
              58 H     -7.715098000000   -1.417107000000    1.318692000000
              59 H     -6.837287000000   -3.612366000000    2.066217000000
              60 H     -2.554623000000   -4.441116000000    1.803162000000
              61 H      1.328458000000   -2.850860000000    1.129072000000
              62 H      0.050296000000    0.409156000000   -0.145879000000
              63 H      0.886782000000    0.161722000000    1.383630000000
              64 H      2.614336000000   -1.271580000000    0.504956000000
              65 H      3.005251000000   -2.172538000000   -2.781608000000
              66 H      3.629292000000   -0.519538000000   -2.830435000000
              67 H      4.130451000000   -2.527414000000   -0.510364000000
              68 H      5.213223000000   -2.204449000000   -1.857194000000
              69 H      4.407270000000    0.024771000000    0.225884000000
              70 H      6.606200000000   -0.988284000000   -2.667871000000
              71 H      8.091405000000   -0.630810000000   -1.720955000000
              72 H      7.151209000000   -2.101600000000   -1.288520000000
              73 H      6.128507000000    1.284434000000    0.756572000000
              74 H      7.115995000000    1.713446000000   -0.646149000000
              75 H      7.742352000000   -0.386205000000    1.529782000000
              76 H      8.794561000000   -0.043633000000    0.102825000000
              77 H      8.039112000000    2.074343000000    2.260278000000
              78 H      9.900035000000    4.057470000000    1.784687000000
              79 H     11.518097000000    3.251584000000    1.622882000000
              80 H     10.450994000000    2.899150000000    3.059387000000
              81 H     11.678700000000    1.675654000000    0.070531000000
              82 H     10.761754000000    0.156773000000    0.601967000000
              83 H     10.169199000000    1.185001000000   -0.739107000000
              84 H      1.409273000000    0.411667000000   -3.070835000000
              85 H      0.072538000000   -0.095455000000   -1.952981000000
              86 H      0.464319000000   -2.226624000000   -2.678311000000
              87 H      0.053980000000   -5.659301000000    1.031241000000
              88 H     -5.052901000000   -5.071892000000    2.418656000000
              89 H     -5.264017000000   -2.042319000000   -3.157515000000
              90 H     -5.037715000000   -2.216856000000   -1.367304000000
              91 H     -5.056756000000    0.714820000000   -3.884396000000
              92 H     -4.181844000000   -0.768947000000   -4.371048000000
              93 H     -3.262527000000    0.702992000000   -3.827077000000
