-------------------------------------------------------------
----------------------- !PROPERTIES! ------------------------
-------------------------------------------------------------
# -----------------------------------------------------------
$ SCF_Energy
   description: The SCF energy
   geom. index: 1
   prop. index: 1
        SCF Energy:     -902.4488437908
# -----------------------------------------------------------
$ DFT_Energy
   description: The DFT energy
   geom. index: 1
   prop. index: 1
   Number of Alpha Electrons                 76.0003544329 
   Number of Beta  Electrons                 76.0003544329 
   Total number of  Electrons               152.0007088658 
   Exchange energy                          -98.4296003588 
   Correlation energy                        -6.0638074179 
   Correlation energy NL                      0.0000000000 
   Exchange-Correlation energy             -104.4934077768 
   Embedding correction                       0.0000000000 
   Total DFT Energy (No VdW correction)    -902.4488437908 
# -----------------------------------------------------------
$ Mayer_Pop
   description: The Mayer population analysis
   geom. index: 1
   prop. index: 1
     Number of atoms                     : 42
     Threshold for printing              : 0.1000000
     Number of bond orders printed       : 46
  NA   - Mulliken gross atomic population
  ZA   - Total nuclear charge
  QA   - Mulliken gross atomic charge
  VA   - Mayer's total valence
  BVA  - Mayer's bonded valence
  FA   - Mayer's free valence
  ATOM       NA         ZA         QA         VA         BVA        FA
  0   0     5.8518     6.0000     0.1482     3.9928     3.9928     0.0000
  1   0     7.3478     7.0000    -0.3478     3.2182     3.2182     0.0000
  2   0     5.8505     6.0000     0.1495     4.1866     4.1866     0.0000
  3   0     5.8337     6.0000     0.1663     3.9679     3.9679     0.0000
  4   0     6.3501     6.0000    -0.3501     4.1238     4.1238    -0.0000
  5   0     5.7711     6.0000     0.2289     3.7313     3.7313     0.0000
  6   0     5.9730     6.0000     0.0270     4.2040     4.2040    -0.0000
  7   0     8.2599     8.0000    -0.2599     2.1921     2.1921     0.0000
  8   0     5.9968     6.0000     0.0032     3.7669     3.7669    -0.0000
  9   0     5.9592     6.0000     0.0408     3.8466     3.8466    -0.0000
 10   0     5.9752     6.0000     0.0248     3.9595     3.9595     0.0000
 11   0     5.8959     6.0000     0.1041     4.1379     4.1379     0.0000
 12   0     5.8110     6.0000     0.1890     3.8304     3.8304     0.0000
 13   0     6.0884     6.0000    -0.0884     3.9612     3.9612    -0.0000
 14   0     5.9155     6.0000     0.0845     3.7801     3.7801     0.0000
 15   0     6.0898     6.0000    -0.0898     3.7547     3.7547    -0.0000
 16   0     5.7426     6.0000     0.2574     3.8414     3.8414    -0.0000
 17   0     6.0615     6.0000    -0.0615     3.7694     3.7694    -0.0000
 18   0     6.0395     6.0000    -0.0395     3.8277     3.8277     0.0000
 19   0     8.3392     8.0000    -0.3392     2.1813     2.1813     0.0000
 20   0     5.8122     6.0000     0.1878     3.9282     3.9282    -0.0000
 21   0     0.9888     1.0000     0.0112     0.9791     0.9791    -0.0000
 22   0     0.9786     1.0000     0.0214     0.9870     0.9870    -0.0000
 23   0     1.0106     1.0000    -0.0106     0.9812     0.9812     0.0000
 24   0     1.0097     1.0000    -0.0097     0.9857     0.9857    -0.0000
 25   0     1.0120     1.0000    -0.0120     0.9838     0.9838    -0.0000
 26   0     1.0172     1.0000    -0.0172     0.9926     0.9926     0.0000
 27   0     0.9969     1.0000     0.0031     0.9922     0.9922     0.0000
 28   0     0.9671     1.0000     0.0329     1.0210     1.0210    -0.0000
 29   0     0.9665     1.0000     0.0335     1.0029     1.0029    -0.0000
 30   0     1.0061     1.0000    -0.0061     0.9966     0.9966     0.0000
 31   0     0.9992     1.0000     0.0008     0.9881     0.9881     0.0000
 32   0     0.9856     1.0000     0.0144     0.9859     0.9859     0.0000
 33   0     1.0356     1.0000    -0.0356     0.9635     0.9635     0.0000
 34   0     0.9996     1.0000     0.0004     0.9847     0.9847     0.0000
 35   0     0.9977     1.0000     0.0023     1.0033     1.0033     0.0000
 36   0     1.0439     1.0000    -0.0439     1.0094     1.0094    -0.0000
 37   0     1.0514     1.0000    -0.0514     0.9963     0.9963    -0.0000
 38   0     1.0468     1.0000    -0.0468     0.9845     0.9845    -0.0000
 39   0     0.9660     1.0000     0.0340     0.9868     0.9868    -0.0000
 40   0     0.9739     1.0000     0.0261     0.9854     0.9854     0.0000
 41   0     0.9820     1.0000     0.0180     0.9845     0.9845     0.0000
      Bond orders larger than 0.1000000
           Atom A     A.N. of A          Atom B    A.N. of B              Bond order
                0             6               1            7                1.035770
                0             6              21            1                0.960192
                0             6              22            1                0.962763
                0             6              23            1                0.948529
                1             7               2            6                1.054172
                1             7              11            6                1.054249
                2             6               3            6                1.171373
                2             6              24            1                0.919792
                2             6              25            1                0.892877
                3             6               4            6                0.955530
                3             6              26            1                0.902895
                3             6              27            1                0.894553
                4             6               5            6                1.025228
                4             6              10            6                1.067438
                4             6              14            6                0.898903
                5             6               6            6                0.969113
                5             6              28            1                0.881342
                5             6              29            1                0.888802
                6             6               7            8                2.040539
                6             6               8            6                1.036595
                8             6               9            6                1.739861
                8             6              30            1                0.991577
                9             6              10            6                0.961253
                9             6              31            1                0.979740
               10             6              11            6                1.041715
               10             6              32            1                0.871102
               11             6              12            6                1.028229
               11             6              33            1                0.880412
               12             6              13            6                1.019683
               12             6              34            1                0.892781
               12             6              35            1                0.894068
               13             6              14            6                1.449520
               13             6              18            6                1.349910
               14             6              15            6                1.354567
               15             6              16            6                1.296356
               15             6              18            6                0.101545
               15             6              36            1                1.005790
               16             6              17            6                1.320295
               16             6              19            8                1.119629
               17             6              18            6                1.342353
               17             6              37            1                0.987379
               18             6              38            1                0.992310
               19             8              20            6                0.962904
               20             6              39            1                0.975005
               20             6              40            1                0.963716
               20             6              41            1                0.966589
# -----------------------------------------------------------
$ Calculation_Info
   description: Details of the calculation
   geom. index: 1
   prop. index: 1
     Multiplicity:                          1
     Charge:                                0
     number of atoms:                       42
     number of electrons:                   0
     number of frozen core electrons:       1
     number of correlated electrons:        0
     number of basis functions:             399
     number of aux C basis functions:       0
     number of aux J basis functions:       1260
     number of aux JK basis functions:      0
     number of aux CABS basis functions:    0
     Total Energy                           -902.448844
# -----------------------------------------------------------
$ SCF_Electric_Properties
   description: The SCF Calculated Electric Properties
   geom. index: 1
   prop. index: 1
       Filename                          : 117.scfp 
       Do Dipole Moment Calculation      : true 
       Do Quadrupole Moment Calculation  : false 
       Do Polarizability Calculation     : true 
** Dipole moment part of electric properties **
        Magnitude of dipole moment (Debye) :        4.9326601133
        Electronic Contribution:
                  0    
      0       1.353804
      1     -10.641450
      2       4.489578
        Nuclear Contribution:
                  0    
      0      -0.940578
      1      12.463549
      2      -5.014174
        Total Dipole moment:
                  0    
      0       0.413226
      1       1.822099
      2      -0.524596
** Polarizabilities part of electric properties **
        Isotropic polarizability :      194.0120842599
        The raw cartesian tensor (atomic units):
                  0          1          2    
      0     228.358925   1.686595 -23.612862
      1       1.686595 207.524014   6.330029
      2     -23.612862   6.330029 146.153314
        Diagonalised polarizability tensor :
                  0    
      0     139.225179
      1     208.152339
      2     234.658734
# -------------------------------------------------------------
----------------------- !GEOMETRIES! ------------------------
# -------------------------------------------------------------
------------------------ !GEOMETRY! -------------------------
    Number of atoms:    42 
    Geometry Index:     1 
    Coordinates:
               0 C     -2.242781000000    2.745469000000   -0.517261000000
               1 N     -2.371847000000    1.463705000000    0.091670000000
               2 C     -2.628351000000    0.399753000000   -0.817379000000
               3 C     -1.459591000000   -0.466671000000   -1.134134000000
               4 C     -0.651262000000   -0.876122000000    0.065000000000
               5 C     -0.490217000000   -2.367506000000    0.139558000000
               6 C     -1.488878000000   -2.995362000000    1.044521000000
               7 O     -1.312809000000   -4.197266000000    1.397016000000
               8 C     -2.654392000000   -2.266751000000    1.530566000000
               9 C     -2.544947000000   -0.954638000000    1.664028000000
              10 C     -1.262335000000   -0.322363000000    1.315218000000
              11 C     -1.454802000000    1.180344000000    1.137752000000
              12 C     -0.133694000000    1.855109000000    1.039125000000
              13 C      0.908819000000    1.018358000000    0.396970000000
              14 C      0.711818000000   -0.248025000000   -0.067031000000
              15 C      1.729975000000   -0.960952000000   -0.651370000000
              16 C      3.001509000000   -0.394091000000   -0.782324000000
              17 C      3.195758000000    0.889519000000   -0.310457000000
              18 C      2.170603000000    1.598522000000    0.274267000000
              19 O      4.004633000000   -1.145704000000   -1.378245000000
              20 C      5.295091000000   -0.557660000000   -1.505899000000
              21 H     -3.232671000000    3.007525000000   -0.971369000000
              22 H     -2.047727000000    3.510251000000    0.246370000000
              23 H     -1.506149000000    2.691374000000   -1.323884000000
              24 H     -2.966067000000    0.865954000000   -1.788130000000
              25 H     -3.499625000000   -0.235981000000   -0.504101000000
              26 H     -1.834849000000   -1.384965000000   -1.647184000000
              27 H     -0.839811000000    0.064932000000   -1.895928000000
              28 H      0.515613000000   -2.622971000000    0.583523000000
              29 H     -0.568427000000   -2.866875000000   -0.838208000000
              30 H     -3.582028000000   -2.794393000000    1.773792000000
              31 H     -3.394621000000   -0.377928000000    2.024270000000
              32 H     -0.506121000000   -0.430429000000    2.132371000000
              33 H     -1.930944000000    1.522891000000    2.103327000000
              34 H      0.262005000000    2.102666000000    2.067079000000
              35 H     -0.144317000000    2.821400000000    0.499302000000
              36 H      1.586679000000   -1.959856000000   -1.020842000000
              37 H      4.174349000000    1.330912000000   -0.409109000000
              38 H      2.358660000000    2.601288000000    0.632497000000
              39 H      5.945136000000   -1.295119000000   -1.981253000000
              40 H      5.657711000000   -0.281624000000   -0.472869000000
              41 H      5.230903000000    0.333280000000   -2.141242000000
