-------------------------------------------------------------
----------------------- !PROPERTIES! ------------------------
-------------------------------------------------------------
# -----------------------------------------------------------
$ SCF_Energy
   description: The SCF energy
   geom. index: 1
   prop. index: 1
        SCF Energy:    -1676.7020775056
# -----------------------------------------------------------
$ DFT_Energy
   description: The DFT energy
   geom. index: 1
   prop. index: 1
   Number of Alpha Electrons                109.9999787258 
   Number of Beta  Electrons                109.9999787258 
   Total number of  Electrons               219.9999574517 
   Exchange energy                         -161.1383901063 
   Correlation energy                        -9.1844920524 
   Correlation energy NL                      0.0000000000 
   Exchange-Correlation energy             -170.3228821588 
   Embedding correction                       0.0000000000 
   Total DFT Energy (No VdW correction)   -1676.7020775056 
# -----------------------------------------------------------
$ Mayer_Pop
   description: The Mayer population analysis
   geom. index: 1
   prop. index: 1
     Number of atoms                     : 43
     Threshold for printing              : 0.1000000
     Number of bond orders printed       : 46
  NA   - Mulliken gross atomic population
  ZA   - Total nuclear charge
  QA   - Mulliken gross atomic charge
  VA   - Mayer's total valence
  BVA  - Mayer's bonded valence
  FA   - Mayer's free valence
  ATOM       NA         ZA         QA         VA         BVA        FA
  0   0     5.9978     6.0000     0.0022     3.8863     3.8863     0.0000
  1   0     6.0510     6.0000    -0.0510     3.8042     3.8042     0.0000
  2   0     5.6864     6.0000     0.3136     3.8761     3.8761     0.0000
  3   0     6.0463     6.0000    -0.0463     3.8197     3.8197     0.0000
  4   0     6.0237     6.0000    -0.0237     3.7856     3.7856    -0.0000
  5   0     5.9944     6.0000     0.0056     3.8556     3.8556     0.0000
  6   0     5.9170     6.0000     0.0830     3.9601     3.9601     0.0000
  7   0     5.7595     6.0000     0.2405     3.9405     3.9405     0.0000
  8   0     8.2936     8.0000    -0.2936     2.2172     2.2172     0.0000
  9   0     5.8300     6.0000     0.1700     3.9463     3.9463     0.0000
 10   0     5.5126     6.0000     0.4874     4.3496     4.3496     0.0000
 11   0     9.2061     9.0000    -0.2061     1.1419     1.1419     0.0000
 12   0     9.1835     9.0000    -0.1835     1.1708     1.1708     0.0000
 13   0     9.1834     9.0000    -0.1834     1.1708     1.1708     0.0000
 14   0     7.1790     7.0000    -0.1790     3.1745     3.1745    -0.0000
 15   0     5.8985     6.0000     0.1015     4.2362     4.2362     0.0000
 16   0     7.1415     7.0000    -0.1415     3.1500     3.1500     0.0000
 17   0     5.9200     6.0000     0.0800     4.0242     4.0242     0.0000
 18   0     6.0540     6.0000    -0.0540     3.7741     3.7741    -0.0000
 19   0     5.9162     6.0000     0.0838     4.0090     4.0090    -0.0000
 20   0     7.1408     7.0000    -0.1408     3.1154     3.1154    -0.0000
 21   0     5.8645     6.0000     0.1355     3.9752     3.9752    -0.0000
 22   0     7.1169     7.0000    -0.1169     2.9754     2.9754    -0.0000
 23   0     7.1138     7.0000    -0.1138     2.9760     2.9760     0.0000
 24   0     5.9896     6.0000     0.0104     3.9402     3.9402     0.0000
 25   0     8.1399     8.0000    -0.1399     2.4223     2.4223     0.0000
 26   0     5.4563     6.0000     0.5437     4.1595     4.1595    -0.0000
 27   0     9.2217     9.0000    -0.2217     1.1300     1.1300    -0.0000
 28   0     9.2021     9.0000    -0.2021     1.1519     1.1519    -0.0000
 29   0     9.1978     9.0000    -0.1978     1.1723     1.1723    -0.0000
 30   0     1.0102     1.0000    -0.0102     0.9889     0.9889     0.0000
 31   0     1.0085     1.0000    -0.0085     0.9888     0.9888     0.0000
 32   0     1.0127     1.0000    -0.0127     0.9930     0.9930    -0.0000
 33   0     1.0263     1.0000    -0.0263     0.9926     0.9926    -0.0000
 34   0     0.9799     1.0000     0.0201     0.9931     0.9931    -0.0000
 35   0     1.0114     1.0000    -0.0114     1.0082     1.0082    -0.0000
 36   0     0.9618     1.0000     0.0382     1.0420     1.0420    -0.0000
 37   0     0.9604     1.0000     0.0396     0.9926     0.9926     0.0000
 38   0     0.9910     1.0000     0.0090     1.0034     1.0034     0.0000
 39   0     0.8389     1.0000     0.1611     1.0028     1.0028    -0.0000
 40   0     0.9772     1.0000     0.0228     1.0090     1.0090     0.0000
 41   0     0.9975     1.0000     0.0025     0.9986     0.9986    -0.0000
 42   0     0.9863     1.0000     0.0137     0.9904     0.9904    -0.0000
      Bond orders larger than 0.1000000
           Atom A     A.N. of A          Atom B    A.N. of B              Bond order
                0             6               1            6                1.382761
                0             6               5            6                1.390981
                0             6              30            1                0.979163
                1             6               2            6                1.329240
                1             6              31            1                0.991608
                2             6               3            6                1.373947
                2             6              29            9                1.098206
                3             6               4            6                1.330427
                3             6              32            1                0.986156
                4             6               5            6                1.395453
                4             6              33            1                0.987349
                5             6               6            6                0.975057
                6             6               7            6                1.037991
                6             6              14            7                0.963047
                6             6              34            1                0.898172
                7             6               8            8                1.040765
                7             6              35            1                0.908842
                7             6              36            1                0.903285
                8             8               9            6                1.073705
                9             6              10            6                0.992714
                9             6              37            1                0.918800
                9             6              38            1                0.920339
               10             6              11            9                1.084880
               10             6              12            9                1.102379
               10             6              13            9                1.085421
               14             7              15            6                1.209307
               14             7              39            1                0.892210
               15             6              16            7                1.417189
               15             6              20            7                1.385546
               16             7              17            6                1.535494
               17             6              18            6                1.365713
               17             6              40            1                0.979179
               18             6              19            6                1.312115
               18             6              21            6                1.023493
               19             6              20            7                1.597995
               19             6              41            1                0.979282
               21             6              22            7                1.597951
               21             6              24            6                0.104186
               21             6              25            8                1.188249
               22             7              23            7                1.262307
               23             7              24            6                1.598761
               24             6              25            8                1.157693
               24             6              26            6                1.003128
               26             6              27            9                1.086867
               26             6              28            9                1.104517
               26             6              42            1                0.938378
# -----------------------------------------------------------
$ Calculation_Info
   description: Details of the calculation
   geom. index: 1
   prop. index: 1
     Multiplicity:                          1
     Charge:                                0
     number of atoms:                       43
     number of electrons:                   0
     number of frozen core electrons:       1
     number of correlated electrons:        0
     number of basis functions:             485
     number of aux C basis functions:       0
     number of aux J basis functions:       1613
     number of aux JK basis functions:      0
     number of aux CABS basis functions:    0
     Total Energy                           -1676.702078
# -----------------------------------------------------------
$ SCF_Electric_Properties
   description: The SCF Calculated Electric Properties
   geom. index: 1
   prop. index: 1
       Filename                          : 232.scfp 
       Do Dipole Moment Calculation      : true 
       Do Quadrupole Moment Calculation  : false 
       Do Polarizability Calculation     : true 
** Dipole moment part of electric properties **
        Magnitude of dipole moment (Debye) :        5.2265530184
        Electronic Contribution:
                  0    
      0      11.582721
      1       1.667479
      2      -9.271770
        Nuclear Contribution:
                  0    
      0     -12.230519
      1      -3.295448
      2      10.347969
        Total Dipole moment:
                  0    
      0      -0.647798
      1      -1.627970
      2       1.076199
** Polarizabilities part of electric properties **
        Isotropic polarizability :      239.6062217952
        The raw cartesian tensor (atomic units):
                  0          1          2    
      0     380.833855  24.937554 -44.609507
      1      24.937554 188.495866 -10.795400
      2     -44.609507 -10.795400 149.488945
        Diagonalised polarizability tensor :
                  0    
      0     140.377183
      1     185.862399
      2     392.579084
# -------------------------------------------------------------
----------------------- !GEOMETRIES! ------------------------
# -------------------------------------------------------------
------------------------ !GEOMETRY! -------------------------
    Number of atoms:    43 
    Geometry Index:     1 
    Coordinates:
               0 C     -3.791059000000    0.689349000000    1.682942000000
               1 C     -5.000866000000    0.326740000000    2.190045000000
               2 C     -5.406615000000   -0.976133000000    2.176751000000
               3 C     -4.527507000000   -1.899295000000    1.624062000000
               4 C     -3.308687000000   -1.535813000000    1.112849000000
               5 C     -2.916588000000   -0.236712000000    1.131857000000
               6 C     -1.626539000000    0.265808000000    0.634285000000
               7 C     -1.630695000000    0.894823000000   -0.703169000000
               8 O     -1.631133000000    0.154489000000   -1.813111000000
               9 C     -2.611382000000   -0.659400000000   -2.204533000000
              10 C     -3.953146000000   -0.000529000000   -2.512566000000
              11 F     -3.768200000000    0.913766000000   -3.541699000000
              12 F     -4.872918000000   -0.932624000000   -2.905485000000
              13 F     -4.449774000000    0.680221000000   -1.431637000000
              14 N     -0.536996000000   -0.628520000000    0.867023000000
              15 C      0.794437000000   -0.268262000000    0.584470000000
              16 N      1.195574000000    0.905134000000    0.092721000000
              17 C      2.443886000000    1.254860000000   -0.176822000000
              18 C      3.447129000000    0.368129000000    0.052452000000
              19 C      3.095296000000   -0.870284000000    0.563653000000
              20 N      1.816338000000   -1.160122000000    0.813671000000
              21 C      4.837334000000    0.714742000000   -0.231299000000
              22 N      5.238647000000    1.897374000000   -0.726390000000
              23 N      6.552333000000    1.826617000000   -0.842499000000
              24 C      6.970986000000    0.624205000000   -0.429189000000
              25 O      5.907189000000   -0.040706000000   -0.059522000000
              26 C      8.393351000000    0.194733000000   -0.420230000000
              27 F      8.873684000000    0.160605000000   -1.725368000000
              28 F      9.161056000000    1.073071000000    0.311212000000
              29 F     -6.609867000000   -1.345344000000    2.679783000000
              30 H     -3.494318000000    1.751601000000    1.709711000000
              31 H     -5.638448000000    1.108931000000    2.608380000000
              32 H     -4.874473000000   -2.927256000000    1.626101000000
              33 H     -2.639054000000   -2.280140000000    0.685472000000
              34 H     -1.384529000000    1.144524000000    1.355670000000
              35 H     -2.507078000000    1.635203000000   -0.679332000000
              36 H     -0.760686000000    1.618103000000   -0.773677000000
              37 H     -2.286251000000   -1.073436000000   -3.231962000000
              38 H     -2.782991000000   -1.596367000000   -1.635849000000
              39 H     -0.689198000000   -1.608836000000    1.265796000000
              40 H      2.623794000000    2.246282000000   -0.574980000000
              41 H      3.911876000000   -1.563164000000    0.739251000000
              42 H      8.436090000000   -0.846368000000   -0.027786000000
