-------------------------------------------------------------
----------------------- !PROPERTIES! ------------------------
-------------------------------------------------------------
# -----------------------------------------------------------
$ SCF_Energy
   description: The SCF energy
   geom. index: 1
   prop. index: 1
        SCF Energy:    -1068.5662058487
# -----------------------------------------------------------
$ DFT_Energy
   description: The DFT energy
   geom. index: 1
   prop. index: 1
   Number of Alpha Electrons                 84.9999464838 
   Number of Beta  Electrons                 84.9999464838 
   Total number of  Electrons               169.9998929675 
   Exchange energy                         -113.4491347866 
   Correlation energy                        -6.8469496052 
   Correlation energy NL                      0.0000000000 
   Exchange-Correlation energy             -120.2960843918 
   Embedding correction                       0.0000000000 
   Total DFT Energy (No VdW correction)   -1068.5662058487 
# -----------------------------------------------------------
$ Mayer_Pop
   description: The Mayer population analysis
   geom. index: 1
   prop. index: 1
     Number of atoms                     : 42
     Threshold for printing              : 0.1000000
     Number of bond orders printed       : 44
  NA   - Mulliken gross atomic population
  ZA   - Total nuclear charge
  QA   - Mulliken gross atomic charge
  VA   - Mayer's total valence
  BVA  - Mayer's bonded valence
  FA   - Mayer's free valence
  ATOM       NA         ZA         QA         VA         BVA        FA
  0   0     5.8544     6.0000     0.1456     3.8933     3.8933    -0.0000
  1   0     7.2732     7.0000    -0.2732     3.2442     3.2442    -0.0000
  2   0     5.9044     6.0000     0.0956     3.9352     3.9352    -0.0000
  3   0     6.1070     6.0000    -0.1070     3.8806     3.8806     0.0000
  4   0     5.9265     6.0000     0.0735     3.7041     3.7041    -0.0000
  5   0     5.9849     6.0000     0.0151     3.8750     3.8750     0.0000
  6   0     5.9787     6.0000     0.0213     3.8302     3.8302     0.0000
  7   0     5.9832     6.0000     0.0168     3.8296     3.8296    -0.0000
  8   0     5.9786     6.0000     0.0214     3.8362     3.8362    -0.0000
  9   0     6.0009     6.0000    -0.0009     3.8781     3.8781    -0.0000
 10   0     5.8757     6.0000     0.1243     4.2166     4.2166    -0.0000
 11   0     8.2602     8.0000    -0.2602     2.2804     2.2804     0.0000
 12   0     7.1867     7.0000    -0.1867     3.1541     3.1541    -0.0000
 13   0     5.9161     6.0000     0.0839     3.9656     3.9656    -0.0000
 14   0     5.8362     6.0000     0.1638     4.1732     4.1732    -0.0000
 15   0     8.2947     8.0000    -0.2947     2.2168     2.2168     0.0000
 16   0     5.8617     6.0000     0.1383     3.9036     3.9036    -0.0000
 17   0     6.0902     6.0000    -0.0902     3.8442     3.8442    -0.0000
 18   0     6.0109     6.0000    -0.0109     3.8176     3.8176    -0.0000
 19   0     5.9681     6.0000     0.0319     3.8060     3.8060    -0.0000
 20   0     5.9485     6.0000     0.0515     3.7898     3.7898    -0.0000
 21   0     6.0218     6.0000    -0.0218     3.8314     3.8314     0.0000
 22   0     5.8549     6.0000     0.1451     4.0595     4.0595    -0.0000
 23   0     8.2277     8.0000    -0.2277     2.2314     2.2314    -0.0000
 24   0     0.9659     1.0000     0.0341     0.9966     0.9966     0.0000
 25   0     0.9509     1.0000     0.0491     0.9972     0.9972    -0.0000
 26   0     0.9608     1.0000     0.0392     1.0211     1.0211    -0.0000
 27   0     0.9530     1.0000     0.0470     1.0186     1.0186     0.0000
 28   0     1.0279     1.0000    -0.0279     0.9833     0.9833     0.0000
 29   0     1.0186     1.0000    -0.0186     0.9760     0.9760    -0.0000
 30   0     1.0230     1.0000    -0.0230     0.9772     0.9772    -0.0000
 31   0     1.0187     1.0000    -0.0187     0.9752     0.9752    -0.0000
 32   0     1.0310     1.0000    -0.0310     0.9850     0.9850    -0.0000
 33   0     0.8188     1.0000     0.1812     0.9912     0.9912    -0.0000
 34   0     0.9621     1.0000     0.0379     1.0147     1.0147     0.0000
 35   0     0.9814     1.0000     0.0186     0.9982     0.9982    -0.0000
 36   0     1.0291     1.0000    -0.0291     1.0014     1.0014    -0.0000
 37   0     1.0223     1.0000    -0.0223     0.9865     0.9865     0.0000
 38   0     1.0315     1.0000    -0.0315     0.9760     0.9760    -0.0000
 39   0     1.0285     1.0000    -0.0285     0.9762     0.9762    -0.0000
 40   0     1.0329     1.0000    -0.0329     0.9948     0.9948     0.0000
 41   0     0.7985     1.0000     0.2015     1.0112     1.0112     0.0000
      Bond orders larger than 0.1000000
           Atom A     A.N. of A          Atom B    A.N. of B              Bond order
                0             6               1            7                0.975633
                0             6              24            1                0.958842
                0             6              25            1                0.953649
                0             6              26            1                0.917249
                1             7               2            6                1.030458
                1             7              14            6                1.102633
                2             6               3            6                1.878989
                2             6              10            6                0.904107
                3             6               4            6                0.942435
                3             6              27            1                0.909344
                4             6               5            6                1.346206
                4             6               9            6                1.367376
                5             6               6            6                1.382226
                5             6              28            1                0.993995
                6             6               7            6                1.374092
                6             6              29            1                0.991913
                7             6               8            6                1.374921
                7             6              30            1                0.990207
                8             6               9            6                1.387577
                8             6              31            1                0.986616
                9             6              32            1                1.002447
               10             6              11            8                2.056531
               10             6              12            7                1.169848
               12             7              13            6                0.988532
               12             7              33            1                0.883790
               13             6              14            6                0.955222
               13             6              16            6                1.057891
               13             6              34            1                0.884470
               14             6              15            8                1.976267
               16             6              17            6                1.044716
               16             6              35            1                0.900053
               16             6              36            1                0.896861
               17             6              18            6                1.341684
               17             6              22            6                1.349012
               18             6              19            6                1.382425
               18             6              37            1                0.995786
               19             6              20            6                1.353906
               19             6              38            1                0.990665
               20             6              21            6                1.388999
               20             6              39            1                0.996237
               21             6              22            6                1.338885
               21             6              40            1                0.992711
               22             6              23            8                1.221157
               23             8              41            1                0.928233
# -----------------------------------------------------------
$ Calculation_Info
   description: Details of the calculation
   geom. index: 1
   prop. index: 1
     Multiplicity:                          1
     Charge:                                0
     number of atoms:                       42
     number of electrons:                   0
     number of frozen core electrons:       1
     number of correlated electrons:        0
     number of basis functions:             426
     number of aux C basis functions:       0
     number of aux J basis functions:       1374
     number of aux JK basis functions:      0
     number of aux CABS basis functions:    0
     Total Energy                           -1068.566206
# -----------------------------------------------------------
$ SCF_Electric_Properties
   description: The SCF Calculated Electric Properties
   geom. index: 1
   prop. index: 1
       Filename                          : 69.scfp 
       Do Dipole Moment Calculation      : true 
       Do Quadrupole Moment Calculation  : false 
       Do Polarizability Calculation     : true 
** Dipole moment part of electric properties **
        Magnitude of dipole moment (Debye) :        1.8906066040
        Electronic Contribution:
                  0    
      0      -3.918191
      1       4.423863
      2      -2.699430
        Nuclear Contribution:
                  0    
      0       4.270619
      1      -4.966906
      2       3.065693
        Total Dipole moment:
                  0    
      0       0.352427
      1      -0.543042
      2       0.366263
** Polarizabilities part of electric properties **
        Isotropic polarizability :      226.3088028413
        The raw cartesian tensor (atomic units):
                  0          1          2    
      0     333.751113 -11.443733 -23.341338
      1     -11.443733 161.629670 -23.673037
      2     -23.341338 -23.673037 183.545625
        Diagonalised polarizability tensor :
                  0    
      0     143.856992
      1     197.424589
      2     337.644827
# -------------------------------------------------------------
----------------------- !GEOMETRIES! ------------------------
# -------------------------------------------------------------
------------------------ !GEOMETRY! -------------------------
    Number of atoms:    42 
    Geometry Index:     1 
    Coordinates:
               0 C      2.358271000000   -0.494678000000    1.466436000000
               1 N      1.140930000000    0.065921000000    0.946263000000
               2 C      1.079064000000    0.851313000000   -0.224214000000
               3 C      2.114077000000    1.000461000000   -0.994551000000
               4 C      3.408330000000    0.445265000000   -0.844004000000
               5 C      3.633387000000   -0.877842000000   -0.967845000000
               6 C      4.890127000000   -1.432350000000   -0.873771000000
               7 C      5.960735000000   -0.585991000000   -0.641966000000
               8 C      5.741363000000    0.775735000000   -0.512540000000
               9 C      4.465606000000    1.269164000000   -0.616207000000
              10 C     -0.207443000000    1.457208000000   -0.650226000000
              11 O     -0.245006000000    2.159277000000   -1.703023000000
              12 N     -1.379917000000    1.256775000000    0.103726000000
              13 C     -1.433171000000    0.238664000000    1.109441000000
              14 C     -0.104793000000   -0.097026000000    1.656998000000
              15 O     -0.009654000000   -0.569723000000    2.846343000000
              16 C     -2.138746000000   -0.985178000000    0.576746000000
              17 C     -3.511831000000   -0.631616000000    0.172567000000
              18 C     -4.482413000000   -0.746243000000    1.160159000000
              19 C     -5.757703000000   -0.359562000000    0.881143000000
              20 C     -6.088637000000    0.134432000000   -0.345861000000
              21 C     -5.132974000000    0.248560000000   -1.325005000000
              22 C     -3.804569000000   -0.139872000000   -1.081960000000
              23 O     -2.891388000000   -0.013409000000   -2.105476000000
              24 H      2.479302000000   -1.575346000000    1.363789000000
              25 H      3.225808000000    0.150133000000    1.533855000000
              26 H      2.120520000000   -0.492137000000    2.616948000000
              27 H      1.949011000000    1.660902000000   -1.896112000000
              28 H      2.835463000000   -1.619695000000   -1.153733000000
              29 H      5.067696000000   -2.508179000000   -0.977569000000
              30 H      6.980956000000   -0.938261000000   -0.555293000000
              31 H      6.572209000000    1.465301000000   -0.328503000000
              32 H      4.344549000000    2.344447000000   -0.507846000000
              33 H     -2.224769000000    1.882283000000   -0.092476000000
              34 H     -2.020601000000    0.609164000000    2.013523000000
              35 H     -2.184020000000   -1.786397000000    1.342344000000
              36 H     -1.554139000000   -1.364365000000   -0.292247000000
              37 H     -4.245977000000   -1.139717000000    2.154307000000
              38 H     -6.552890000000   -0.427122000000    1.613483000000
              39 H     -7.088670000000    0.441003000000   -0.572021000000
              40 H     -5.351492000000    0.630080000000   -2.300033000000
              41 H     -1.956600000000   -0.330269000000   -1.995588000000
