-------------------------------------------------------------
----------------------- !PROPERTIES! ------------------------
-------------------------------------------------------------
# -----------------------------------------------------------
$ SCF_Energy
   description: The SCF energy
   geom. index: 1
   prop. index: 1
        SCF Energy:    -1341.6248591488
# -----------------------------------------------------------
$ DFT_Energy
   description: The DFT energy
   geom. index: 1
   prop. index: 1
   Number of Alpha Electrons                105.9999426808 
   Number of Beta  Electrons                105.9999426808 
   Total number of  Electrons               211.9998853617 
   Exchange energy                         -141.1879794189 
   Correlation energy                        -8.5092050785 
   Correlation energy NL                      0.0000000000 
   Exchange-Correlation energy             -149.6971844974 
   Embedding correction                       0.0000000000 
   Total DFT Energy (No VdW correction)   -1341.6248591488 
# -----------------------------------------------------------
$ Mayer_Pop
   description: The Mayer population analysis
   geom. index: 1
   prop. index: 1
     Number of atoms                     : 55
     Threshold for printing              : 0.1000000
     Number of bond orders printed       : 56
  NA   - Mulliken gross atomic population
  ZA   - Total nuclear charge
  QA   - Mulliken gross atomic charge
  VA   - Mayer's total valence
  BVA  - Mayer's bonded valence
  FA   - Mayer's free valence
  ATOM       NA         ZA         QA         VA         BVA        FA
  0   0     5.8962     6.0000     0.1038     3.9394     3.9394    -0.0000
  1   0     6.2134     6.0000    -0.2134     4.2329     4.2329    -0.0000
  2   0     6.0516     6.0000    -0.0516     4.0260     4.0260    -0.0000
  3   0     5.7799     6.0000     0.2201     3.8663     3.8663     0.0000
  4   0     6.1099     6.0000    -0.1099     3.9424     3.9424    -0.0000
  5   0     5.7999     6.0000     0.2001     4.0072     4.0072     0.0000
  6   0     6.0644     6.0000    -0.0644     3.7545     3.7545    -0.0000
  7   0     6.0238     6.0000    -0.0238     3.9139     3.9139     0.0000
  8   0     6.0180     6.0000    -0.0180     3.8281     3.8281     0.0000
  9   0     6.0202     6.0000    -0.0202     3.8366     3.8366    -0.0000
 10   0     5.8493     6.0000     0.1507     3.9110     3.9110     0.0000
 11   0     5.9466     6.0000     0.0534     3.9513     3.9513    -0.0000
 12   0     5.9395     6.0000     0.0605     3.7490     3.7490    -0.0000
 13   0     5.9769     6.0000     0.0231     3.8982     3.8982    -0.0000
 14   0     6.0007     6.0000    -0.0007     3.8078     3.8078     0.0000
 15   0     6.0117     6.0000    -0.0117     3.7933     3.7933    -0.0000
 16   0     5.7789     6.0000     0.2211     3.8906     3.8906    -0.0000
 17   0     6.0190     6.0000    -0.0190     3.8179     3.8179     0.0000
 18   0     6.0020     6.0000    -0.0020     3.8106     3.8106    -0.0000
 19   0     8.3164     8.0000    -0.3164     2.0770     2.0770    -0.0000
 20   0     5.8161     6.0000     0.1839     4.3133     4.3133    -0.0000
 21   0     8.2458     8.0000    -0.2458     2.2128     2.2128    -0.0000
 22   0     8.2528     8.0000    -0.2528     2.1784     2.1784     0.0000
 23   0     5.8241     6.0000     0.1759     4.2600     4.2600    -0.0000
 24   0     8.2275     8.0000    -0.2275     2.2728     2.2728    -0.0000
 25   0     8.3511     8.0000    -0.3511     2.1520     2.1520    -0.0000
 26   0     5.8369     6.0000     0.1631     3.8756     3.8756    -0.0000
 27   0     8.2592     8.0000    -0.2592     2.1851     2.1851     0.0000
 28   0     5.9332     6.0000     0.0668     3.9197     3.9197    -0.0000
 29   0     1.0104     1.0000    -0.0104     0.9889     0.9889    -0.0000
 30   0     0.9872     1.0000     0.0128     1.0012     1.0012     0.0000
 31   0     0.9836     1.0000     0.0164     0.9944     0.9944     0.0000
 32   0     1.0364     1.0000    -0.0364     0.9914     0.9914    -0.0000
 33   0     1.0072     1.0000    -0.0072     0.9984     0.9984    -0.0000
 34   0     1.0199     1.0000    -0.0199     0.9811     0.9811    -0.0000
 35   0     1.0854     1.0000    -0.0854     1.0105     1.0105    -0.0000
 36   0     1.0391     1.0000    -0.0391     0.9875     0.9875    -0.0000
 37   0     1.0331     1.0000    -0.0331     0.9864     0.9864     0.0000
 38   0     0.9717     1.0000     0.0283     1.0256     1.0256    -0.0000
 39   0     1.0075     1.0000    -0.0075     1.0006     1.0006     0.0000
 40   0     0.9685     1.0000     0.0315     1.0222     1.0222     0.0000
 41   0     0.9829     1.0000     0.0171     1.0163     1.0163    -0.0000
 42   0     1.0314     1.0000    -0.0314     0.9899     0.9899    -0.0000
 43   0     1.0376     1.0000    -0.0376     0.9962     0.9962     0.0000
 44   0     1.0280     1.0000    -0.0280     0.9946     0.9946    -0.0000
 45   0     1.0189     1.0000    -0.0189     0.9938     0.9938     0.0000
 46   0     0.7844     1.0000     0.2156     0.9753     0.9753    -0.0000
 47   0     0.7722     1.0000     0.2278     0.9878     0.9878     0.0000
 48   0     0.9810     1.0000     0.0190     0.9837     0.9837    -0.0000
 49   0     0.9681     1.0000     0.0319     0.9881     0.9881    -0.0000
 50   0     0.9351     1.0000     0.0649     1.0310     1.0310     0.0000
 51   0     0.7933     1.0000     0.2067     0.9837     0.9837    -0.0000
 52   0     0.9810     1.0000     0.0190     0.9944     0.9944     0.0000
 53   0     1.0012     1.0000    -0.0012     0.9931     0.9931     0.0000
 54   0     0.9697     1.0000     0.0303     0.9876     0.9876     0.0000
      Bond orders larger than 0.1000000
           Atom A     A.N. of A          Atom B    A.N. of B              Bond order
                0             6               1            6                1.099588
                0             6              29            1                0.941557
                0             6              30            1                0.940394
                0             6              31            1                0.951469
                1             6               2            6                1.927954
                1             6              28            6                1.044181
                2             6               3            6                1.054761
                2             6              32            1                0.943673
                3             6               4            6                1.033217
                3             6              33            1                0.902555
                3             6              34            1                0.886779
                4             6               5            6                1.390450
                4             6               9            6                1.386189
                5             6               6            6                1.317516
                5             6              27            8                1.175707
                6             6               7            6                1.334934
                6             6              35            1                0.980929
                7             6               8            6                1.407838
                7             6              10            6                1.034651
                8             6               9            6                1.345445
                8             6              36            1                0.983543
                9             6              37            1                0.993371
               10             6              11            6                1.073405
               10             6              38            1                0.897751
               10             6              39            1                0.901174
               11             6              12            6                1.036575
               11             6              23            6                0.937207
               11             6              40            1                0.868572
               12             6              13            6                0.999268
               12             6              20            6                0.937249
               12             6              41            1                0.859296
               13             6              14            6                1.399332
               13             6              18            6                1.385934
               14             6              15            6                1.329881
               14             6              42            1                0.985680
               15             6              16            6                1.364142
               15             6              43            1                0.994950
               16             6              17            6                1.362692
               16             6              19            8                1.072571
               17             6              18            6                1.345837
               17             6              44            1                0.997003
               18             6              45            1                0.983035
               19             8              46            1                0.936725
               20             6              21            8                2.036467
               20             6              22            8                1.220180
               22             8              47            1                0.908003
               23             6              24            8                2.078327
               23             6              25            8                1.103882
               25             8              26            6                0.921666
               26             6              48            1                0.975252
               26             6              49            1                0.978682
               26             6              50            1                0.953659
               27             8              51            1                0.921236
               28             6              52            1                0.964008
               28             6              53            1                0.955968
               28             6              54            1                0.962145
# -----------------------------------------------------------
$ Calculation_Info
   description: Details of the calculation
   geom. index: 1
   prop. index: 1
     Multiplicity:                          1
     Charge:                                0
     number of atoms:                       55
     number of electrons:                   0
     number of frozen core electrons:       1
     number of correlated electrons:        0
     number of basis functions:             536
     number of aux C basis functions:       0
     number of aux J basis functions:       1707
     number of aux JK basis functions:      0
     number of aux CABS basis functions:    0
     Total Energy                           -1341.624859
# -----------------------------------------------------------
$ SCF_Electric_Properties
   description: The SCF Calculated Electric Properties
   geom. index: 1
   prop. index: 1
       Filename                          : 74.scfp 
       Do Dipole Moment Calculation      : true 
       Do Quadrupole Moment Calculation  : false 
       Do Polarizability Calculation     : true 
** Dipole moment part of electric properties **
        Magnitude of dipole moment (Debye) :        5.0498612061
        Electronic Contribution:
                  0    
      0     -31.849897
      1      -5.340934
      2       7.102956
        Nuclear Contribution:
                  0    
      0      30.243019
      1       5.660393
      2      -8.226779
        Total Dipole moment:
                  0    
      0      -1.606877
      1       0.319459
      2      -1.123824
** Polarizabilities part of electric properties **
        Isotropic polarizability :      263.0692165709
        The raw cartesian tensor (atomic units):
                  0          1          2    
      0     305.537588  -8.416999 -25.375315
      1      -8.416999 247.944518  -7.606733
      2     -25.375315  -7.606733 235.725544
        Diagonalised polarizability tensor :
                  0    
      0     223.466268
      1     251.464999
      2     314.276383
# -------------------------------------------------------------
----------------------- !GEOMETRIES! ------------------------
# -------------------------------------------------------------
------------------------ !GEOMETRY! -------------------------
    Number of atoms:    55 
    Geometry Index:     1 
    Coordinates:
               0 C      6.270807000000    0.230212000000   -1.903914000000
               1 C      5.788296000000    0.244790000000   -0.501036000000
               2 C      4.962808000000   -0.655573000000   -0.014733000000
               3 C      4.393042000000   -1.794272000000   -0.748741000000
               4 C      2.898114000000   -1.748609000000   -0.787411000000
               5 C      2.226169000000   -0.884645000000   -1.633040000000
               6 C      0.831652000000   -0.867231000000   -1.642945000000
               7 C      0.108949000000   -1.692265000000   -0.828085000000
               8 C      0.797850000000   -2.542590000000    0.004007000000
               9 C      2.176619000000   -2.591271000000    0.044568000000
              10 C     -1.389266000000   -1.668446000000   -0.839865000000
              11 C     -1.927685000000   -0.695710000000    0.175027000000
              12 C     -3.413605000000   -0.655833000000    0.189393000000
              13 C     -3.940246000000    0.336562000000    1.184449000000
              14 C     -4.666431000000    1.448214000000    0.814481000000
              15 C     -5.134489000000    2.340124000000    1.756742000000
              16 C     -4.901445000000    2.166041000000    3.105573000000
              17 C     -4.176698000000    1.057367000000    3.480649000000
              18 C     -3.703473000000    0.155867000000    2.530091000000
              19 O     -5.383953000000    3.081828000000    4.052653000000
              20 C     -4.081372000000   -1.963311000000    0.363415000000
              21 O     -3.417211000000   -2.955049000000    0.720775000000
              22 O     -5.438177000000   -2.128533000000    0.140263000000
              23 C     -1.378057000000    0.664028000000   -0.180328000000
              24 O     -0.615835000000    1.293717000000    0.563403000000
              25 O     -1.736993000000    1.241637000000   -1.390701000000
              26 C     -1.220029000000    2.523148000000   -1.727930000000
              27 O      2.984142000000   -0.064758000000   -2.442533000000
              28 C      6.291921000000    1.363903000000    0.377790000000
              29 H      7.293086000000    0.701960000000   -1.919488000000
              30 H      5.638354000000    0.925349000000   -2.511545000000
              31 H      6.358590000000   -0.771449000000   -2.330342000000
              32 H      4.661955000000   -0.558084000000    1.043151000000
              33 H      4.765745000000   -1.897363000000   -1.779805000000
              34 H      4.691332000000   -2.741515000000   -0.228865000000
              35 H      0.385528000000   -0.169424000000   -2.332514000000
              36 H      0.204173000000   -3.193913000000    0.647214000000
              37 H      2.678455000000   -3.290674000000    0.729899000000
              38 H     -1.698572000000   -2.705887000000   -0.716314000000
              39 H     -1.678601000000   -1.248983000000   -1.839281000000
              40 H     -1.517910000000   -0.991303000000    1.182109000000
              41 H     -3.739295000000   -0.275781000000   -0.821899000000
              42 H     -4.850747000000    1.584836000000   -0.256638000000
              43 H     -5.701654000000    3.205870000000    1.449937000000
              44 H     -3.967365000000    0.877968000000    4.535964000000
              45 H     -3.133846000000   -0.714484000000    2.832702000000
              46 H     -6.307374000000    2.916565000000    4.441801000000
              47 H     -5.843690000000   -2.996977000000   -0.195292000000
              48 H     -0.564384000000    2.375995000000   -2.615519000000
              49 H     -2.072781000000    3.146641000000   -2.042590000000
              50 H     -0.649169000000    2.961240000000   -0.872193000000
              51 H      2.582804000000    0.604662000000   -3.097905000000
              52 H      6.470099000000    0.951223000000    1.412404000000
              53 H      7.266650000000    1.729951000000    0.030826000000
              54 H      5.523212000000    2.147227000000    0.392167000000
