-------------------------------------------------------------
----------------------- !PROPERTIES! ------------------------
-------------------------------------------------------------
# -------------------------------------------------------------
----------------------- !GEOMETRIES! ------------------------
# -------------------------------------------------------------
------------------------ !GEOMETRY! -------------------------
    Number of atoms:    41 
    Geometry Index:     1 
    Coordinates:
               0  C      1.358472000000    1.184523000000    0.242453000000
               1  C      0.436065000000    1.049383000000   -0.909119000000
               2  C     -0.863297000000    0.422823000000   -0.507304000000
               3  C     -1.968791000000    1.154381000000   -0.889357000000
               4  C     -3.219157000000    0.650632000000   -0.559491000000
               5  C     -3.349488000000   -0.542589000000    0.127852000000
               6  C     -2.225631000000   -1.253126000000    0.497258000000
               7  C     -0.959262000000   -0.770716000000    0.179078000000
               8  N      0.079608000000   -1.645554000000    0.645382000000
               9  C      1.454610000000   -1.272228000000    0.710929000000
              10  O      2.207565000000   -2.258743000000    0.924406000000
              11  C      2.175593000000   -0.007977000000    0.585973000000
              12  N      3.254034000000   -0.169490000000   -0.399036000000
              13  C      0.621608000000    0.034482000000    0.246928000000
              14  C     -0.449321000000    0.075899000000   -0.823659000000
              15  C     -1.806411000000    0.164947000000   -0.250598000000
              16  O     -2.642362000000   -0.738073000000   -0.498289000000
              17  O     -2.223102000000    1.209259000000    0.563086000000
              18  O     -0.349329000000   -1.080857000000   -1.587420000000
              19  C      1.948665000000   -0.105281000000   -0.405781000000
              20  O      2.719454000000   -1.077013000000   -0.200317000000
              21  O      2.375206000000    0.871359000000   -1.286149000000
              22  O      0.456888000000   -1.078326000000    1.069717000000
              23  H      0.775957000000    1.513036000000    1.152981000000
              24  H      2.053778000000    2.026461000000    0.038711000000
              25  H      0.245159000000    2.033199000000   -1.380699000000
              26  H      0.910746000000    0.343840000000   -1.646108000000
              27  H     -1.845542000000    2.070983000000   -1.418137000000
              28  H     -4.110322000000    1.225612000000   -0.859036000000
              29  H     -4.332490000000   -0.915770000000    0.374102000000
              30  H     -2.262241000000   -2.184924000000    1.031848000000
              31  H     -0.208725000000   -2.594389000000    0.945257000000
              32  H      2.685247000000    0.192578000000    1.552537000000
              33  H      3.838026000000    0.712653000000   -0.310246000000
              34  H      3.870087000000   -0.964596000000   -0.130235000000
              35  H      0.628499000000    0.967768000000    0.832741000000
              36  H     -0.297068000000    0.974741000000   -1.447384000000
              37  H     -3.188347000000    1.536593000000    0.477635000000
              38  H     -0.835955000000   -1.805405000000   -1.078408000000
              39  H      3.370814000000    1.045381000000   -1.426104000000
              40  H     -0.329240000000   -0.995474000000    1.670458000000
