-------------------------------------------------------------
----------------------- !PROPERTIES! ------------------------
-------------------------------------------------------------
# -----------------------------------------------------------
$ SCF_Energy
   description: The SCF energy
   geom. index: 1
   prop. index: 1
        SCF Energy:    -1148.4713652863
# -----------------------------------------------------------
$ DFT_Energy
   description: The DFT energy
   geom. index: 1
   prop. index: 1
   Number of Alpha Electrons                 91.0001210390 
   Number of Beta  Electrons                 91.0001210390 
   Total number of  Electrons               182.0002420780 
   Exchange energy                         -121.9600850724 
   Correlation energy                        -7.3516331391 
   Correlation energy NL                      0.0000000000 
   Exchange-Correlation energy             -129.3117182114 
   Embedding correction                       0.0000000000 
   Total DFT Energy (No VdW correction)   -1148.4713652863 
# -----------------------------------------------------------
$ Mayer_Pop
   description: The Mayer population analysis
   geom. index: 1
   prop. index: 1
     Number of atoms                     : 44
     Threshold for printing              : 0.1000000
     Number of bond orders printed       : 48
  NA   - Mulliken gross atomic population
  ZA   - Total nuclear charge
  QA   - Mulliken gross atomic charge
  VA   - Mayer's total valence
  BVA  - Mayer's bonded valence
  FA   - Mayer's free valence
  ATOM       NA         ZA         QA         VA         BVA        FA
  0   0     5.9147     6.0000     0.0853     3.8957     3.8957    -0.0000
  1   0     6.0094     6.0000    -0.0094     3.8536     3.8536    -0.0000
  2   0     6.0810     6.0000    -0.0810     3.7877     3.7877     0.0000
  3   0     5.7519     6.0000     0.2481     3.8795     3.8795     0.0000
  4   0     6.1462     6.0000    -0.1462     3.7605     3.7605    -0.0000
  5   0     5.7157     6.0000     0.2843     3.7838     3.7838     0.0000
  6   0     6.0805     6.0000    -0.0805     3.8233     3.8233    -0.0000
  7   0     8.2011     8.0000    -0.2011     2.2628     2.2628    -0.0000
  8   0     5.7297     6.0000     0.2703     3.8305     3.8305     0.0000
  9   0     6.1480     6.0000    -0.1480     3.7863     3.7863     0.0000
 10   0     5.9642     6.0000     0.0358     3.8544     3.8544    -0.0000
 11   0     6.1267     6.0000    -0.1267     3.8142     3.8142     0.0000
 12   0     5.7380     6.0000     0.2620     3.8821     3.8821     0.0000
 13   0     6.1641     6.0000    -0.1641     3.8146     3.8146     0.0000
 14   0     5.7237     6.0000     0.2763     3.9845     3.9845     0.0000
 15   0     6.1137     6.0000    -0.1137     3.9738     3.9738     0.0000
 16   0     6.0984     6.0000    -0.0984     3.9400     3.9400    -0.0000
 17   0     5.5537     6.0000     0.4463     3.8131     3.8131    -0.0000
 18   0     8.3450     8.0000    -0.3450     2.1499     2.1499     0.0000
 19   0     6.0991     6.0000    -0.0991     3.8418     3.8418     0.0000
 20   0     5.9253     6.0000     0.0747     3.7480     3.7480     0.0000
 21   0     6.0732     6.0000    -0.0732     3.8265     3.8265     0.0000
 22   0     5.7529     6.0000     0.2471     3.7816     3.7816    -0.0000
 23   0     8.2890     8.0000    -0.2890     2.2420     2.2420     0.0000
 24   0     5.9232     6.0000     0.0768     3.9025     3.9025     0.0000
 25   0     8.3289     8.0000    -0.3289     2.0624     2.0624    -0.0000
 26   0     0.9739     1.0000     0.0261     0.9921     0.9921    -0.0000
 27   0     0.9918     1.0000     0.0082     0.9970     0.9970     0.0000
 28   0     0.9664     1.0000     0.0336     0.9877     0.9877    -0.0000
 29   0     1.0585     1.0000    -0.0585     1.0017     1.0017     0.0000
 30   0     1.0379     1.0000    -0.0379     1.0112     1.0112    -0.0000
 31   0     1.0478     1.0000    -0.0478     1.0213     1.0213    -0.0000
 32   0     1.0571     1.0000    -0.0571     0.9964     0.9964     0.0000
 33   0     1.0446     1.0000    -0.0446     0.9991     0.9991     0.0000
 34   0     1.0130     1.0000    -0.0130     0.9681     0.9681    -0.0000
 35   0     1.0041     1.0000    -0.0041     0.9858     0.9858     0.0000
 36   0     0.9840     1.0000     0.0160     0.9931     0.9931     0.0000
 37   0     1.0441     1.0000    -0.0441     0.9807     0.9807    -0.0000
 38   0     1.0277     1.0000    -0.0277     0.9796     0.9796     0.0000
 39   0     1.0305     1.0000    -0.0305     0.9886     0.9886     0.0000
 40   0     0.9690     1.0000     0.0310     0.9882     0.9882     0.0000
 41   0     0.9869     1.0000     0.0131     0.9934     0.9934    -0.0000
 42   0     0.9782     1.0000     0.0218     0.9918     0.9918     0.0000
 43   0     0.7871     1.0000     0.2129     0.9778     0.9778    -0.0000
      Bond orders larger than 0.1000000
           Atom A     A.N. of A          Atom B    A.N. of B              Bond order
                0             6               1            6                1.047427
                0             6              26            1                0.958526
                0             6              27            1                0.959470
                0             6              28            1                0.954276
                1             6               2            6                1.298857
                1             6               6            6                1.393407
                2             6               3            6                1.363258
                2             6              29            1                1.010642
                3             6               4            6                1.329912
                3             6              25            8                1.043801
                4             6               5            6                1.306231
                4             6              30            1                1.002757
                5             6               6            6                1.313102
                5             6               7            8                1.011970
                6             6              31            1                1.006392
                7             8               8            6                1.103451
                8             6               9            6                1.318686
                8             6              13            6                1.292591
                9             6              10            6                1.308295
                9             6              32            1                1.009075
               10             6              11            6                1.361018
               10             6              24            6                1.061184
               11             6              12            6                1.319022
               11             6              33            1                1.004206
               12             6              13            6                1.394324
               12             6              23            8                1.053127
               13             6              14            6                0.988197
               14             6              15            6                0.965853
               14             6              18            8                1.080333
               14             6              34            1                0.852960
               15             6              16            6                1.388479
               15             6              22            6                1.364300
               16             6              17            6                1.010038
               16             6              19            6                1.390780
               17             6              18            8                0.972720
               17             6              35            1                0.879232
               17             6              36            1                0.926555
               19             6              20            6                1.336825
               19             6              37            1                0.996397
               20             6              21            6                1.363196
               20             6              38            1                0.998136
               21             6              22            6                1.319985
               21             6              39            1                0.993215
               22             6              23            8                1.070043
               24             6              40            1                0.949497
               24             6              41            1                0.957175
               24             6              42            1                0.956700
               25             8              43            1                0.934632
# -----------------------------------------------------------
$ Calculation_Info
   description: Details of the calculation
   geom. index: 1
   prop. index: 1
     Multiplicity:                          1
     Charge:                                0
     number of atoms:                       44
     number of electrons:                   0
     number of frozen core electrons:       1
     number of correlated electrons:        0
     number of basis functions:             454
     number of aux C basis functions:       0
     number of aux J basis functions:       1472
     number of aux JK basis functions:      0
     number of aux CABS basis functions:    0
     Total Energy                           -1148.471365
# -----------------------------------------------------------
$ SCF_Electric_Properties
   description: The SCF Calculated Electric Properties
   geom. index: 1
   prop. index: 1
       Filename                          : 77.scfp 
       Do Dipole Moment Calculation      : true 
       Do Quadrupole Moment Calculation  : false 
       Do Polarizability Calculation     : true 
** Dipole moment part of electric properties **
        Magnitude of dipole moment (Debye) :        1.2213492718
        Electronic Contribution:
                  0    
      0       8.852793
      1      -1.660579
      2      -1.122006
        Nuclear Contribution:
                  0    
      0      -8.890165
      1       1.990520
      2       0.774690
        Total Dipole moment:
                  0    
      0      -0.037371
      1       0.329941
      2      -0.347316
** Polarizabilities part of electric properties **
        Isotropic polarizability :      254.0439914789
        The raw cartesian tensor (atomic units):
                  0          1          2    
      0     335.305583   3.825822   9.763263
      1       3.825822 301.228371 -28.834148
      2       9.763263 -28.834148 125.598020
        Diagonalised polarizability tensor :
                  0    
      0     120.496631
      1     305.675584
      2     335.959760
# -------------------------------------------------------------
----------------------- !GEOMETRIES! ------------------------
# -------------------------------------------------------------
------------------------ !GEOMETRY! -------------------------
    Number of atoms:    44 
    Geometry Index:     1 
    Coordinates:
               0 C     -4.352173000000    2.921821000000   -0.431186000000
               1 C     -3.959665000000    1.473428000000   -0.382062000000
               2 C     -4.920550000000    0.484361000000   -0.460866000000
               3 C     -4.557716000000   -0.837997000000   -0.415833000000
               4 C     -3.248220000000   -1.192327000000   -0.293148000000
               5 C     -2.256049000000   -0.244728000000   -0.210734000000
               6 C     -2.660646000000    1.109787000000   -0.259974000000
               7 O     -0.969641000000   -0.475331000000   -0.088855000000
               8 C      0.041413000000   -1.282786000000    0.114290000000
               9 C     -0.069701000000   -2.636114000000    0.383195000000
              10 C      1.063542000000   -3.398026000000    0.580820000000
              11 C      2.291054000000   -2.820535000000    0.509767000000
              12 C      2.480474000000   -1.480074000000    0.244324000000
              13 C      1.336670000000   -0.703118000000    0.047571000000
              14 C      1.394744000000    0.731769000000   -0.105759000000
              15 C      2.802043000000    1.152158000000   -0.333828000000
              16 C      2.710663000000    2.475860000000   -0.660299000000
              17 C      1.242678000000    2.774781000000   -0.852964000000
              18 O      0.673273000000    1.442967000000   -0.989129000000
              19 C      3.912621000000    3.126765000000   -0.790047000000
              20 C      5.120792000000    2.440832000000   -0.595424000000
              21 C      5.105087000000    1.087216000000   -0.270292000000
              22 C      3.901648000000    0.389739000000   -0.130557000000
              23 O      3.794017000000   -0.962324000000    0.169542000000
              24 C      0.909463000000   -4.844300000000    0.868971000000
              25 O     -5.517925000000   -1.855956000000   -0.494273000000
              26 H     -3.829009000000    3.433067000000    0.399955000000
              27 H     -5.440140000000    3.026861000000   -0.347443000000
              28 H     -4.022128000000    3.336222000000   -1.419898000000
              29 H     -5.961302000000    0.762845000000   -0.558308000000
              30 H     -2.985602000000   -2.269038000000   -0.268761000000
              31 H     -1.882057000000    1.880135000000   -0.192676000000
              32 H     -1.048075000000   -3.092658000000    0.444974000000
              33 H      3.184652000000   -3.425844000000    0.666622000000
              34 H      1.091186000000    1.149621000000    0.946491000000
              35 H      0.788992000000    3.305535000000   -0.033055000000
              36 H      1.094564000000    3.225356000000   -1.844412000000
              37 H      3.897049000000    4.176678000000   -1.045305000000
              38 H      6.020655000000    3.003208000000   -0.708596000000
              39 H      6.028757000000    0.552807000000   -0.120399000000
              40 H      0.985526000000   -5.022471000000    1.949195000000
              41 H     -0.080316000000   -5.235714000000    0.541252000000
              42 H      1.696318000000   -5.431786000000    0.351280000000
              43 H     -5.806969000000   -2.252689000000   -1.378100000000
