-------------------------------------------------------------
----------------------- !PROPERTIES! ------------------------
-------------------------------------------------------------
# -----------------------------------------------------------
$ SCF_Energy
   description: The SCF energy
   geom. index: 1
   prop. index: 1
        SCF Energy:    -1986.7571892339
# -----------------------------------------------------------
$ DFT_Energy
   description: The DFT energy
   geom. index: 1
   prop. index: 1
   Number of Alpha Electrons                152.0000113963 
   Number of Beta  Electrons                152.0000113963 
   Total number of  Electrons               304.0000227925 
   Exchange energy                         -207.0405262554 
   Correlation energy                       -12.3899439698 
   Correlation energy NL                      0.0000000000 
   Exchange-Correlation energy             -219.4304702252 
   Embedding correction                       0.0000000000 
   Total DFT Energy (No VdW correction)   -1986.7571892339 
# -----------------------------------------------------------
$ Mayer_Pop
   description: The Mayer population analysis
   geom. index: 1
   prop. index: 1
     Number of atoms                     : 71
     Threshold for printing              : 0.1000000
     Number of bond orders printed       : 77
  NA   - Mulliken gross atomic population
  ZA   - Total nuclear charge
  QA   - Mulliken gross atomic charge
  VA   - Mayer's total valence
  BVA  - Mayer's bonded valence
  FA   - Mayer's free valence
  ATOM       NA         ZA         QA         VA         BVA        FA
  0   0     5.9242     6.0000     0.0758     3.9049     3.9049     0.0000
  1   0     5.9752     6.0000     0.0248     3.8244     3.8244     0.0000
  2   0     6.0541     6.0000    -0.0541     3.8020     3.8020    -0.0000
  3   0     5.9394     6.0000     0.0606     3.8785     3.8785     0.0000
  4   0     6.0214     6.0000    -0.0214     3.5152     3.5152     0.0000
  5   0     5.8277     6.0000     0.1723     3.9407     3.9407     0.0000
  6   0     6.0925     6.0000    -0.0925     3.7601     3.7601    -0.0000
  7   0     8.2282     8.0000    -0.2282     2.2431     2.2431     0.0000
  8   0     5.9314     6.0000     0.0686     4.1078     4.1078     0.0000
  9   0     8.2253     8.0000    -0.2253     2.2955     2.2955     0.0000
 10   0     5.9764     6.0000     0.0236     3.5689     3.5689    -0.0000
 11   0     5.9398     6.0000     0.0602     3.9096     3.9096    -0.0000
 12   0     6.1118     6.0000    -0.1118     3.7747     3.7747     0.0000
 13   0     5.7693     6.0000     0.2307     3.9115     3.9115    -0.0000
 14   0     5.8973     6.0000     0.1027     4.0190     4.0190     0.0000
 15   0     6.0479     6.0000    -0.0479     4.0344     4.0344    -0.0000
 16   0     5.8832     6.0000     0.1168     3.7924     3.7924    -0.0000
 17   0     5.9727     6.0000     0.0273     3.5722     3.5722    -0.0000
 18   0     5.8276     6.0000     0.1724     3.9529     3.9529    -0.0000
 19   0     6.0928     6.0000    -0.0928     3.7240     3.7240    -0.0000
 20   0     5.9979     6.0000     0.0021     3.8809     3.8809    -0.0000
 21   0     6.1202     6.0000    -0.1202     3.8063     3.8063    -0.0000
 22   0     5.9199     6.0000     0.0801     3.9002     3.9002    -0.0000
 23   0     8.2114     8.0000    -0.2114     2.2332     2.2332     0.0000
 24   0     5.9744     6.0000     0.0256     4.1662     4.1662    -0.0000
 25   0     8.1849     8.0000    -0.1849     2.3002     2.3002     0.0000
 26   0     6.0102     6.0000    -0.0102     3.5686     3.5686     0.0000
 27   0     5.9282     6.0000     0.0718     3.7762     3.7762     0.0000
 28   0     6.0515     6.0000    -0.0515     3.9024     3.9024     0.0000
 29   0     5.7737     6.0000     0.2263     3.7913     3.7913     0.0000
 30   0     6.1995     6.0000    -0.1995     3.6390     3.6390     0.0000
 31   0     5.8232     6.0000     0.1768     3.9359     3.9359     0.0000
 32   0     8.1844     8.0000    -0.1844     2.2564     2.2564     0.0000
 33   0     8.3410     8.0000    -0.3410     2.1857     2.1857    -0.0000
 34   0     5.8215     6.0000     0.1785     3.9263     3.9263    -0.0000
 35   0     8.2702     8.0000    -0.2702     2.1074     2.1074    -0.0000
 36   0     6.1494     6.0000    -0.1494     3.6976     3.6976    -0.0000
 37   0     5.7114     6.0000     0.2886     3.8136     3.8136    -0.0000
 38   0     6.1121     6.0000    -0.1121     3.6652     3.6652     0.0000
 39   0     5.8760     6.0000     0.1240     4.0054     4.0054    -0.0000
 40   0     8.2224     8.0000    -0.2224     2.2150     2.2150     0.0000
 41   0     8.3371     8.0000    -0.3371     2.1814     2.1814    -0.0000
 42   0     5.8297     6.0000     0.1703     3.9407     3.9407    -0.0000
 43   0     0.9911     1.0000     0.0089     0.9959     0.9959    -0.0000
 44   0     0.9703     1.0000     0.0297     0.9897     0.9897    -0.0000
 45   0     0.9752     1.0000     0.0248     0.9892     0.9892    -0.0000
 46   0     1.0694     1.0000    -0.0694     0.9945     0.9945    -0.0000
 47   0     1.0596     1.0000    -0.0596     1.0039     1.0039    -0.0000
 48   0     0.8037     1.0000     0.1963     1.0430     1.0430     0.0000
 49   0     0.9963     1.0000     0.0037     1.0509     1.0509    -0.0000
 50   0     1.0107     1.0000    -0.0107     0.9895     0.9895    -0.0000
 51   0     1.0077     1.0000    -0.0077     0.9810     0.9810    -0.0000
 52   0     0.9952     1.0000     0.0048     1.0146     1.0146    -0.0000
 53   0     1.0642     1.0000    -0.0642     0.9988     0.9988    -0.0000
 54   0     1.0752     1.0000    -0.0752     0.9973     0.9973     0.0000
 55   0     0.9696     1.0000     0.0304     0.9889     0.9889    -0.0000
 56   0     0.9874     1.0000     0.0126     0.9956     0.9956    -0.0000
 57   0     0.9713     1.0000     0.0287     0.9901     0.9901    -0.0000
 58   0     0.8143     1.0000     0.1857     1.0001     1.0001    -0.0000
 59   0     1.0754     1.0000    -0.0754     1.0121     1.0121    -0.0000
 60   0     0.8084     1.0000     0.1916     0.9960     0.9960    -0.0000
 61   0     0.9822     1.0000     0.0178     0.9859     0.9859    -0.0000
 62   0     0.9567     1.0000     0.0433     0.9852     0.9852    -0.0000
 63   0     0.9714     1.0000     0.0286     0.9802     0.9802    -0.0000
 64   0     0.8450     1.0000     0.1550     1.0388     1.0388    -0.0000
 65   0     1.0025     1.0000    -0.0025     1.0063     1.0063    -0.0000
 66   0     1.0561     1.0000    -0.0561     1.0064     1.0064    -0.0000
 67   0     0.8150     1.0000     0.1850     0.9983     0.9983     0.0000
 68   0     0.9811     1.0000     0.0189     0.9816     0.9816    -0.0000
 69   0     0.9745     1.0000     0.0255     0.9830     0.9830    -0.0000
 70   0     0.9826     1.0000     0.0174     0.9884     0.9884    -0.0000
      Bond orders larger than 0.1000000
           Atom A     A.N. of A          Atom B    A.N. of B              Bond order
                0             6               1            6                1.045449
                0             6              43            1                0.961058
                0             6              44            1                0.955003
                0             6              45            1                0.953993
                1             6               2            6                1.334591
                1             6               6            6                1.322328
                2             6               3            6                1.370844
                2             6              46            1                0.980667
                3             6               4            6                1.421170
                3             6              12            6                0.923497
                4             6               5            6                1.196297
                4             6               8            6                0.968617
                5             6               6            6                1.314128
                5             6               7            8                1.243891
                6             6              47            1                1.023752
                7             8              48            1                0.908604
                8             6               9            8                2.114577
                8             6              10            6                0.948258
               10             6              11            6                1.470982
               10             6              39            6                1.234828
               11             6              12            6                0.905255
               11             6              36            6                1.291227
               12             6              13            6                1.044591
               12             6              28            6                0.942602
               13             6              14            6                1.064121
               13             6              49            1                0.868267
               13             6              50            1                0.909790
               14             6              15            6                1.101492
               14             6              51            1                0.872469
               14             6              52            1                0.911033
               15             6              16            6                0.891597
               15             6              27            6                0.928031
               15             6              35            8                1.053889
               16             6              17            6                1.405553
               16             6              21            6                1.358829
               17             6              18            6                1.285378
               17             6              24            6                0.965909
               18             6              19            6                1.277463
               18             6              23            8                1.232559
               19             6              20            6                1.348662
               19             6              53            1                1.005418
               20             6              21            6                1.330275
               20             6              22            6                1.045281
               21             6              54            1                1.002106
               22             6              55            1                0.952832
               22             6              56            1                0.958605
               22             6              57            1                0.953990
               23             8              58            1                0.931853
               24             6              25            8                2.165978
               24             6              26            6                0.951204
               26             6              27            6                1.395045
               26             6              31            6                1.261470
               27             6              28            6                1.419325
               28             6              29            6                1.355954
               29             6              30            6                1.263309
               29             6              33            8                1.090662
               30             6              31            6                1.228166
               30             6              59            1                1.002358
               31             6              32            8                1.296537
               32             8              60            1                0.922432
               33             8              34            6                0.970485
               34             6              61            1                0.970041
               34             6              62            1                0.970123
               34             6              63            1                0.954686
               35             8              64            1                0.963695
               36             6              37            6                1.324346
               36             6              65            1                0.974290
               37             6              38            6                1.258400
               37             6              41            8                1.055826
               38             6              39            6                1.349913
               38             6              66            1                1.013443
               39             6              40            8                1.222524
               40             8              67            1                0.931699
               41             8              42            6                0.990872
               42             6              68            1                0.968167
               42             6              69            1                0.971167
               42             6              70            1                0.956736
# -----------------------------------------------------------
$ Calculation_Info
   description: Details of the calculation
   geom. index: 1
   prop. index: 1
     Multiplicity:                          1
     Charge:                                0
     number of atoms:                       71
     number of electrons:                   0
     number of frozen core electrons:       1
     number of correlated electrons:        0
     number of basis functions:             742
     number of aux C basis functions:       0
     number of aux J basis functions:       2415
     number of aux JK basis functions:      0
     number of aux CABS basis functions:    0
     Total Energy                           -1986.757189
# -----------------------------------------------------------
$ SCF_Electric_Properties
   description: The SCF Calculated Electric Properties
   geom. index: 1
   prop. index: 1
       Filename                          : 206.scfp 
       Do Dipole Moment Calculation      : true 
       Do Quadrupole Moment Calculation  : false 
       Do Polarizability Calculation     : true 
** Dipole moment part of electric properties **
        Magnitude of dipole moment (Debye) :        1.9468368565
        Electronic Contribution:
                  0    
      0      -2.548101
      1      10.549738
      2       2.748627
        Nuclear Contribution:
                  0    
      0       3.095167
      1     -10.690062
      2      -3.266001
        Total Dipole moment:
                  0    
      0       0.547066
      1      -0.140324
      2      -0.517373
** Polarizabilities part of electric properties **
        Isotropic polarizability :      406.2631643000
        The raw cartesian tensor (atomic units):
                  0          1          2    
      0     432.451764 -75.563864 -66.184134
      1     -75.563864 436.735321 -10.418949
      2     -66.184134 -10.418949 349.602407
        Diagonalised polarizability tensor :
                  0    
      0     295.492322
      1     403.265581
      2     520.031590
# -------------------------------------------------------------
----------------------- !GEOMETRIES! ------------------------
# -------------------------------------------------------------
------------------------ !GEOMETRY! -------------------------
    Number of atoms:    71 
    Geometry Index:     1 
    Coordinates:
               0 C      0.983579000000   -2.000054000000    4.018762000000
               1 C     -0.179156000000   -1.190236000000    3.517177000000
               2 C     -0.124148000000   -0.684665000000    2.252289000000
               3 C     -1.177046000000    0.073059000000    1.731245000000
               4 C     -2.248690000000    0.286722000000    2.547291000000
               5 C     -2.299099000000   -0.242171000000    3.856475000000
               6 C     -1.245004000000   -0.998631000000    4.357827000000
               7 O     -3.353795000000   -0.052616000000    4.690912000000
               8 C     -3.300322000000    1.217164000000    2.144774000000
               9 O     -4.317413000000    1.473943000000    2.817687000000
              10 C     -3.082419000000    1.866962000000    0.837648000000
              11 C     -2.027802000000    1.639359000000    0.052051000000
              12 C     -1.101720000000    0.504180000000    0.317318000000
              13 C     -1.577361000000   -0.663651000000   -0.511462000000
              14 C     -0.650752000000   -1.825073000000   -0.442270000000
              15 C      0.623111000000   -1.422217000000   -1.131299000000
              16 C      1.618359000000   -2.419739000000   -1.367589000000
              17 C      2.914653000000   -2.063497000000   -1.641287000000
              18 C      3.874462000000   -3.010288000000   -1.977004000000
              19 C      3.586003000000   -4.354260000000   -2.050374000000
              20 C      2.285835000000   -4.714698000000   -1.771367000000
              21 C      1.333389000000   -3.782046000000   -1.441246000000
              22 C      1.905142000000   -6.158219000000   -1.829576000000
              23 O      5.184718000000   -2.598005000000   -2.254273000000
              24 C      3.365704000000   -0.692894000000   -1.456259000000
              25 O      4.548457000000   -0.341486000000   -1.710464000000
              26 C      2.396577000000    0.288204000000   -0.958432000000
              27 C      1.104414000000   -0.100905000000   -0.685921000000
              28 C      0.276101000000    0.824947000000   -0.080797000000
              29 C      0.714447000000    2.097454000000    0.236621000000
              30 C      2.005725000000    2.442357000000   -0.058700000000
              31 C      2.881851000000    1.571796000000   -0.654922000000
              32 O      4.195353000000    1.879230000000   -0.969573000000
              33 O     -0.125543000000    3.038344000000    0.852359000000
              34 C      0.256275000000    4.328171000000    1.191414000000
              35 O      0.126209000000   -1.125266000000   -2.488161000000
              36 C     -1.805411000000    2.367258000000   -1.121467000000
              37 C     -2.704189000000    3.334190000000   -1.462681000000
              38 C     -3.821063000000    3.613821000000   -0.687796000000
              39 C     -3.993388000000    2.876719000000    0.449631000000
              40 O     -5.098426000000    3.088024000000    1.300681000000
              41 O     -2.511124000000    4.077273000000   -2.624372000000
              42 C     -1.431612000000    3.889699000000   -3.479903000000
              43 H      1.709540000000   -2.182733000000    3.204574000000
              44 H      1.469291000000   -1.524875000000    4.872211000000
              45 H      0.560444000000   -3.006621000000    4.304911000000
              46 H      0.734763000000   -0.833436000000    1.667366000000
              47 H     -1.248338000000   -1.412251000000    5.344658000000
              48 H     -4.206635000000    0.387117000000    4.680961000000
              49 H     -1.570309000000   -0.343155000000   -1.609795000000
              50 H     -2.635784000000   -0.932546000000   -0.284435000000
              51 H     -1.081833000000   -2.682260000000   -1.092956000000
              52 H     -0.455233000000   -2.299708000000    0.491102000000
              53 H      4.302640000000   -5.116557000000   -2.306506000000
              54 H      0.334608000000   -4.072392000000   -1.226271000000
              55 H      1.505047000000   -6.449108000000   -0.818148000000
              56 H      2.819939000000   -6.774225000000   -2.038821000000
              57 H      1.106222000000   -6.289394000000   -2.559165000000
              58 H      5.909019000000   -3.236156000000   -2.496685000000
              59 H      2.331005000000    3.446937000000    0.195965000000
              60 H      4.604173000000    2.777018000000   -0.778086000000
              61 H      0.066273000000    4.957085000000    0.270599000000
              62 H     -0.505701000000    4.725707000000    1.922939000000
              63 H      1.254319000000    4.466573000000    1.592884000000
              64 H     -0.477604000000   -1.851371000000   -2.714135000000
              65 H     -0.916247000000    2.146778000000   -1.739460000000
              66 H     -4.532823000000    4.389243000000   -0.971647000000
              67 H     -5.786447000000    3.788284000000    1.084402000000
              68 H     -1.587959000000    3.079202000000   -4.241866000000
              69 H     -1.243168000000    4.829624000000   -4.077276000000
              70 H     -0.464082000000    3.674960000000   -2.992292000000
