-------------------------------------------------------------
----------------------- !PROPERTIES! ------------------------
-------------------------------------------------------------
# -----------------------------------------------------------
$ SCF_Energy
   description: The SCF energy
   geom. index: 1
   prop. index: 1
        SCF Energy:    -1185.7406732929
# -----------------------------------------------------------
$ DFT_Energy
   description: The DFT energy
   geom. index: 1
   prop. index: 1
   Number of Alpha Electrons                 90.9999059952 
   Number of Beta  Electrons                 90.9999059952 
   Total number of  Electrons               181.9998119904 
   Exchange energy                         -123.1389984942 
   Correlation energy                        -7.3697873817 
   Correlation energy NL                      0.0000000000 
   Exchange-Correlation energy             -130.5087858759 
   Embedding correction                       0.0000000000 
   Total DFT Energy (No VdW correction)   -1185.7406732929 
# -----------------------------------------------------------
$ Mayer_Pop
   description: The Mayer population analysis
   geom. index: 1
   prop. index: 1
     Number of atoms                     : 45
     Threshold for printing              : 0.1000000
     Number of bond orders printed       : 48
  NA   - Mulliken gross atomic population
  ZA   - Total nuclear charge
  QA   - Mulliken gross atomic charge
  VA   - Mayer's total valence
  BVA  - Mayer's bonded valence
  FA   - Mayer's free valence
  ATOM       NA         ZA         QA         VA         BVA        FA
  0   0     5.9043     6.0000     0.0957     3.9101     3.9101    -0.0000
  1   0     6.1656     6.0000    -0.1656     3.9535     3.9535     0.0000
  2   0     6.1085     6.0000    -0.1085     3.8929     3.8929     0.0000
  3   0     5.5705     6.0000     0.4295     3.9763     3.9763     0.0000
  4   0     8.2662     8.0000    -0.2662     2.2273     2.2273     0.0000
  5   0     5.7168     6.0000     0.2832     4.1997     4.1997     0.0000
  6   0     8.2151     8.0000    -0.2151     2.3155     2.3155     0.0000
  7   0     8.3286     8.0000    -0.3286     2.1168     2.1168    -0.0000
  8   0     5.9296     6.0000     0.0704     3.9461     3.9461     0.0000
  9   0     6.0401     6.0000    -0.0401     3.7798     3.7798    -0.0000
 10   0     6.0262     6.0000    -0.0262     4.0803     4.0803    -0.0000
 11   0     5.7482     6.0000     0.2518     3.9078     3.9078     0.0000
 12   0     6.1208     6.0000    -0.1208     3.8794     3.8794     0.0000
 13   0     6.0759     6.0000    -0.0759     3.8856     3.8856     0.0000
 14   0     5.7755     6.0000     0.2245     3.9703     3.9703    -0.0000
 15   0     8.3150     8.0000    -0.3150     2.1591     2.1591    -0.0000
 16   0     5.6845     6.0000     0.3155     4.1579     4.1579     0.0000
 17   0     8.2370     8.0000    -0.2370     2.2902     2.2902    -0.0000
 18   0     6.3515     6.0000    -0.3515     4.3965     4.3965     0.0000
 19   0     5.8886     6.0000     0.1114     4.0122     4.0122     0.0000
 20   0     5.9081     6.0000     0.0919     3.9082     3.9082     0.0000
 21   0     6.0147     6.0000    -0.0147     4.2811     4.2811     0.0000
 22   0     8.2149     8.0000    -0.2149     2.2562     2.2562     0.0000
 23   0     5.8843     6.0000     0.1157     3.9131     3.9131    -0.0000
 24   0     5.8825     6.0000     0.1175     3.8615     3.8615     0.0000
 25   0     0.9571     1.0000     0.0429     0.9914     0.9914     0.0000
 26   0     0.9630     1.0000     0.0370     1.0141     1.0141     0.0000
 27   0     0.9604     1.0000     0.0396     0.9937     0.9937    -0.0000
 28   0     0.9947     1.0000     0.0053     1.0026     1.0026     0.0000
 29   0     0.9742     1.0000     0.0258     0.9809     0.9809    -0.0000
 30   0     0.9779     1.0000     0.0221     1.0043     1.0043    -0.0000
 31   0     0.9937     1.0000     0.0063     0.9823     0.9823    -0.0000
 32   0     0.9826     1.0000     0.0174     0.9779     0.9779     0.0000
 33   0     0.9731     1.0000     0.0269     1.0080     1.0080    -0.0000
 34   0     0.9788     1.0000     0.0212     0.9833     0.9833     0.0000
 35   0     0.9913     1.0000     0.0087     0.9944     0.9944     0.0000
 36   0     1.0019     1.0000    -0.0019     0.9827     0.9827     0.0000
 37   0     0.9754     1.0000     0.0246     1.0016     1.0016     0.0000
 38   0     0.9641     1.0000     0.0359     0.9929     0.9929     0.0000
 39   0     1.0003     1.0000    -0.0003     1.0042     1.0042     0.0000
 40   0     0.9988     1.0000     0.0012     0.9893     0.9893     0.0000
 41   0     0.9812     1.0000     0.0188     1.0039     1.0039     0.0000
 42   0     0.9881     1.0000     0.0119     1.0022     1.0022    -0.0000
 43   0     0.9811     1.0000     0.0189     1.0009     1.0009     0.0000
 44   0     0.9894     1.0000     0.0106     0.9960     0.9960    -0.0000
      Bond orders larger than 0.1000000
           Atom A     A.N. of A          Atom B    A.N. of B              Bond order
                0             6               1            6                1.080324
                0             6              25            1                0.954314
                0             6              26            1                0.946033
                0             6              27            1                0.955108
                1             6               2            6                1.781570
                1             6               5            6                0.980293
                2             6               3            6                0.974382
                2             6              28            1                0.997798
                3             6               4            8                1.047634
                3             6               7            8                0.951139
                3             6              29            1                0.903515
                4             8               5            6                1.054128
                5             6               6            8                2.112502
                7             8               8            6                1.052468
                8             6               9            6                1.805829
                8             6              30            1                0.959532
                9             6              10            6                0.977291
                9             6              16            6                0.956471
               10             6              11            6                1.072850
               10             6              14            6                1.075794
               10             6              31            1                0.860505
               11             6              12            6                1.021133
               11             6              32            1                0.879891
               11             6              33            1                0.930304
               12             6              13            6                1.812527
               12             6              21            6                0.965113
               13             6              14            6                0.976971
               13             6              18            6                0.982170
               14             6              15            8                0.952697
               14             6              34            1                0.882993
               15             8              16            6                1.043590
               16             6              17            8                2.113703
               18             6              19            6                1.089786
               18             6              23            6                1.094685
               18             6              24            6                1.032853
               19             6              20            6                1.079533
               19             6              35            1                0.904235
               19             6              36            1                0.922573
               20             6              21            6                1.024596
               20             6              37            1                0.902952
               20             6              38            1                0.888903
               21             6              22            8                2.146922
               23             6              39            1                0.945435
               23             6              40            1                0.948682
               23             6              41            1                0.952434
               24             6              42            1                0.956297
               24             6              43            1                0.954305
               24             6              44            1                0.952548
# -----------------------------------------------------------
$ Calculation_Info
   description: Details of the calculation
   geom. index: 1
   prop. index: 1
     Multiplicity:                          1
     Charge:                                0
     number of atoms:                       45
     number of electrons:                   0
     number of frozen core electrons:       1
     number of correlated electrons:        0
     number of basis functions:             450
     number of aux C basis functions:       0
     number of aux J basis functions:       1445
     number of aux JK basis functions:      0
     number of aux CABS basis functions:    0
     Total Energy                           -1185.740673
# -----------------------------------------------------------
$ SCF_Electric_Properties
   description: The SCF Calculated Electric Properties
   geom. index: 1
   prop. index: 1
       Filename                          : 261.scfp 
       Do Dipole Moment Calculation      : true 
       Do Quadrupole Moment Calculation  : false 
       Do Polarizability Calculation     : true 
** Dipole moment part of electric properties **
        Magnitude of dipole moment (Debye) :        4.5274623864
        Electronic Contribution:
                  0    
      0      18.921910
      1       3.746416
      2      -2.957698
        Nuclear Contribution:
                  0    
      0     -19.078114
      1      -5.493029
      2       2.645238
        Total Dipole moment:
                  0    
      0      -0.156204
      1      -1.746614
      2      -0.312460
** Polarizabilities part of electric properties **
        Isotropic polarizability :      209.2435418164
        The raw cartesian tensor (atomic units):
                  0          1          2    
      0     276.047143  18.263637  -4.648533
      1      18.263637 188.069519 -11.503562
      2      -4.648533 -11.503562 163.613964
        Diagonalised polarizability tensor :
                  0    
      0     158.998898
      1     188.642047
      2     280.089681
# -------------------------------------------------------------
----------------------- !GEOMETRIES! ------------------------
# -------------------------------------------------------------
------------------------ !GEOMETRY! -------------------------
    Number of atoms:    45 
    Geometry Index:     1 
    Coordinates:
               0 C      7.005042000000   -0.710403000000    0.505762000000
               1 C      5.766615000000   -0.172686000000   -0.132633000000
               2 C      4.592501000000   -0.767172000000   -0.044891000000
               3 C      3.639511000000    0.063140000000   -0.797535000000
               4 O      4.332280000000    1.165212000000   -1.320788000000
               5 C      5.654175000000    1.048647000000   -0.926397000000
               6 O      6.624324000000    1.807995000000   -1.167158000000
               7 O      2.613896000000    0.512793000000    0.071035000000
               8 C      1.829119000000   -0.447063000000    0.711645000000
               9 C      0.640525000000   -0.783094000000    0.273897000000
              10 C     -0.024297000000   -0.219787000000   -0.917314000000
              11 C     -0.340977000000    1.219582000000   -0.659204000000
              12 C     -1.713736000000    1.171704000000   -0.070969000000
              13 C     -2.235640000000   -0.012134000000   -0.273965000000
              14 C     -1.334542000000   -0.940520000000   -1.009761000000
              15 O     -1.172465000000   -2.077773000000   -0.171629000000
              16 C     -0.262561000000   -1.758555000000    0.848492000000
              17 O     -0.239378000000   -2.230976000000    2.032435000000
              18 C     -3.636267000000   -0.214698000000    0.257808000000
              19 C     -3.643244000000    0.263952000000    1.691171000000
              20 C     -3.362942000000    1.753393000000    1.765350000000
              21 C     -2.502912000000    2.191861000000    0.647339000000
              22 O     -2.447551000000    3.389926000000    0.322995000000
              23 C     -4.048667000000   -1.647181000000    0.187271000000
              24 C     -4.631785000000    0.620317000000   -0.507258000000
              25 H      6.875039000000   -0.758758000000    1.612824000000
              26 H      7.847288000000   -0.008860000000    0.322149000000
              27 H      7.219684000000   -1.686212000000    0.057013000000
              28 H      4.394808000000   -1.682511000000    0.481488000000
              29 H      3.226656000000   -0.502056000000   -1.662853000000
              30 H      2.228663000000   -0.931753000000    1.611645000000
              31 H      0.563996000000   -0.363635000000   -1.845244000000
              32 H     -0.454051000000    1.708308000000   -1.669843000000
              33 H      0.385521000000    1.740034000000   -0.042963000000
              34 H     -1.666485000000   -1.178069000000   -2.014754000000
              35 H     -2.882972000000   -0.322808000000    2.239110000000
              36 H     -4.647758000000    0.074937000000    2.120380000000
              37 H     -4.332993000000    2.294354000000    1.801982000000
              38 H     -2.818458000000    1.965919000000    2.708438000000
              39 H     -3.464360000000   -2.148564000000   -0.625481000000
              40 H     -5.122936000000   -1.764733000000   -0.133559000000
              41 H     -3.835107000000   -2.224743000000    1.113054000000
              42 H     -5.151632000000    1.360800000000    0.146609000000
              43 H     -4.072410000000    1.203517000000   -1.272525000000
              44 H     -5.393518000000   -0.001647000000   -1.025668000000
