-------------------------------------------------------------
----------------------- !PROPERTIES! ------------------------
-------------------------------------------------------------
# -------------------------------------------------------------
----------------------- !GEOMETRIES! ------------------------
# -------------------------------------------------------------
------------------------ !GEOMETRY! -------------------------
    Number of atoms:    29 
    Geometry Index:     1 
    Coordinates:
               0  C     -1.766166000000    0.260063000000    1.576396000000
               1  C     -1.389323000000   -0.044674000000    0.146839000000
               2  C     -2.174507000000   -1.212458000000   -0.316380000000
               3  C     -3.476247000000   -0.567514000000   -0.767405000000
               4  C     -3.212387000000    0.896273000000   -0.748888000000
               5  O     -4.078165000000    1.816550000000   -0.806105000000
               6  O     -1.835457000000    1.035522000000   -0.656998000000
               7  C      0.066996000000   -0.167628000000    0.010246000000
               8  C      0.827319000000    0.938810000000    0.389175000000
               9  C      2.197622000000    0.952154000000    0.311488000000
              10  C      2.851011000000   -0.163412000000   -0.156403000000
              11  C      2.121864000000   -1.269243000000   -0.536991000000
              12  C      0.733050000000   -1.257044000000   -0.448354000000
              13  C      4.318382000000   -0.151987000000   -0.240743000000
              14  O      4.957711000000   -1.145335000000   -0.660828000000
              15  O      5.024797000000    0.956660000000    0.142236000000
              16  O      0.176601000000    2.081044000000    0.867040000000
              17  H     -2.224797000000   -0.644858000000    2.032975000000
              18  H     -2.420799000000    1.137391000000    1.625815000000
              19  H     -0.846385000000    0.451109000000    2.189889000000
              20  H     -2.333459000000   -1.920966000000    0.517552000000
              21  H     -1.775059000000   -1.740414000000   -1.198840000000
              22  H     -3.751945000000   -0.838505000000   -1.797612000000
              23  H     -4.291279000000   -0.780386000000   -0.045254000000
              24  H      2.791873000000    1.827143000000    0.611588000000
              25  H      2.647032000000   -2.136264000000   -0.901695000000
              26  H      0.169410000000   -2.123735000000   -0.746587000000
              27  H      5.986592000000    0.927392000000    0.493740000000
              28  H      0.705713000000    2.884314000000    1.143520000000
