-------------------------------------------------------------
----------------------- !PROPERTIES! ------------------------
-------------------------------------------------------------
# -----------------------------------------------------------
$ SCF_Energy
   description: The SCF energy
   geom. index: 1
   prop. index: 1
        SCF Energy:    -1220.4798375480
# -----------------------------------------------------------
$ DFT_Energy
   description: The DFT energy
   geom. index: 1
   prop. index: 1
   Number of Alpha Electrons                 89.9999268606 
   Number of Beta  Electrons                 89.9999268606 
   Total number of  Electrons               179.9998537211 
   Exchange energy                         -124.6273055569 
   Correlation energy                        -7.3742025503 
   Correlation energy NL                      0.0000000000 
   Exchange-Correlation energy             -132.0015081071 
   Embedding correction                       0.0000000000 
   Total DFT Energy (No VdW correction)   -1220.4798375480 
# -----------------------------------------------------------
$ Mayer_Pop
   description: The Mayer population analysis
   geom. index: 1
   prop. index: 1
     Number of atoms                     : 41
     Threshold for printing              : 0.1000000
     Number of bond orders printed       : 43
  NA   - Mulliken gross atomic population
  ZA   - Total nuclear charge
  QA   - Mulliken gross atomic charge
  VA   - Mayer's total valence
  BVA  - Mayer's bonded valence
  FA   - Mayer's free valence
  ATOM       NA         ZA         QA         VA         BVA        FA
  0   0     5.8415     6.0000     0.1585     3.8738     3.8738    -0.0000
  1   0     6.1905     6.0000    -0.1905     4.1011     4.1011    -0.0000
  2   0     5.8838     6.0000     0.1162     3.5464     3.5464    -0.0000
  3   0     5.9764     6.0000     0.0236     3.7229     3.7229     0.0000
  4   0     6.1150     6.0000    -0.1150     3.6872     3.6872     0.0000
  5   0     5.8080     6.0000     0.1920     3.9598     3.9598     0.0000
  6   0     6.0242     6.0000    -0.0242     3.5525     3.5525     0.0000
  7   0     5.8543     6.0000     0.1457     4.2976     4.2976    -0.0000
  8   0     8.2417     8.0000    -0.2417     2.2338     2.2338     0.0000
  9   0     8.2195     8.0000    -0.2195     2.2049     2.2049    -0.0000
 10   0     8.2131     8.0000    -0.2131     2.2336     2.2336     0.0000
 11   0     5.8837     6.0000     0.1163     3.8965     3.8965     0.0000
 12   0     6.0421     6.0000    -0.0421     3.8361     3.8361    -0.0000
 13   0     5.9354     6.0000     0.0646     3.5132     3.5132     0.0000
 14   0     5.9735     6.0000     0.0265     4.0015     4.0015     0.0000
 15   0     8.2652     8.0000    -0.2652     2.2542     2.2542    -0.0000
 16   0     5.8844     6.0000     0.1156     3.9785     3.9785    -0.0000
 17   0     6.1520     6.0000    -0.1520     3.7415     3.7415     0.0000
 18   0     6.0158     6.0000    -0.0158     3.7744     3.7744     0.0000
 19   0     6.0465     6.0000    -0.0465     3.7792     3.7792     0.0000
 20   0     5.7015     6.0000     0.2985     3.9168     3.9168    -0.0000
 21   0     8.2974     8.0000    -0.2974     2.1334     2.1334     0.0000
 22   0     8.2024     8.0000    -0.2024     2.2807     2.2807     0.0000
 23   0     5.9081     6.0000     0.0919     3.8967     3.8967     0.0000
 24   0     8.2912     8.0000    -0.2912     2.0980     2.0980    -0.0000
 25   0     0.9777     1.0000     0.0223     1.0400     1.0400    -0.0000
 26   0     0.9705     1.0000     0.0295     1.0088     1.0088    -0.0000
 27   0     0.9777     1.0000     0.0223     1.0042     1.0042     0.0000
 28   0     1.0453     1.0000    -0.0453     1.0148     1.0148    -0.0000
 29   0     0.7987     1.0000     0.2013     1.0087     1.0087    -0.0000
 30   0     0.8044     1.0000     0.1956     0.9960     0.9960    -0.0000
 31   0     1.0296     1.0000    -0.0296     1.0175     1.0175     0.0000
 32   0     1.0465     1.0000    -0.0465     0.9974     0.9974     0.0000
 33   0     0.9875     1.0000     0.0125     0.9883     0.9883     0.0000
 34   0     1.0034     1.0000    -0.0034     0.9857     0.9857    -0.0000
 35   0     0.8268     1.0000     0.1732     1.0035     1.0035    -0.0000
 36   0     0.7986     1.0000     0.2014     1.0373     1.0373     0.0000
 37   0     0.9682     1.0000     0.0318     1.0112     1.0112     0.0000
 38   0     0.9746     1.0000     0.0254     0.9949     0.9949     0.0000
 39   0     0.9955     1.0000     0.0045     1.0055     1.0055     0.0000
 40   0     0.8278     1.0000     0.1722     1.0195     1.0195    -0.0000
      Bond orders larger than 0.1000000
           Atom A     A.N. of A          Atom B    A.N. of B              Bond order
                0             6               1            6                1.182204
                0             6              25            1                0.914056
                0             6              26            1                0.907867
                0             6              27            1                0.902063
                1             6               2            6                1.283904
                1             6               6            6                1.363500
                2             6               3            6                1.349625
                2             6              14            6                0.974876
                3             6               4            6                1.333464
                3             6              11            6                0.916872
                4             6               5            6                1.283138
                4             6              28            1                1.004893
                5             6               6            6                1.248362
                5             6              10            8                1.239506
                6             6               7            6                0.979157
                7             6               8            8                2.007716
                7             6               9            8                1.244606
                9             8              29            1                0.919050
               10             8              30            1                0.928211
               11             6              12            6                0.935748
               11             6              23            6                1.028112
               11             6              24            8                1.050595
               12             6              13            6                1.418544
               12             6              19            6                1.378613
               13             6              14            6                0.950358
               13             6              16            6                1.216967
               14             6              15            8                2.019892
               16             6              17            6                1.304915
               16             6              22            8                1.294557
               17             6              18            6                1.392541
               17             6              20            6                0.979812
               18             6              19            6                1.283447
               18             6              31            1                0.999503
               19             6              32            1                1.001083
               20             6              21            8                1.083192
               20             6              33            1                0.915423
               20             6              34            1                0.938915
               21             8              35            1                0.971211
               22             8              36            1                0.911812
               23             6              37            1                0.945147
               23             6              38            1                0.959480
               23             6              39            1                0.948601
               24             8              40            1                0.962599
# -----------------------------------------------------------
$ Calculation_Info
   description: Details of the calculation
   geom. index: 1
   prop. index: 1
     Multiplicity:                          1
     Charge:                                0
     number of atoms:                       41
     number of electrons:                   0
     number of frozen core electrons:       1
     number of correlated electrons:        0
     number of basis functions:             430
     number of aux C basis functions:       0
     number of aux J basis functions:       1401
     number of aux JK basis functions:      0
     number of aux CABS basis functions:    0
     Total Energy                           -1220.479838
# -----------------------------------------------------------
$ SCF_Electric_Properties
   description: The SCF Calculated Electric Properties
   geom. index: 1
   prop. index: 1
       Filename                          : 158.scfp 
       Do Dipole Moment Calculation      : true 
       Do Quadrupole Moment Calculation  : false 
       Do Polarizability Calculation     : true 
** Dipole moment part of electric properties **
        Magnitude of dipole moment (Debye) :        3.9012998421
        Electronic Contribution:
                  0    
      0      -8.658457
      1       5.473382
      2      -1.762593
        Nuclear Contribution:
                  0    
      0       8.655490
      1      -6.520240
      2       0.640154
        Total Dipole moment:
                  0    
      0      -0.002967
      1      -1.046858
      2      -1.122439
** Polarizabilities part of electric properties **
        Isotropic polarizability :      222.8633954325
        The raw cartesian tensor (atomic units):
                  0          1          2    
      0     317.428059 -17.033845  15.273268
      1     -17.033845 227.264806  34.365427
      2      15.273268  34.365427 123.897322
        Diagonalised polarizability tensor :
                  0    
      0     111.648119
      1     235.975801
      2     320.966266
# -------------------------------------------------------------
----------------------- !GEOMETRIES! ------------------------
# -------------------------------------------------------------
------------------------ !GEOMETRY! -------------------------
    Number of atoms:    41 
    Geometry Index:     1 
    Coordinates:
               0 C     -2.055954000000    2.844289000000    0.640754000000
               1 C     -2.136085000000    1.462653000000    0.131147000000
               2 C     -1.025021000000    0.629959000000   -0.014699000000
               3 C     -1.173726000000   -0.684839000000   -0.464791000000
               4 C     -2.430675000000   -1.157525000000   -0.767010000000
               5 C     -3.514515000000   -0.329076000000   -0.621699000000
               6 C     -3.420166000000    0.980406000000   -0.179874000000
               7 C     -4.622447000000    1.771326000000   -0.085474000000
               8 O     -4.624934000000    2.948288000000    0.297998000000
               9 O     -5.852633000000    1.224714000000   -0.431049000000
              10 O     -4.775213000000   -0.814357000000   -0.929275000000
              11 C     -0.052471000000   -1.611284000000   -0.642494000000
              12 C      1.269678000000   -1.031349000000   -0.330751000000
              13 C      1.467314000000    0.245933000000    0.107856000000
              14 C      0.309243000000    1.117228000000    0.278650000000
              15 O      0.527488000000    2.274545000000    0.678793000000
              16 C      2.734823000000    0.727654000000    0.387284000000
              17 C      3.813747000000   -0.170288000000    0.195121000000
              18 C      3.645006000000   -1.449638000000   -0.241582000000
              19 C      2.361979000000   -1.865076000000   -0.500602000000
              20 C      5.159973000000    0.368388000000    0.500797000000
              21 O      6.159932000000   -0.549749000000    0.294449000000
              22 O      2.972138000000    1.973577000000    0.819596000000
              23 C     -0.188188000000   -2.853605000000    0.225745000000
              24 O     -0.008030000000   -2.031025000000   -1.984069000000
              25 H     -1.153083000000    3.163258000000    1.148147000000
              26 H     -2.439764000000    3.588962000000   -0.092787000000
              27 H     -2.818698000000    2.850140000000    1.508703000000
              28 H     -2.604672000000   -2.174626000000   -1.121365000000
              29 H     -6.598296000000    1.841772000000   -0.691645000000
              30 H     -4.911667000000   -1.752129000000   -1.253781000000
              31 H      4.498931000000   -2.128793000000   -0.383370000000
              32 H      2.197831000000   -2.876648000000   -0.848828000000
              33 H      5.143342000000    0.677380000000    1.572800000000
              34 H      5.312260000000    1.292275000000   -0.083667000000
              35 H      6.453842000000   -0.531362000000   -0.641088000000
              36 H      2.573719000000    2.799132000000    1.053069000000
              37 H      0.364476000000   -3.665863000000   -0.298572000000
              38 H      0.288652000000   -2.691344000000    1.199449000000
              39 H     -1.240549000000   -3.103380000000    0.404792000000
              40 H      0.392412000000   -1.309922000000   -2.534718000000
