-------------------------------------------------------------
----------------------- !PROPERTIES! ------------------------
-------------------------------------------------------------
# -----------------------------------------------------------
$ SCF_Energy
   description: The SCF energy
   geom. index: 1
   prop. index: 1
        SCF Energy:     -975.2330465455
# -----------------------------------------------------------
$ DFT_Energy
   description: The DFT energy
   geom. index: 1
   prop. index: 1
   Number of Alpha Electrons                 94.9995868572 
   Number of Beta  Electrons                 94.9995868572 
   Total number of  Electrons               189.9991737144 
   Exchange energy                         -114.2282399221 
   Correlation energy                        -7.3817170197 
   Correlation energy NL                      0.0000000000 
   Exchange-Correlation energy             -121.6099569418 
   Embedding correction                       0.0000000000 
   Total DFT Energy (No VdW correction)    -975.2330465455 
# -----------------------------------------------------------
$ Mayer_Pop
   description: The Mayer population analysis
   geom. index: 1
   prop. index: 1
     Number of atoms                     : 65
     Threshold for printing              : 0.1000000
     Number of bond orders printed       : 69
  NA   - Mulliken gross atomic population
  ZA   - Total nuclear charge
  QA   - Mulliken gross atomic charge
  VA   - Mayer's total valence
  BVA  - Mayer's bonded valence
  FA   - Mayer's free valence
  ATOM       NA         ZA         QA         VA         BVA        FA
  0   0     5.9084     6.0000     0.0916     3.9362     3.9362     0.0000
  1   0     6.0941     6.0000    -0.0941     4.2041     4.2041     0.0000
  2   0     5.9231     6.0000     0.0769     4.1217     4.1217     0.0000
  3   0     5.8277     6.0000     0.1723     4.0460     4.0460     0.0000
  4   0     6.2588     6.0000    -0.2588     4.2538     4.2538    -0.0000
  5   0     6.0388     6.0000    -0.0388     4.0720     4.0720    -0.0000
  6   0     5.8329     6.0000     0.1671     4.0714     4.0714    -0.0000
  7   0     5.8827     6.0000     0.1173     4.0460     4.0460    -0.0000
  8   0     6.2637     6.0000    -0.2637     4.2151     4.2151    -0.0000
  9   0     6.1306     6.0000    -0.1306     4.0666     4.0666     0.0000
 10   0     6.2252     6.0000    -0.2252     4.1838     4.1838     0.0000
 11   0     5.8859     6.0000     0.1141     3.9168     3.9168     0.0000
 12   0     5.7931     6.0000     0.2069     4.0576     4.0576     0.0000
 13   0     6.0012     6.0000    -0.0012     4.1218     4.1218     0.0000
 14   0     6.0062     6.0000    -0.0062     4.1529     4.1529    -0.0000
 15   0     5.9750     6.0000     0.0250     4.1068     4.1068     0.0000
 16   0     5.8100     6.0000     0.1900     3.9815     3.9815     0.0000
 17   0     6.4261     6.0000    -0.4261     4.4133     4.4133    -0.0000
 18   0     5.6686     6.0000     0.3314     3.8054     3.8054    -0.0000
 19   0     5.8890     6.0000     0.1110     3.9312     3.9312    -0.0000
 20   0     6.0807     6.0000    -0.0807     4.2387     4.2387    -0.0000
 21   0     5.9350     6.0000     0.0650     3.9717     3.9717    -0.0000
 22   0     5.9367     6.0000     0.0633     3.9452     3.9452    -0.0000
 23   0     5.8781     6.0000     0.1219     3.9227     3.9227     0.0000
 24   0     5.8511     6.0000     0.1489     3.9193     3.9193    -0.0000
 25   0     1.0068     1.0000    -0.0068     0.9827     0.9827    -0.0000
 26   0     1.0034     1.0000    -0.0034     0.9992     0.9992    -0.0000
 27   0     0.9992     1.0000     0.0008     0.9930     0.9930     0.0000
 28   0     1.0086     1.0000    -0.0086     0.9899     0.9899     0.0000
 29   0     1.0212     1.0000    -0.0212     0.9830     0.9830    -0.0000
 30   0     1.0207     1.0000    -0.0207     0.9717     0.9717    -0.0000
 31   0     1.0085     1.0000    -0.0085     0.9841     0.9841     0.0000
 32   0     1.0163     1.0000    -0.0163     0.9839     0.9839     0.0000
 33   0     1.0351     1.0000    -0.0351     0.9872     0.9872    -0.0000
 34   0     1.0235     1.0000    -0.0235     0.9819     0.9819    -0.0000
 35   0     1.0241     1.0000    -0.0241     0.9724     0.9724    -0.0000
 36   0     1.0239     1.0000    -0.0239     0.9833     0.9833    -0.0000
 37   0     1.0067     1.0000    -0.0067     0.9821     0.9821     0.0000
 38   0     1.0296     1.0000    -0.0296     0.9759     0.9759    -0.0000
 39   0     1.0170     1.0000    -0.0170     0.9928     0.9928     0.0000
 40   0     1.0344     1.0000    -0.0344     1.0043     1.0043     0.0000
 41   0     1.0173     1.0000    -0.0173     0.9870     0.9870     0.0000
 42   0     1.0324     1.0000    -0.0324     0.9690     0.9690    -0.0000
 43   0     1.0112     1.0000    -0.0112     0.9892     0.9892     0.0000
 44   0     1.0107     1.0000    -0.0107     0.9695     0.9695    -0.0000
 45   0     1.0200     1.0000    -0.0200     0.9833     0.9833     0.0000
 46   0     1.0281     1.0000    -0.0281     0.9867     0.9867     0.0000
 47   0     1.0229     1.0000    -0.0229     0.9882     0.9882     0.0000
 48   0     1.0249     1.0000    -0.0249     0.9952     0.9952    -0.0000
 49   0     1.0032     1.0000    -0.0032     1.0014     1.0014     0.0000
 50   0     1.0081     1.0000    -0.0081     0.9895     0.9895    -0.0000
 51   0     0.9955     1.0000     0.0045     0.9948     0.9948    -0.0000
 52   0     1.0168     1.0000    -0.0168     0.9650     0.9650     0.0000
 53   0     0.9965     1.0000     0.0035     0.9845     0.9845    -0.0000
 54   0     1.0081     1.0000    -0.0081     0.9906     0.9906     0.0000
 55   0     0.9975     1.0000     0.0025     1.0096     1.0096    -0.0000
 56   0     1.0062     1.0000    -0.0062     0.9895     0.9895    -0.0000
 57   0     0.9961     1.0000     0.0039     0.9865     0.9865     0.0000
 58   0     1.0015     1.0000    -0.0015     1.0053     1.0053     0.0000
 59   0     1.0016     1.0000    -0.0016     0.9962     0.9962    -0.0000
 60   0     0.9896     1.0000     0.0104     0.9877     0.9877    -0.0000
 61   0     0.9775     1.0000     0.0225     0.9885     0.9885    -0.0000
 62   0     1.0150     1.0000    -0.0150     1.0089     1.0089    -0.0000
 63   0     1.0139     1.0000    -0.0139     0.9951     0.9951     0.0000
 64   0     1.0036     1.0000    -0.0036     0.9966     0.9966    -0.0000
      Bond orders larger than 0.1000000
           Atom A     A.N. of A          Atom B    A.N. of B              Bond order
                0             6               1            6                1.081772
                0             6              25            1                0.959990
                0             6              26            1                0.956609
                0             6              27            1                0.959431
                1             6               2            6                1.118114
                1             6               5            6                0.996101
                1             6              28            1                0.892634
                2             6               3            6                1.144736
                2             6              29            1                0.902560
                2             6              30            1                0.913226
                3             6               4            6                1.109892
                3             6              31            1                0.890059
                3             6              32            1                0.891261
                4             6               5            6                1.067201
                4             6               8            6                0.965405
                4             6              11            6                0.982490
                5             6               6            6                1.084626
                5             6              33            1                0.900995
                6             6               7            6                1.142665
                6             6              34            1                0.896325
                6             6              35            1                0.911071
                7             6               8            6                1.014754
                7             6              36            1                0.912106
                7             6              37            1                0.912412
                8             6               9            6                0.968467
                8             6              24            6                1.118090
                9             6              10            6                1.836875
                9             6              23            6                1.138893
               10             6              11            6                1.029464
               10             6              18            6                1.063976
               11             6              12            6                1.047031
               11             6              38            1                0.802987
               12             6              13            6                1.149647
               12             6              39            1                0.903542
               12             6              40            1                0.839954
               13             6              14            6                1.028942
               13             6              17            6                1.028595
               13             6              41            1                0.854716
               14             6              15            6                1.100704
               14             6              20            6                1.076354
               14             6              42            1                0.862962
               15             6              16            6                1.093734
               15             6              43            1                0.913007
               15             6              44            1                0.915301
               16             6              17            6                1.067350
               16             6              45            1                0.920897
               16             6              46            1                0.896860
               17             6              18            6                1.024149
               17             6              19            6                1.016813
               18             6              47            1                0.869559
               18             6              48            1                0.873611
               19             6              49            1                0.950805
               19             6              50            1                0.938307
               19             6              51            1                0.942319
               20             6              21            6                1.070995
               20             6              22            6                1.066580
               20             6              52            1                0.906948
               21             6              53            1                0.957690
               21             6              54            1                0.961516
               21             6              55            1                0.960798
               22             6              56            1                0.951861
               22             6              57            1                0.951136
               22             6              58            1                0.955319
               23             6              59            1                0.931226
               23             6              60            1                0.932078
               23             6              61            1                0.930794
               24             6              62            1                0.930464
               24             6              63            1                0.927793
               24             6              64            1                0.931918
# -----------------------------------------------------------
$ Calculation_Info
   description: Details of the calculation
   geom. index: 1
   prop. index: 1
     Multiplicity:                          1
     Charge:                                0
     number of atoms:                       65
     number of electrons:                   0
     number of frozen core electrons:       1
     number of correlated electrons:        0
     number of basis functions:             550
     number of aux C basis functions:       0
     number of aux J basis functions:       1665
     number of aux JK basis functions:      0
     number of aux CABS basis functions:    0
     Total Energy                           -975.233047
# -----------------------------------------------------------
$ SCF_Electric_Properties
   description: The SCF Calculated Electric Properties
   geom. index: 1
   prop. index: 1
       Filename                          : 106.scfp 
       Do Dipole Moment Calculation      : true 
       Do Quadrupole Moment Calculation  : false 
       Do Polarizability Calculation     : true 
** Dipole moment part of electric properties **
        Magnitude of dipole moment (Debye) :        0.4256046553
        Electronic Contribution:
                  0    
      0       4.523083
      1      -6.463098
      2      -3.322833
        Nuclear Contribution:
                  0    
      0      -4.508137
      1       6.304018
      2       3.272762
        Total Dipole moment:
                  0    
      0       0.014945
      1      -0.159080
      2      -0.050071
** Polarizabilities part of electric properties **
        Isotropic polarizability :      248.6480855098
        The raw cartesian tensor (atomic units):
                  0          1          2    
      0     282.284645  -2.350555  -6.452968
      1      -2.350555 246.947121  13.732614
      2      -6.452968  13.732614 216.712491
        Diagonalised polarizability tensor :
                  0    
      0     211.028304
      1     251.602017
      2     283.313935
# -------------------------------------------------------------
----------------------- !GEOMETRIES! ------------------------
# -------------------------------------------------------------
------------------------ !GEOMETRY! -------------------------
    Number of atoms:    65 
    Geometry Index:     1 
    Coordinates:
               0 C      3.699271000000    2.963486000000    1.125359000000
               1 C      3.253557000000    1.885613000000    0.159781000000
               2 C      2.239125000000    2.406196000000   -0.828764000000
               3 C      1.368602000000    1.205088000000   -1.222243000000
               4 C      1.660159000000    0.198526000000   -0.201512000000
               5 C      2.472575000000    0.827373000000    0.895812000000
               6 C      3.418333000000   -0.227723000000    1.420022000000
               7 C      3.110127000000   -1.487714000000    0.640401000000
               8 C      2.498704000000   -0.965436000000   -0.645343000000
               9 C      1.468548000000   -1.967533000000   -1.072229000000
              10 C      0.325183000000   -1.685211000000   -0.451905000000
              11 C      0.494605000000   -0.512749000000    0.409736000000
              12 C     -0.726830000000    0.334530000000    0.605339000000
              13 C     -1.773887000000   -0.182648000000   -0.321944000000
              14 C     -3.038854000000    0.551384000000   -0.435758000000
              15 C     -4.084464000000   -0.512395000000   -0.170413000000
              16 C     -3.408421000000   -1.813881000000   -0.636831000000
              17 C     -2.045967000000   -1.632872000000   -0.023801000000
              18 C     -0.957039000000   -2.458281000000   -0.612230000000
              19 C     -2.147531000000   -1.978598000000    1.428881000000
              20 C     -3.236538000000    1.799215000000    0.319562000000
              21 C     -4.652280000000    2.301386000000   -0.030662000000
              22 C     -3.163873000000    1.782648000000    1.788682000000
              23 C      1.777631000000   -3.060259000000   -2.037363000000
              24 C      3.545589000000   -0.701570000000   -1.624442000000
              25 H      4.739410000000    3.296061000000    0.928959000000
              26 H      3.062454000000    3.867017000000    1.059107000000
              27 H      3.673540000000    2.579408000000    2.164912000000
              28 H      4.173018000000    1.498336000000   -0.320092000000
              29 H      1.636959000000    3.174723000000   -0.301483000000
              30 H      2.715100000000    2.853202000000   -1.723198000000
              31 H      0.331937000000    1.601698000000   -1.256931000000
              32 H      1.589728000000    0.898954000000   -2.272180000000
              33 H      1.864652000000    1.283250000000    1.693933000000
              34 H      4.475620000000    0.060080000000    1.232203000000
              35 H      3.276906000000   -0.402457000000    2.496490000000
              36 H      4.065573000000   -2.009665000000    0.430328000000
              37 H      2.460239000000   -2.187228000000    1.176360000000
              38 H      0.877300000000   -0.909090000000    1.399248000000
              39 H     -0.558749000000    1.409255000000    0.557904000000
              40 H     -1.094839000000    0.135284000000    1.655628000000
              41 H     -1.265387000000   -0.192713000000   -1.338088000000
              42 H     -3.231251000000    0.832239000000   -1.521031000000
              43 H     -4.416269000000   -0.566998000000    0.861837000000
              44 H     -4.987102000000   -0.387655000000   -0.805888000000
              45 H     -3.951906000000   -2.691397000000   -0.256204000000
              46 H     -3.382460000000   -1.773011000000   -1.746227000000
              47 H     -0.851889000000   -3.412105000000   -0.030675000000
              48 H     -1.119970000000   -2.698833000000   -1.671837000000
              49 H     -2.984302000000   -1.508026000000    1.963794000000
              50 H     -2.377164000000   -3.083853000000    1.451344000000
              51 H     -1.239085000000   -1.860210000000    2.010358000000
              52 H     -2.558233000000    2.577093000000   -0.102685000000
              53 H     -4.921344000000    3.156295000000    0.615718000000
              54 H     -4.645466000000    2.529113000000   -1.096858000000
              55 H     -5.320414000000    1.434012000000    0.152784000000
              56 H     -3.912588000000    2.482192000000    2.273627000000
              57 H     -2.177780000000    2.218143000000    2.128217000000
              58 H     -3.291379000000    0.837931000000    2.298496000000
              59 H      0.976036000000   -3.810737000000   -2.099364000000
              60 H      2.697118000000   -3.606100000000   -1.728773000000
              61 H      1.916814000000   -2.611894000000   -3.034504000000
              62 H      3.587876000000   -1.562584000000   -2.355061000000
              63 H      4.569866000000   -0.718604000000   -1.147546000000
              64 H      3.501109000000    0.200297000000   -2.220761000000
