-------------------------------------------------------------
----------------------- !PROPERTIES! ------------------------
-------------------------------------------------------------
# -----------------------------------------------------------
$ SCF_Energy
   description: The SCF energy
   geom. index: 1
   prop. index: 1
        SCF Energy:     -885.6131325324
# -----------------------------------------------------------
$ DFT_Energy
   description: The DFT energy
   geom. index: 1
   prop. index: 1
   Number of Alpha Electrons                 73.0000712296 
   Number of Beta  Electrons                 73.0000712296 
   Total number of  Electrons               146.0001424593 
   Exchange energy                          -94.7799979517 
   Correlation energy                        -5.8298049982 
   Correlation energy NL                      0.0000000000 
   Exchange-Correlation energy             -100.6098029499 
   Embedding correction                       0.0000000000 
   Total DFT Energy (No VdW correction)    -885.6131325324 
# -----------------------------------------------------------
$ Mayer_Pop
   description: The Mayer population analysis
   geom. index: 1
   prop. index: 1
     Number of atoms                     : 43
     Threshold for printing              : 0.1000000
     Number of bond orders printed       : 44
  NA   - Mulliken gross atomic population
  ZA   - Total nuclear charge
  QA   - Mulliken gross atomic charge
  VA   - Mayer's total valence
  BVA  - Mayer's bonded valence
  FA   - Mayer's free valence
  ATOM       NA         ZA         QA         VA         BVA        FA
  0   0     5.9001     6.0000     0.0999     3.9584     3.9584    -0.0000
  1   0     6.0086     6.0000    -0.0086     4.0682     4.0682     0.0000
  2   0     5.8178     6.0000     0.1822     3.9577     3.9577     0.0000
  3   0     5.9138     6.0000     0.0862     4.2537     4.2537     0.0000
  4   0     5.9283     6.0000     0.0717     3.8699     3.8699    -0.0000
  5   0     5.8811     6.0000     0.1189     3.8498     3.8498     0.0000
  6   0     6.1591     6.0000    -0.1591     3.7773     3.7773     0.0000
  7   0     5.8745     6.0000     0.1255     4.0943     4.0943     0.0000
  8   0     8.2227     8.0000    -0.2227     2.2427     2.2427     0.0000
  9   0     6.3353     6.0000    -0.3353     4.1479     4.1479     0.0000
 10   0     5.8029     6.0000     0.1971     3.8770     3.8770    -0.0000
 11   0     6.3653     6.0000    -0.3653     4.4105     4.4105    -0.0000
 12   0     5.7917     6.0000     0.2083     3.9170     3.9170    -0.0000
 13   0     5.9123     6.0000     0.0877     3.9212     3.9212    -0.0000
 14   0     5.8191     6.0000     0.1809     3.9104     3.9104     0.0000
 15   0     5.7088     6.0000     0.2912     3.9555     3.9555     0.0000
 16   0     8.3087     8.0000    -0.3087     2.1247     2.1247    -0.0000
 17   0     8.2799     8.0000    -0.2799     2.1537     2.1537     0.0000
 18   0     8.2873     8.0000    -0.2873     2.1141     2.1141     0.0000
 19   0     1.0020     1.0000    -0.0020     0.9773     0.9773    -0.0000
 20   0     1.0035     1.0000    -0.0035     1.0037     1.0037    -0.0000
 21   0     0.9794     1.0000     0.0206     1.0046     1.0046     0.0000
 22   0     1.0132     1.0000    -0.0132     0.9666     0.9666     0.0000
 23   0     1.0274     1.0000    -0.0274     1.0260     1.0260     0.0000
 24   0     1.0278     1.0000    -0.0278     0.9819     0.9819     0.0000
 25   0     1.0210     1.0000    -0.0210     0.9768     0.9768     0.0000
 26   0     1.0365     1.0000    -0.0365     0.9857     0.9857     0.0000
 27   0     1.0367     1.0000    -0.0367     1.0187     1.0187     0.0000
 28   0     1.0218     1.0000    -0.0218     1.0002     1.0002    -0.0000
 29   0     1.0281     1.0000    -0.0281     1.0099     1.0099    -0.0000
 30   0     1.0191     1.0000    -0.0191     0.9800     0.9800    -0.0000
 31   0     1.0056     1.0000    -0.0056     1.0111     1.0111    -0.0000
 32   0     1.0164     1.0000    -0.0164     1.0007     1.0007     0.0000
 33   0     1.0146     1.0000    -0.0146     0.9947     0.9947    -0.0000
 34   0     0.9542     1.0000     0.0458     1.0314     1.0314    -0.0000
 35   0     0.9732     1.0000     0.0268     1.0161     1.0161     0.0000
 36   0     1.0047     1.0000    -0.0047     0.9963     0.9963     0.0000
 37   0     1.0152     1.0000    -0.0152     0.9991     0.9991     0.0000
 38   0     0.9913     1.0000     0.0087     1.0051     1.0051     0.0000
 39   0     1.0199     1.0000    -0.0199     1.0034     1.0034     0.0000
 40   0     0.8275     1.0000     0.1725     1.0120     1.0120     0.0000
 41   0     0.8285     1.0000     0.1715     1.0207     1.0207    -0.0000
 42   0     0.8150     1.0000     0.1850     1.0019     1.0019    -0.0000
      Bond orders larger than 0.1000000
           Atom A     A.N. of A          Atom B    A.N. of B              Bond order
                0             6               1            6                1.069397
                0             6              19            1                0.956172
                0             6              20            1                0.956556
                0             6              21            1                0.960046
                1             6               2            6                1.031812
                1             6               6            6                1.037586
                1             6              22            1                0.881880
                2             6               3            6                1.103097
                2             6              23            1                0.861673
                2             6              24            1                0.911038
                3             6               4            6                0.972581
                3             6              18            8                1.076809
                3             6              25            1                0.912286
                4             6               5            6                0.958747
                4             6              11            6                0.954211
                4             6              17            8                1.039841
                5             6               6            6                1.704414
                5             6               9            6                0.975675
                6             6               7            6                1.009458
                7             6               8            8                2.075182
                7             6              26            1                0.966517
                9             6              10            6                1.024244
                9             6              14            6                1.065845
                9             6              15            6                0.985841
               10             6              11            6                1.056307
               10             6              27            1                0.894976
               10             6              28            1                0.912457
               11             6              12            6                1.134990
               11             6              13            6                1.079297
               12             6              29            1                0.922340
               12             6              30            1                0.941168
               12             6              31            1                0.933076
               13             6              32            1                0.944291
               13             6              33            1                0.945512
               13             6              34            1                0.921338
               14             6              35            1                0.941623
               14             6              36            1                0.945405
               14             6              37            1                0.946377
               15             6              16            8                1.057454
               15             6              38            1                0.928800
               15             6              39            1                0.943678
               16             8              40            1                0.971285
               17             8              41            1                0.951948
               18             8              42            1                0.956360
# -----------------------------------------------------------
$ Calculation_Info
   description: Details of the calculation
   geom. index: 1
   prop. index: 1
     Multiplicity:                          1
     Charge:                                0
     number of atoms:                       43
     number of electrons:                   0
     number of frozen core electrons:       1
     number of correlated electrons:        0
     number of basis functions:             386
     number of aux C basis functions:       0
     number of aux J basis functions:       1195
     number of aux JK basis functions:      0
     number of aux CABS basis functions:    0
     Total Energy                           -885.613133
# -----------------------------------------------------------
$ SCF_Electric_Properties
   description: The SCF Calculated Electric Properties
   geom. index: 1
   prop. index: 1
       Filename                          : 133.scfp 
       Do Dipole Moment Calculation      : true 
       Do Quadrupole Moment Calculation  : false 
       Do Polarizability Calculation     : true 
** Dipole moment part of electric properties **
        Magnitude of dipole moment (Debye) :        4.4685674545
        Electronic Contribution:
                  0    
      0       3.066400
      1      -6.894435
      2       1.927399
        Nuclear Contribution:
                  0    
      0      -2.829511
      1       8.255338
      2      -3.014831
        Total Dipole moment:
                  0    
      0       0.236889
      1       1.360904
      2      -1.087432
** Polarizabilities part of electric properties **
        Isotropic polarizability :      166.1273036402
        The raw cartesian tensor (atomic units):
                  0          1          2    
      0     188.833543  -7.877937   0.126680
      1      -7.877937 165.602875 -14.238617
      2       0.126680 -14.238617 143.945493
        Diagonalised polarizability tensor :
                  0    
      0     136.659841
      1     170.020916
      2     191.701154
# -------------------------------------------------------------
----------------------- !GEOMETRIES! ------------------------
# -------------------------------------------------------------
------------------------ !GEOMETRY! -------------------------
    Number of atoms:    43 
    Geometry Index:     1 
    Coordinates:
               0 C      3.332029000000    0.217374000000    1.179710000000
               1 C      2.643867000000   -0.354016000000   -0.015493000000
               2 C      2.428106000000    0.648069000000   -1.085276000000
               3 C      0.966572000000    0.673878000000   -1.562089000000
               4 C      0.159870000000    0.691499000000   -0.310387000000
               5 C      0.187979000000   -0.732833000000    0.211056000000
               6 C      1.443318000000   -1.178039000000    0.332673000000
               7 C      1.691967000000   -2.485409000000    0.854071000000
               8 O      0.812790000000   -3.261986000000    1.223921000000
               9 C     -1.178987000000   -1.179514000000    0.405620000000
              10 C     -2.016066000000   -0.159116000000   -0.401953000000
              11 C     -1.247494000000    1.104649000000   -0.410958000000
              12 C     -1.577212000000    1.873070000000   -1.677468000000
              13 C     -1.572862000000    2.012556000000    0.758561000000
              14 C     -1.546372000000   -2.514613000000   -0.195619000000
              15 C     -1.656244000000   -1.164355000000    1.845174000000
              16 O     -2.967070000000   -1.604506000000    1.955494000000
              17 O      0.866692000000    1.474942000000    0.628065000000
              18 O      0.826574000000    1.785436000000   -2.365637000000
              19 H      4.333231000000   -0.264687000000    1.336635000000
              20 H      3.570881000000    1.286441000000    0.963350000000
              21 H      2.707717000000    0.085874000000    2.088988000000
              22 H      3.367331000000   -1.117357000000   -0.452853000000
              23 H      2.577866000000    1.682980000000   -0.651007000000
              24 H      3.112436000000    0.499978000000   -1.918577000000
              25 H      0.786363000000   -0.240705000000   -2.157136000000
              26 H      2.720628000000   -2.847966000000    0.942358000000
              27 H     -3.023204000000   -0.077661000000    0.055558000000
              28 H     -2.048842000000   -0.543928000000   -1.441411000000
              29 H     -1.437219000000    1.267140000000   -2.592933000000
              30 H     -2.693837000000    2.047741000000   -1.625660000000
              31 H     -1.132430000000    2.870912000000   -1.711160000000
              32 H     -1.529335000000    3.058185000000    0.394378000000
              33 H     -2.572833000000    1.853531000000    1.169093000000
              34 H     -0.759807000000    1.951789000000    1.530046000000
              35 H     -1.752534000000   -3.245445000000    0.626234000000
              36 H     -2.471302000000   -2.388796000000   -0.821080000000
              37 H     -0.767470000000   -2.879922000000   -0.868069000000
              38 H     -1.029767000000   -1.793076000000    2.491326000000
              39 H     -1.615122000000   -0.144727000000    2.290410000000
              40 H     -3.620434000000   -0.887031000000    2.001741000000
              41 H      0.819724000000    2.398690000000    0.315832000000
              42 H      0.860501000000    1.580955000000   -3.335529000000
