-------------------------------------------------------------
----------------------- !PROPERTIES! ------------------------
-------------------------------------------------------------
# -------------------------------------------------------------
----------------------- !GEOMETRIES! ------------------------
# -------------------------------------------------------------
------------------------ !GEOMETRY! -------------------------
    Number of atoms:    46 
    Geometry Index:     1 
    Coordinates:
               0  C     -4.735154000000    1.276592000000   -0.315231000000
               1  C     -3.426724000000    0.749553000000   -0.887504000000
               2  C     -2.464145000000    0.615633000000    0.258998000000
               3  C     -2.929659000000   -0.322769000000    1.330130000000
               4  C     -1.866565000000   -1.405404000000    1.493254000000
               5  C     -0.545439000000   -0.800172000000    1.954946000000
               6  C     -0.208517000000    0.365051000000    1.088626000000
               7  C     -1.068042000000    0.268256000000   -0.166878000000
               8  N     -1.049586000000   -1.045995000000   -0.735255000000
               9  C     -1.676295000000   -2.034635000000    0.139792000000
              10  C      0.218866000000   -1.545776000000   -1.120043000000
              11  C      1.211903000000   -0.558602000000   -1.607677000000
              12  C      1.825106000000    0.102460000000   -0.400513000000
              13  C      1.214257000000    0.504242000000    0.769837000000
              14  N      2.172702000000    1.040259000000    1.544154000000
              15  C      3.356307000000    0.993488000000    0.914170000000
              16  C      4.645386000000    1.385451000000    1.219354000000
              17  C      5.686933000000    1.197779000000    0.337093000000
              18  C      5.484041000000    0.608076000000   -0.892715000000
              19  C      4.199974000000    0.212969000000   -1.207162000000
              20  C      3.148243000000    0.401046000000   -0.319465000000
              21  H     -4.581440000000    1.691605000000    0.723027000000
              22  H     -5.113433000000    2.138861000000   -0.906938000000
              23  H     -5.461047000000    0.454693000000   -0.236684000000
              24  H     -3.608999000000   -0.177166000000   -1.431487000000
              25  H     -3.030982000000    1.554245000000   -1.549527000000
              26  H     -2.403042000000    1.637631000000    0.736167000000
              27  H     -3.832030000000   -0.844146000000    0.946356000000
              28  H     -3.180249000000    0.159592000000    2.275802000000
              29  H     -2.199926000000   -2.183833000000    2.192143000000
              30  H     -0.736267000000   -0.474705000000    3.019463000000
              31  H      0.196631000000   -1.597039000000    1.985915000000
              32  H     -0.555210000000    1.295474000000    1.614227000000
              33  H     -0.736500000000    0.980612000000   -0.940488000000
              34  H     -1.659016000000   -1.010128000000   -1.592477000000
              35  H     -1.059359000000   -2.967279000000    0.208394000000
              36  H     -2.665846000000   -2.354369000000   -0.219426000000
              37  H      0.698553000000   -2.139924000000   -0.297173000000
              38  H      0.065452000000   -2.303673000000   -1.943786000000
              39  H      2.029557000000   -1.128760000000   -2.130925000000
              40  H      0.819527000000    0.216951000000   -2.267439000000
              41  H      2.045211000000    1.448102000000    2.513546000000
              42  H      4.783490000000    1.850424000000    2.198733000000
              43  H      6.692119000000    1.531775000000    0.638541000000
              44  H      6.316313000000    0.470668000000   -1.569618000000
              45  H      3.982904000000   -0.257114000000   -2.162960000000
