-------------------------------------------------------------
----------------------- !PROPERTIES! ------------------------
-------------------------------------------------------------
# -----------------------------------------------------------
$ SCF_Energy
   description: The SCF energy
   geom. index: 1
   prop. index: 1
        SCF Energy:    -2126.7106866559
# -----------------------------------------------------------
$ DFT_Energy
   description: The DFT energy
   geom. index: 1
   prop. index: 1
   Number of Alpha Electrons                151.0002671156 
   Number of Beta  Electrons                151.0002671156 
   Total number of  Electrons               302.0005342311 
   Exchange energy                         -204.2673563769 
   Correlation energy                       -12.1060452525 
   Correlation energy NL                      0.0000000000 
   Exchange-Correlation energy             -216.3734016293 
   Embedding correction                       0.0000000000 
   Total DFT Energy (No VdW correction)   -2126.7106866559 
# -----------------------------------------------------------
$ Mayer_Pop
   description: The Mayer population analysis
   geom. index: 1
   prop. index: 1
     Number of atoms                     : 88
     Threshold for printing              : 0.1000000
     Number of bond orders printed       : 90
  NA   - Mulliken gross atomic population
  ZA   - Total nuclear charge
  QA   - Mulliken gross atomic charge
  VA   - Mayer's total valence
  BVA  - Mayer's bonded valence
  FA   - Mayer's free valence
  ATOM       NA         ZA         QA         VA         BVA        FA
  0   0     5.9488     6.0000     0.0512     3.9259     3.9259     0.0000
  1   0     6.0088     6.0000    -0.0088     4.1479     4.1479     0.0000
  2   0     6.0225     6.0000    -0.0225     4.0023     4.0023    -0.0000
  3   0     5.7953     6.0000     0.2047     4.0689     4.0689    -0.0000
  4   0     8.2989     8.0000    -0.2989     2.1203     2.1203     0.0000
  5   0     5.9819     6.0000     0.0181     4.0011     4.0011    -0.0000
  6   0     5.8280     6.0000     0.1720     3.8106     3.8106    -0.0000
  7   0     6.1245     6.0000    -0.1245     3.8915     3.8915     0.0000
  8   0     6.1237     6.0000    -0.1237     4.0259     4.0259    -0.0000
  9   0     8.3734     8.0000    -0.3734     2.0517     2.0517     0.0000
 10   0     5.5831     6.0000     0.4169     3.7483     3.7483     0.0000
 11   0     6.0957     6.0000    -0.0957     3.9053     3.9053    -0.0000
 12   0     5.9953     6.0000     0.0047     4.0663     4.0663    -0.0000
 13   0     5.8046     6.0000     0.1954     3.8659     3.8659     0.0000
 14   0     6.0909     6.0000    -0.0909     4.1056     4.1056    -0.0000
 15   0     5.9965     6.0000     0.0035     3.9252     3.9252    -0.0000
 16   0     5.9330     6.0000     0.0670     3.1835     3.1835     0.0000
 17   0     5.9945     6.0000     0.0055     3.2242     3.2242     0.0000
 18   0     6.0791     6.0000    -0.0791     3.7664     3.7664     0.0000
 19   0     5.9936     6.0000     0.0064     3.8480     3.8480     0.0000
 20   0     5.9453     6.0000     0.0547     3.7812     3.7812    -0.0000
 21   0     5.9884     6.0000     0.0116     3.8414     3.8414    -0.0000
 22   0     5.9683     6.0000     0.0317     3.8216     3.8216     0.0000
 23   0     6.0094     6.0000    -0.0094     3.8323     3.8323     0.0000
 24   0     8.5054     8.0000    -0.5054     2.0269     2.0269    -0.0000
 25   0    13.4525    14.0000     0.5475     4.3974     4.3974    -0.0000
 26   0     6.1855     6.0000    -0.1855     3.9088     3.9088     0.0000
 27   0     6.1920     6.0000    -0.1920     3.9077     3.9077    -0.0000
 28   0     6.1994     6.0000    -0.1994     3.8717     3.8717    -0.0000
 29   0     5.6628     6.0000     0.3372     3.9493     3.9493    -0.0000
 30   0     8.2913     8.0000    -0.2913     2.3123     2.3123    -0.0000
 31   0    13.4155    14.0000     0.5845     4.3760     4.3760    -0.0000
 32   0     6.2170     6.0000    -0.2170     3.8610     3.8610    -0.0000
 33   0     6.1913     6.0000    -0.1913     3.8785     3.8785     0.0000
 34   0     6.4787     6.0000    -0.4787     4.1446     4.1446     0.0000
 35   0     5.9160     6.0000     0.0840     3.9200     3.9200     0.0000
 36   0     5.9113     6.0000     0.0887     3.8779     3.8779    -0.0000
 37   0     5.9031     6.0000     0.0969     3.8826     3.8826    -0.0000
 38   0     0.9952     1.0000     0.0048     1.0491     1.0491     0.0000
 39   0     0.9893     1.0000     0.0107     0.9965     0.9965     0.0000
 40   0     1.0111     1.0000    -0.0111     0.9791     0.9791    -0.0000
 41   0     1.0035     1.0000    -0.0035     1.0055     1.0055     0.0000
 42   0     0.9707     1.0000     0.0293     1.0094     1.0094     0.0000
 43   0     0.9850     1.0000     0.0150     0.9937     0.9937     0.0000
 44   0     1.0217     1.0000    -0.0217     0.9678     0.9678    -0.0000
 45   0     1.0325     1.0000    -0.0325     0.9729     0.9729     0.0000
 46   0     0.8075     1.0000     0.1925     0.9897     0.9897     0.0000
 47   0     1.0117     1.0000    -0.0117     1.0016     1.0016     0.0000
 48   0     1.0457     1.0000    -0.0457     1.0077     1.0077     0.0000
 49   0     0.9849     1.0000     0.0151     1.0109     1.0109    -0.0000
 50   0     1.0079     1.0000    -0.0079     1.0040     1.0040    -0.0000
 51   0     0.9787     1.0000     0.0213     1.0272     1.0272    -0.0000
 52   0     0.9752     1.0000     0.0248     0.9961     0.9961     0.0000
 53   0     0.9796     1.0000     0.0204     1.0015     1.0015     0.0000
 54   0     1.0029     1.0000    -0.0029     0.9789     0.9789    -0.0000
 55   0     0.9945     1.0000     0.0055     0.9752     0.9752    -0.0000
 56   0     1.0119     1.0000    -0.0119     0.9916     0.9916    -0.0000
 57   0     1.0407     1.0000    -0.0407     1.0001     1.0001     0.0000
 58   0     1.0237     1.0000    -0.0237     0.9778     0.9778    -0.0000
 59   0     1.0086     1.0000    -0.0086     0.9761     0.9761     0.0000
 60   0     1.0261     1.0000    -0.0261     0.9776     0.9776     0.0000
 61   0     1.0370     1.0000    -0.0370     0.9999     0.9999    -0.0000
 62   0     0.9835     1.0000     0.0165     0.9847     0.9847    -0.0000
 63   0     0.9631     1.0000     0.0369     0.9932     0.9932     0.0000
 64   0     0.9751     1.0000     0.0249     0.9868     0.9868     0.0000
 65   0     0.9598     1.0000     0.0402     0.9852     0.9852     0.0000
 66   0     0.9676     1.0000     0.0324     0.9866     0.9866    -0.0000
 67   0     0.9568     1.0000     0.0432     0.9919     0.9919    -0.0000
 68   0     0.9693     1.0000     0.0307     0.9827     0.9827    -0.0000
 69   0     0.9463     1.0000     0.0537     1.0083     1.0083     0.0000
 70   0     0.9448     1.0000     0.0552     0.9927     0.9927     0.0000
 71   0     1.0460     1.0000    -0.0460     0.9783     0.9783    -0.0000
 72   0     1.0399     1.0000    -0.0399     0.9887     0.9887     0.0000
 73   0     0.9550     1.0000     0.0450     1.0215     1.0215    -0.0000
 74   0     0.9777     1.0000     0.0223     1.0014     1.0014    -0.0000
 75   0     0.9740     1.0000     0.0260     0.9911     0.9911    -0.0000
 76   0     0.9795     1.0000     0.0205     1.0054     1.0054    -0.0000
 77   0     0.9737     1.0000     0.0263     0.9886     0.9886    -0.0000
 78   0     0.9610     1.0000     0.0390     0.9857     0.9857    -0.0000
 79   0     0.9960     1.0000     0.0040     0.9904     0.9904    -0.0000
 80   0     1.0034     1.0000    -0.0034     0.9857     0.9857     0.0000
 81   0     0.9847     1.0000     0.0153     0.9920     0.9920     0.0000
 82   0     1.0012     1.0000    -0.0012     0.9882     0.9882     0.0000
 83   0     1.0014     1.0000    -0.0014     0.9967     0.9967    -0.0000
 84   0     1.0050     1.0000    -0.0050     0.9980     0.9980    -0.0000
 85   0     1.0039     1.0000    -0.0039     1.0001     1.0001     0.0000
 86   0     0.9810     1.0000     0.0190     0.9937     0.9937    -0.0000
 87   0     0.9996     1.0000     0.0004     0.9951     0.9951    -0.0000
      Bond orders larger than 0.1000000
           Atom A     A.N. of A          Atom B    A.N. of B              Bond order
                0             6               1            6                1.094298
                0             6              38            1                0.932660
                0             6              39            1                0.947798
                0             6              40            1                0.942978
                1             6               2            6                1.082860
                1             6               5            6                0.982106
                1             6              41            1                0.894447
                2             6               3            6                1.066109
                2             6              42            1                0.901182
                2             6              43            1                0.905343
                3             6               4            8                1.088469
                3             6              44            1                0.927511
                3             6              45            1                0.940630
                4             8              46            1                0.953676
                5             6               6            6                1.007606
                5             6               9            8                0.912889
                5             6              12            6                0.974773
                6             6               7            6                1.728721
                6             6              47            1                0.994589
                7             6               8            6                0.923070
                7             6              48            1                1.039079
                8             6               9            8                0.977497
                8             6              10            6                0.984039
                8             6              29            6                0.971897
               10             6              11            6                1.055437
               10             6              49            1                0.866448
               10             6              50            1                0.853576
               11             6              12            6                0.911581
               11             6              16            6                0.812528
               11             6              24            8                0.861159
               12             6              13            6                1.081876
               12             6              51            1                0.867123
               13             6              14            6                1.002764
               13             6              52            1                0.902361
               13             6              53            1                0.881851
               14             6              15            6                1.964345
               14             6              54            1                0.947088
               15             6              55            1                0.929004
               15             6              56            1                0.963730
               16             6              17            6                2.228716
               17             6              18            6                0.942821
               18             6              19            6                1.356439
               18             6              23            6                1.380559
               19             6              20            6                1.365550
               19             6              57            1                0.987634
               20             6              21            6                1.375010
               20             6              58            1                0.992747
               21             6              22            6                1.369525
               21             6              59            1                0.985166
               22             6              23            6                1.370700
               22             6              60            1                0.992604
               23             6              61            1                0.986859
               24             8              25           14                0.931689
               25            14              26            6                1.038807
               25            14              27            6                1.040970
               25            14              28            6                1.026198
               26             6              62            1                0.947356
               26             6              63            1                0.953451
               26             6              64            1                0.963653
               27             6              65            1                0.945207
               27             6              66            1                0.948286
               27             6              67            1                0.952622
               28             6              68            1                0.930144
               28             6              69            1                0.959449
               28             6              70            1                0.934401
               29             6              30            8                1.101113
               29             6              71            1                0.911234
               29             6              72            1                0.917057
               30             8              31           14                1.132059
               31            14              32            6                0.992029
               31            14              33            6                1.003261
               31            14              34            6                0.900311
               32             6              73            1                0.943863
               32             6              74            1                0.942665
               32             6              75            1                0.957029
               33             6              76            1                0.944218
               33             6              77            1                0.956725
               33             6              78            1                0.958045
               34             6              35            6                1.052301
               34             6              36            6                1.031220
               34             6              37            6                1.033252
               35             6              79            1                0.957433
               35             6              80            1                0.946001
               35             6              81            1                0.960914
               36             6              82            1                0.953178
               36             6              83            1                0.959675
               36             6              84            1                0.953794
               37             6              85            1                0.954582
               37             6              86            1                0.951991
               37             6              87            1                0.953129
# -----------------------------------------------------------
$ Calculation_Info
   description: Details of the calculation
   geom. index: 1
   prop. index: 1
     Multiplicity:                          1
     Charge:                                0
     number of atoms:                       88
     number of electrons:                   0
     number of frozen core electrons:       1
     number of correlated electrons:        0
     number of basis functions:             790
     number of aux C basis functions:       0
     number of aux J basis functions:       2416
     number of aux JK basis functions:      0
     number of aux CABS basis functions:    0
     Total Energy                           -2126.710687
# -----------------------------------------------------------
$ SCF_Electric_Properties
   description: The SCF Calculated Electric Properties
   geom. index: 1
   prop. index: 1
       Filename                          : 291.scfp 
       Do Dipole Moment Calculation      : true 
       Do Quadrupole Moment Calculation  : false 
       Do Polarizability Calculation     : true 
** Dipole moment part of electric properties **
        Magnitude of dipole moment (Debye) :        2.1751433859
        Electronic Contribution:
                  0    
      0     -36.984829
      1       5.565867
      2      -1.118595
        Nuclear Contribution:
                  0    
      0      36.278219
      1      -6.047982
      2       1.142600
        Total Dipole moment:
                  0    
      0      -0.706610
      1      -0.482115
      2       0.024005
** Polarizabilities part of electric properties **
        Isotropic polarizability :      410.1601993316
        The raw cartesian tensor (atomic units):
                  0          1          2    
      0     540.627237  -2.237990 -14.507373
      1      -2.237990 359.714353 -31.360000
      2     -14.507373 -31.360000 330.139008
        Diagonalised polarizability tensor :
                  0    
      0     309.470679
      1     379.387461
      2     541.622459
# -------------------------------------------------------------
----------------------- !GEOMETRIES! ------------------------
# -------------------------------------------------------------
------------------------ !GEOMETRY! -------------------------
    Number of atoms:    88 
    Geometry Index:     1 
    Coordinates:
               0 C      0.927011000000    3.691402000000    0.611887000000
               1 C      1.054141000000    2.634170000000   -0.408220000000
               2 C      0.622526000000    2.954563000000   -1.796504000000
               3 C      1.326497000000    4.076703000000   -2.484469000000
               4 O      1.187112000000    5.280954000000   -1.873296000000
               5 C      0.318340000000    1.342781000000   -0.014702000000
               6 C      0.739973000000    0.758450000000    1.205367000000
               7 C      1.140529000000   -0.516386000000    0.932854000000
               8 C      0.590222000000   -0.769759000000   -0.416085000000
               9 O      0.896815000000    0.437923000000   -1.036814000000
              10 C     -0.876566000000   -1.128042000000   -0.450602000000
              11 C     -1.589249000000   -0.027836000000    0.173340000000
              12 C     -1.082325000000    1.331668000000   -0.465303000000
              13 C     -2.037900000000    2.343742000000   -0.052311000000
              14 C     -3.313408000000    2.308049000000   -0.881267000000
              15 C     -3.413440000000    1.639102000000   -1.978992000000
              16 C     -2.995902000000   -0.047371000000    0.249136000000
              17 C     -4.301832000000   -0.078962000000    0.300928000000
              18 C     -5.691237000000   -0.117286000000    0.362666000000
              19 C     -6.350482000000   -1.162956000000    1.045495000000
              20 C     -7.723973000000   -1.243751000000    1.119354000000
              21 C     -8.516895000000   -0.309366000000    0.538282000000
              22 C     -7.905364000000    0.756418000000   -0.150742000000
              23 C     -6.531114000000    0.799703000000   -0.206167000000
              24 O     -1.168834000000    0.083654000000    1.563332000000
              25 Si    -1.661610000000   -1.190380000000    2.499397000000
              26 C     -2.771636000000   -0.373888000000    3.871294000000
              27 C     -0.241047000000   -1.879803000000    3.504604000000
              28 C     -2.682014000000   -2.531634000000    1.834519000000
              29 C      1.491451000000   -1.781484000000   -1.204689000000
              30 O      2.680396000000   -1.372514000000   -1.167962000000
              31 Si     4.171881000000   -1.026553000000   -1.214495000000
              32 C      4.615811000000    0.464085000000   -0.065327000000
              33 C      4.891204000000   -0.476675000000   -2.895475000000
              34 C      5.344080000000   -2.415878000000   -0.672158000000
              35 C      4.882504000000   -2.898692000000    0.703605000000
              36 C      5.264992000000   -3.532803000000   -1.645005000000
              37 C      6.758954000000   -1.866970000000   -0.587022000000
              38 H      1.158093000000    4.717300000000    0.271122000000
              39 H      0.024445000000    3.621927000000    1.276821000000
              40 H      1.755492000000    3.561044000000    1.430632000000
              41 H      2.144211000000    2.341030000000   -0.461507000000
              42 H      0.845059000000    2.006171000000   -2.393924000000
              43 H     -0.480830000000    3.149806000000   -1.914542000000
              44 H      0.983441000000    4.145580000000   -3.561814000000
              45 H      2.434110000000    3.860659000000   -2.592030000000
              46 H      2.093305000000    5.705352000000   -1.718289000000
              47 H      0.768294000000    1.178717000000    2.212947000000
              48 H      1.718088000000   -1.097392000000    1.598755000000
              49 H     -0.886408000000   -2.126425000000    0.073319000000
              50 H     -1.167002000000   -1.234070000000   -1.523155000000
              51 H     -1.132488000000    1.126248000000   -1.554844000000
              52 H     -1.772798000000    3.408419000000   -0.052918000000
              53 H     -2.423055000000    2.131534000000    1.002543000000
              54 H     -4.142959000000    2.861248000000   -0.481736000000
              55 H     -4.454490000000    1.738399000000   -2.483175000000
              56 H     -2.836493000000    0.968097000000   -2.528739000000
              57 H     -5.703074000000   -1.909080000000    1.508747000000
              58 H     -8.196385000000   -2.067175000000    1.635090000000
              59 H     -9.623033000000   -0.319014000000    0.576027000000
              60 H     -8.551799000000    1.482034000000   -0.602201000000
              61 H     -6.046149000000    1.614067000000   -0.756736000000
              62 H     -3.091914000000   -1.204822000000    4.506991000000
              63 H     -3.680682000000    0.049485000000    3.369452000000
              64 H     -2.191472000000    0.363334000000    4.419441000000
              65 H     -0.576021000000   -2.275214000000    4.500076000000
              66 H      0.265289000000   -2.708923000000    2.960397000000
              67 H      0.526862000000   -1.071055000000    3.688607000000
              68 H     -2.179478000000   -3.532539000000    2.042186000000
              69 H     -2.968969000000   -2.533480000000    0.801211000000
              70 H     -3.650621000000   -2.672750000000    2.438020000000
              71 H      1.263601000000   -2.757962000000   -0.655264000000
              72 H      1.020586000000   -1.925514000000   -2.184359000000
              73 H      3.720869000000    0.645153000000    0.594869000000
              74 H      5.493776000000    0.187954000000    0.503574000000
              75 H      4.757953000000    1.336619000000   -0.702414000000
              76 H      5.986417000000   -0.467392000000   -2.771645000000
              77 H      4.666314000000   -1.197856000000   -3.687988000000
              78 H      4.576100000000    0.564803000000   -3.130590000000
              79 H      3.852176000000   -3.325467000000    0.561789000000
              80 H      5.495326000000   -3.750905000000    1.037541000000
              81 H      4.912997000000   -2.051159000000    1.426726000000
              82 H      4.680188000000   -3.300111000000   -2.585702000000
              83 H      4.838928000000   -4.475768000000   -1.266728000000
              84 H      6.304464000000   -3.718918000000   -2.048163000000
              85 H      7.189874000000   -2.139209000000    0.416411000000
              86 H      6.807047000000   -0.778775000000   -0.674118000000
              87 H      7.423202000000   -2.278382000000   -1.369170000000
