-------------------------------------------------------------
----------------------- !PROPERTIES! ------------------------
-------------------------------------------------------------
# -----------------------------------------------------------
$ SCF_Energy
   description: The SCF energy
   geom. index: 1
   prop. index: 1
        SCF Energy:    -1220.3843869116
# -----------------------------------------------------------
$ DFT_Energy
   description: The DFT energy
   geom. index: 1
   prop. index: 1
   Number of Alpha Electrons                 89.9999707229 
   Number of Beta  Electrons                 89.9999707229 
   Total number of  Electrons               179.9999414458 
   Exchange energy                         -124.6641936215 
   Correlation energy                        -7.3839567081 
   Correlation energy NL                      0.0000000000 
   Exchange-Correlation energy             -132.0481503296 
   Embedding correction                       0.0000000000 
   Total DFT Energy (No VdW correction)   -1220.3843869116 
# -----------------------------------------------------------
$ Mayer_Pop
   description: The Mayer population analysis
   geom. index: 1
   prop. index: 1
     Number of atoms                     : 41
     Threshold for printing              : 0.1000000
     Number of bond orders printed       : 44
  NA   - Mulliken gross atomic population
  ZA   - Total nuclear charge
  QA   - Mulliken gross atomic charge
  VA   - Mayer's total valence
  BVA  - Mayer's bonded valence
  FA   - Mayer's free valence
  ATOM       NA         ZA         QA         VA         BVA        FA
  0   0     5.9223     6.0000     0.0777     3.9436     3.9436     0.0000
  1   0     5.8166     6.0000     0.1834     4.0744     4.0744    -0.0000
  2   0     6.3051     6.0000    -0.3051     4.2131     4.2131    -0.0000
  3   0     6.0481     6.0000    -0.0481     3.6214     3.6214    -0.0000
  4   0     5.9012     6.0000     0.0988     3.8253     3.8253    -0.0000
  5   0     8.3364     8.0000    -0.3364     2.1788     2.1788    -0.0000
  6   0     5.8976     6.0000     0.1024     3.5391     3.5391     0.0000
  7   0     5.7696     6.0000     0.2304     3.6369     3.6369     0.0000
  8   0     6.0214     6.0000    -0.0214     3.3722     3.3722    -0.0000
  9   0     5.8364     6.0000     0.1636     4.0206     4.0206     0.0000
 10   0     8.1020     8.0000    -0.1020     2.4058     2.4058     0.0000
 11   0     5.8233     6.0000     0.1767     4.0773     4.0773     0.0000
 12   0     6.0703     6.0000    -0.0703     3.4662     3.4662    -0.0000
 13   0     5.9740     6.0000     0.0260     4.2718     4.2718    -0.0000
 14   0     8.2328     8.0000    -0.2328     2.2776     2.2776    -0.0000
 15   0     5.9314     6.0000     0.0686     3.8419     3.8419     0.0000
 16   0     6.2738     6.0000    -0.2738     3.9941     3.9941    -0.0000
 17   0     5.8127     6.0000     0.1873     3.8825     3.8825    -0.0000
 18   0     8.1986     8.0000    -0.1986     2.2562     2.2562    -0.0000
 19   0     8.1655     8.0000    -0.1655     2.3137     2.3137     0.0000
 20   0     8.2288     8.0000    -0.2288     2.2327     2.2327    -0.0000
 21   0     6.0354     6.0000    -0.0354     4.2354     4.2354     0.0000
 22   0     8.2946     8.0000    -0.2946     2.2451     2.2451    -0.0000
 23   0     5.8514     6.0000     0.1486     3.9148     3.9148     0.0000
 24   0     5.8720     6.0000     0.1280     3.9134     3.9134     0.0000
 25   0     0.9857     1.0000     0.0143     1.0112     1.0112     0.0000
 26   0     0.9816     1.0000     0.0184     0.9900     0.9900     0.0000
 27   0     0.9766     1.0000     0.0234     1.0007     1.0007     0.0000
 28   0     1.0169     1.0000    -0.0169     0.9888     0.9888    -0.0000
 29   0     1.0589     1.0000    -0.0589     0.9945     0.9945    -0.0000
 30   0     0.9673     1.0000     0.0327     1.0056     1.0056    -0.0000
 31   0     0.9683     1.0000     0.0317     1.0070     1.0070     0.0000
 32   0     0.8138     1.0000     0.1862     1.0128     1.0128     0.0000
 33   0     0.7812     1.0000     0.2188     0.9877     0.9877     0.0000
 34   0     0.7631     1.0000     0.2369     0.9927     0.9927    -0.0000
 35   0     0.9794     1.0000     0.0206     1.0059     1.0059    -0.0000
 36   0     1.0177     1.0000    -0.0177     0.9932     0.9932     0.0000
 37   0     0.9926     1.0000     0.0074     1.0045     1.0045    -0.0000
 38   0     1.0010     1.0000    -0.0010     1.0040     1.0040    -0.0000
 39   0     0.9849     1.0000     0.0151     1.0033     1.0033     0.0000
 40   0     0.9899     1.0000     0.0101     0.9884     0.9884    -0.0000
      Bond orders larger than 0.1000000
           Atom A     A.N. of A          Atom B    A.N. of B              Bond order
                0             6               1            6                1.106763
                0             6              25            1                0.952706
                0             6              26            1                0.946268
                0             6              27            1                0.942127
                1             6               2            6                1.013421
                1             6               5            8                0.907753
                1             6              28            1                0.919470
                2             6               3            6                0.935966
                2             6              23            6                1.076431
                2             6              24            6                1.045580
                3             6               4            6                1.446878
                3             6              21            6                1.180106
                4             6               5            8                1.105667
                4             6               6            6                1.113694
                6             6               7            6                1.309490
                6             6              16            6                1.184090
                7             6               8            6                1.150987
                7             6              12            6                1.171672
                8             6               9            6                1.385625
                8             6              21            6                0.980685
                9             6              10            8                1.140941
                9             6              20            8                1.296746
               10             8              11            6                1.159969
               11             6              12            6                1.375292
               11             6              19            8                1.340187
               12             6              13            6                1.051688
               13             6              14            8                2.100222
               13             6              15            6                1.085774
               15             6              16            6                1.432845
               15             6              18            8                1.274519
               16             6              17            6                1.156691
               17             6              29            1                0.924611
               17             6              30            1                0.920571
               17             6              31            1                0.921723
               18             8              32            1                0.935546
               19             8              33            1                0.909675
               20             8              34            1                0.899040
               21             6              22            8                2.039355
               23             6              35            1                0.946685
               23             6              36            1                0.950494
               23             6              37            1                0.947205
               24             6              38            1                0.949670
               24             6              39            1                0.943218
               24             6              40            1                0.949681
# -----------------------------------------------------------
$ Calculation_Info
   description: Details of the calculation
   geom. index: 1
   prop. index: 1
     Multiplicity:                          1
     Charge:                                0
     number of atoms:                       41
     number of electrons:                   0
     number of frozen core electrons:       1
     number of correlated electrons:        0
     number of basis functions:             430
     number of aux C basis functions:       0
     number of aux J basis functions:       1401
     number of aux JK basis functions:      0
     number of aux CABS basis functions:    0
     Total Energy                           -1220.384387
# -----------------------------------------------------------
$ SCF_Electric_Properties
   description: The SCF Calculated Electric Properties
   geom. index: 1
   prop. index: 1
       Filename                          : 174.scfp 
       Do Dipole Moment Calculation      : true 
       Do Quadrupole Moment Calculation  : false 
       Do Polarizability Calculation     : true 
** Dipole moment part of electric properties **
        Magnitude of dipole moment (Debye) :        1.4574897611
        Electronic Contribution:
                  0    
      0      33.093127
      1     -12.866501
      2      -2.649096
        Nuclear Contribution:
                  0    
      0     -33.501093
      1      12.464964
      2       2.682701
        Total Dipole moment:
                  0    
      0      -0.407966
      1      -0.401537
      2       0.033605
** Polarizabilities part of electric properties **
        Isotropic polarizability :      231.3775129712
        The raw cartesian tensor (atomic units):
                  0          1          2    
      0     315.608694  -9.972886  -1.661364
      1      -9.972886 257.745523  25.142470
      2      -1.661364  25.142470 120.778322
        Diagonalised polarizability tensor :
                  0    
      0     116.308813
      1     260.364875
      2     317.458851
# -------------------------------------------------------------
----------------------- !GEOMETRIES! ------------------------
# -------------------------------------------------------------
------------------------ !GEOMETRY! -------------------------
    Number of atoms:    41 
    Geometry Index:     1 
    Coordinates:
               0 C     -3.693733000000    1.884349000000    0.094135000000
               1 C     -2.477609000000    1.164394000000   -0.348898000000
               2 C     -2.495853000000   -0.318562000000   -0.068684000000
               3 C     -1.037334000000   -0.635060000000   -0.128476000000
               4 C     -0.354645000000    0.562185000000    0.118364000000
               5 O     -1.295774000000    1.563748000000    0.320282000000
               6 C      1.035876000000    0.523760000000    0.114745000000
               7 C      1.736931000000   -0.624787000000   -0.117936000000
               8 C      1.063445000000   -1.797039000000   -0.359595000000
               9 C      1.803999000000   -2.933403000000   -0.589677000000
              10 O      3.117507000000   -2.903746000000   -0.579676000000
              11 C      3.806055000000   -1.821741000000   -0.356425000000
              12 C      3.113080000000   -0.643835000000   -0.117709000000
              13 C      3.811704000000    0.520080000000    0.122289000000
              14 O      5.061331000000    0.519087000000    0.125818000000
              15 C      3.144230000000    1.721219000000    0.365816000000
              16 C      1.767326000000    1.695803000000    0.356521000000
              17 C      0.930709000000    2.897897000000    0.600092000000
              18 O      3.876349000000    2.856614000000    0.600054000000
              19 O      5.210891000000   -1.812889000000   -0.350405000000
              20 O      1.104696000000   -4.109547000000   -0.832211000000
              21 C     -0.319189000000   -1.780888000000   -0.360506000000
              22 O     -0.924692000000   -2.866116000000   -0.584184000000
              23 C     -3.287577000000   -1.045810000000   -1.107277000000
              24 C     -2.946110000000   -0.625105000000    1.342510000000
              25 H     -4.282547000000    1.409069000000    0.876166000000
              26 H     -4.376863000000    1.985930000000   -0.798872000000
              27 H     -3.416588000000    2.938641000000    0.347925000000
              28 H     -2.276723000000    1.281851000000   -1.434041000000
              29 H      1.568064000000    3.759919000000    0.787404000000
              30 H      0.311858000000    2.760424000000    1.512226000000
              31 H      0.304765000000    3.148320000000   -0.288390000000
              32 H      3.500017000000    3.740883000000    0.779496000000
              33 H      5.753605000000   -2.471789000000   -0.881404000000
              34 H      0.681312000000   -4.676573000000   -0.119325000000
              35 H     -2.600519000000   -1.365743000000   -1.921983000000
              36 H     -4.072404000000   -0.366049000000   -1.508956000000
              37 H     -3.814641000000   -1.931168000000   -0.677010000000
              38 H     -2.343936000000    0.000843000000    2.029126000000
              39 H     -2.662336000000   -1.680940000000    1.546627000000
              40 H     -4.024675000000   -0.524228000000    1.492043000000
