-------------------------------------------------------------
----------------------- !PROPERTIES! ------------------------
-------------------------------------------------------------
# -------------------------------------------------------------
----------------------- !GEOMETRIES! ------------------------
# -------------------------------------------------------------
------------------------ !GEOMETRY! -------------------------
    Number of atoms:    53 
    Geometry Index:     1 
    Coordinates:
               0  C      4.785411000000    1.751269000000    1.575962000000
               1  C      5.588146000000    0.483819000000    1.401203000000
               2  C      4.873652000000   -0.309866000000    0.295993000000
               3  C      3.491340000000   -0.567646000000    0.872658000000
               4  C      2.770057000000    0.698547000000    1.153722000000
               5  O      3.490724000000    1.540680000000    2.014456000000
               6  O      2.438869000000    1.341072000000   -0.021264000000
               7  C      1.098355000000    1.552086000000   -0.188235000000
               8  C      0.227512000000    0.361766000000   -0.308111000000
               9  C      0.428586000000   -0.395359000000   -1.613072000000
              10  C     -0.229306000000   -1.739923000000   -1.375508000000
              11  C     -1.702808000000   -1.434735000000   -1.206822000000
              12  C     -1.980243000000   -0.307171000000   -0.241930000000
              13  O     -1.115285000000    0.776490000000   -0.377271000000
              14  O     -3.265131000000    0.172995000000   -0.543501000000
              15  C     -4.359832000000    0.259806000000    0.239283000000
              16  C     -4.343323000000   -0.150598000000    1.547362000000
              17  C     -5.474968000000   -0.062390000000    2.361503000000
              18  C     -6.624861000000    0.445959000000    1.837829000000
              19  C     -6.644067000000    0.859480000000    0.522304000000
              20  C     -5.522749000000    0.772022000000   -0.284228000000
              21  C     -5.624140000000    1.232301000000   -1.670818000000
              22  O     -6.702753000000    1.695084000000   -2.116727000000
              23  O     -2.370741000000   -2.567507000000   -0.728205000000
              24  O     -0.111027000000   -2.569866000000   -2.489120000000
              25  O      1.710076000000   -0.447811000000   -2.065119000000
              26  O      3.600809000000   -1.288746000000    2.068372000000
              27  O      4.750752000000    0.543451000000   -0.784414000000
              28  O      6.882423000000    0.787346000000    1.070330000000
              29  H      5.297745000000    2.346619000000    2.359477000000
              30  H      4.845562000000    2.338358000000    0.644559000000
              31  H      5.516968000000   -0.154134000000    2.308254000000
              32  H      5.368340000000   -1.254781000000    0.082032000000
              33  H      2.927018000000   -1.198062000000    0.188313000000
              34  H      1.834742000000    0.475000000000    1.701443000000
              35  H      0.883560000000    2.222560000000   -1.054324000000
              36  H      0.753297000000    2.135061000000    0.713754000000
              37  H      0.381435000000   -0.355482000000    0.511611000000
              38  H     -0.234190000000    0.095212000000   -2.394375000000
              39  H      0.187710000000   -2.188235000000   -0.463448000000
              40  H     -2.076566000000   -1.115074000000   -2.201227000000
              41  H     -1.914877000000   -0.651645000000    0.805619000000
              42  H     -3.476181000000   -0.567676000000    2.051115000000
              43  H     -5.470503000000   -0.383700000000    3.393833000000
              44  H     -7.515573000000    0.523211000000    2.453374000000
              45  H     -7.554802000000    1.270960000000    0.078959000000
              46  H     -4.791604000000    1.194061000000   -2.355731000000
              47  H     -3.257735000000   -2.372827000000   -0.388751000000
              48  H     -0.644162000000   -3.385311000000   -2.285924000000
              49  H      1.824605000000   -1.244333000000   -2.624048000000
              50  H      4.105152000000   -2.122068000000    1.843687000000
              51  H      5.578929000000    1.026297000000   -0.994010000000
              52  H      7.365651000000   -0.066571000000    0.913464000000
