-------------------------------------------------------------
----------------------- !PROPERTIES! ------------------------
-------------------------------------------------------------
# -------------------------------------------------------------
----------------------- !GEOMETRIES! ------------------------
# -------------------------------------------------------------
------------------------ !GEOMETRY! -------------------------
    Number of atoms:    69 
    Geometry Index:     1 
    Coordinates:
               0  C      6.731215000000   -3.019389000000    2.383583000000
               1  C      5.514545000000   -2.390095000000    1.799604000000
               2  C      4.297710000000   -3.058312000000    1.831820000000
               3  C      3.152545000000   -2.502309000000    1.299379000000
               4  C      3.260335000000   -1.250225000000    0.729991000000
               5  C      4.425335000000   -0.533884000000    0.662834000000
               6  C      5.558602000000   -1.141314000000    1.216878000000
               7  O      4.488359000000    0.648810000000    0.116141000000
               8  C      3.440800000000    1.241655000000   -0.411516000000
               9  C      3.565681000000    2.487847000000   -0.968915000000
              10  C      2.458968000000    3.077548000000   -1.503973000000
              11  C      1.220735000000    2.475653000000   -1.510111000000
              12  C      1.084643000000    1.221582000000   -0.954576000000
              13  C      2.214814000000    0.574270000000   -0.383981000000
              14  C      2.113549000000   -0.665653000000    0.182775000000
              15  O      1.039977000000   -1.287932000000    0.230877000000
              16  C     -0.191661000000    0.496008000000   -0.948751000000
              17  C     -1.399419000000    1.201239000000   -1.518298000000
              18  C     -2.320737000000    1.662345000000   -0.450173000000
              19  C     -2.864446000000    0.752657000000    0.457537000000
              20  C     -3.692495000000    1.406238000000    1.403519000000
              21  C     -3.946864000000    2.725364000000    1.450423000000
              22  C     -3.373078000000    3.553716000000    0.517334000000
              23  C     -2.560145000000    3.013589000000   -0.429927000000
              24  O     -3.619719000000    4.913418000000    0.542318000000
              25  C     -4.483839000000    5.445409000000    1.557313000000
              26  O     -4.338312000000    0.655562000000    2.419162000000
              27  O     -2.639284000000   -0.541006000000    0.437555000000
              28  C     -2.635948000000   -1.751306000000   -0.148435000000
              29  C     -3.460135000000   -2.709649000000    0.515471000000
              30  C     -3.634922000000   -4.004166000000    0.129883000000
              31  C     -2.987381000000   -4.450693000000   -0.967740000000
              32  C     -2.160704000000   -3.556929000000   -1.661814000000
              33  C     -1.977738000000   -2.222959000000   -1.270536000000
              34  C     -1.066714000000   -1.500248000000   -2.155506000000
              35  O     -1.192309000000   -1.665235000000   -3.447074000000
              36  O     -0.061637000000   -0.645417000000   -1.797865000000
              37  O     -1.533181000000   -4.099413000000   -2.766350000000
              38  C     -4.531808000000   -4.946414000000    0.897733000000
              39  O     -1.253272000000    1.995146000000   -2.596050000000
              40  O      2.550235000000    4.342348000000   -2.076731000000
              41  C      3.789942000000    5.028640000000   -2.110026000000
              42  O      1.925747000000   -3.131275000000    1.310529000000
              43  H      6.763035000000   -4.112775000000    2.212439000000
              44  H      7.648236000000   -2.585812000000    1.908275000000
              45  H      6.801152000000   -2.800288000000    3.481527000000
              46  H      4.247157000000   -4.020548000000    2.277123000000
              47  H      6.497271000000   -0.611564000000    1.185329000000
              48  H      4.554516000000    2.949653000000   -0.956252000000
              49  H      0.360331000000    2.964124000000   -1.914320000000
              50  H     -0.516879000000    0.228591000000    0.088049000000
              51  H     -2.084465000000    0.347014000000   -1.993042000000
              52  H     -4.612712000000    3.141445000000    2.233551000000
              53  H     -2.120701000000    3.701821000000   -1.154561000000
              54  H     -4.186921000000    5.105918000000    2.567896000000
              55  H     -5.518399000000    5.118268000000    1.335106000000
              56  H     -4.382141000000    6.541535000000    1.514751000000
              57  H     -4.203275000000   -0.340555000000    2.469083000000
              58  H     -4.019263000000   -2.452362000000    1.427476000000
              59  H     -3.115948000000   -5.463603000000   -1.286168000000
              60  H     -0.905006000000   -3.753740000000   -3.406926000000
              61  H     -5.557057000000   -4.910322000000    0.473053000000
              62  H     -4.116134000000   -5.970961000000    0.876199000000
              63  H     -4.568523000000   -4.528573000000    1.924706000000
              64  H     -2.117705000000    2.184656000000   -2.991486000000
              65  H      3.711912000000    5.911313000000   -2.744221000000
              66  H      4.567739000000    4.334763000000   -2.540182000000
              67  H      4.076614000000    5.232244000000   -1.068986000000
              68  H      1.889181000000   -4.055462000000    1.740797000000
