-------------------------------------------------------------
----------------------- !PROPERTIES! ------------------------
-------------------------------------------------------------
# -----------------------------------------------------------
$ SCF_Energy
   description: The SCF energy
   geom. index: 1
   prop. index: 1
        SCF Energy:    -1300.1372098069
# -----------------------------------------------------------
$ DFT_Energy
   description: The DFT energy
   geom. index: 1
   prop. index: 1
   Number of Alpha Electrons                 98.9999978024 
   Number of Beta  Electrons                 98.9999978024 
   Total number of  Electrons               197.9999956049 
   Exchange energy                         -134.5209655182 
   Correlation energy                        -8.0447247877 
   Correlation energy NL                      0.0000000000 
   Exchange-Correlation energy             -142.5656903059 
   Embedding correction                       0.0000000000 
   Total DFT Energy (No VdW correction)   -1300.1372098069 
# -----------------------------------------------------------
$ Mayer_Pop
   description: The Mayer population analysis
   geom. index: 1
   prop. index: 1
     Number of atoms                     : 49
     Threshold for printing              : 0.1000000
     Number of bond orders printed       : 52
  NA   - Mulliken gross atomic population
  ZA   - Total nuclear charge
  QA   - Mulliken gross atomic charge
  VA   - Mayer's total valence
  BVA  - Mayer's bonded valence
  FA   - Mayer's free valence
  ATOM       NA         ZA         QA         VA         BVA        FA
  0   0     5.8263     6.0000     0.1737     3.9160     3.9160     0.0000
  1   0     8.3556     8.0000    -0.3556     2.1575     2.1575    -0.0000
  2   0     5.7907     6.0000     0.2093     3.7920     3.7920     0.0000
  3   0     5.7991     6.0000     0.2009     3.9899     3.9899    -0.0000
  4   0     6.0751     6.0000    -0.0751     3.8524     3.8524     0.0000
  5   0     6.0156     6.0000    -0.0156     3.7702     3.7702     0.0000
  6   0     5.9888     6.0000     0.0112     3.8464     3.8464    -0.0000
  7   0     6.1159     6.0000    -0.1159     3.7597     3.7597     0.0000
  8   0     5.6832     6.0000     0.3168     3.8753     3.8753     0.0000
  9   0     6.1536     6.0000    -0.1536     4.1182     4.1182     0.0000
 10   0     5.6662     6.0000     0.3338     3.9604     3.9604    -0.0000
 11   0     8.3312     8.0000    -0.3312     2.1600     2.1600     0.0000
 12   0     5.7126     6.0000     0.2874     4.1388     4.1388     0.0000
 13   0     6.2393     6.0000    -0.2393     4.0005     4.0005     0.0000
 14   0     5.6467     6.0000     0.3533     3.9533     3.9533     0.0000
 15   0     8.3744     8.0000    -0.3744     2.1362     2.1362    -0.0000
 16   0     5.9386     6.0000     0.0614     3.7738     3.7738    -0.0000
 17   0     6.1463     6.0000    -0.1463     3.7827     3.7827    -0.0000
 18   0     5.7790     6.0000     0.2210     3.7924     3.7924     0.0000
 19   0     5.8345     6.0000     0.1655     4.0357     4.0357     0.0000
 20   0     6.0518     6.0000    -0.0518     3.7867     3.7867    -0.0000
 21   0     6.0179     6.0000    -0.0179     3.7925     3.7925    -0.0000
 22   0     8.2581     8.0000    -0.2581     2.2060     2.2060    -0.0000
 23   0     8.3570     8.0000    -0.3570     2.1543     2.1543    -0.0000
 24   0     5.8235     6.0000     0.1765     3.9210     3.9210    -0.0000
 25   0     8.2791     8.0000    -0.2791     2.1270     2.1270    -0.0000
 26   0     8.2733     8.0000    -0.2733     2.1871     2.1871     0.0000
 27   0     0.9703     1.0000     0.0297     0.9936     0.9936    -0.0000
 28   0     0.9705     1.0000     0.0295     0.9832     0.9832     0.0000
 29   0     0.9785     1.0000     0.0215     0.9793     0.9793    -0.0000
 30   0     1.0284     1.0000    -0.0284     0.9913     0.9913     0.0000
 31   0     1.0360     1.0000    -0.0360     0.9842     0.9842     0.0000
 32   0     1.0359     1.0000    -0.0359     1.0174     1.0174     0.0000
 33   0     1.0268     1.0000    -0.0268     0.9833     0.9833    -0.0000
 34   0     0.9969     1.0000     0.0031     0.9907     0.9907    -0.0000
 35   0     0.9903     1.0000     0.0097     0.9774     0.9774    -0.0000
 36   0     1.0171     1.0000    -0.0171     0.9912     0.9912    -0.0000
 37   0     0.9837     1.0000     0.0163     0.9978     0.9978     0.0000
 38   0     1.0007     1.0000    -0.0007     0.9845     0.9845     0.0000
 39   0     1.0132     1.0000    -0.0132     1.0179     1.0179     0.0000
 40   0     1.0403     1.0000    -0.0403     1.0063     1.0063     0.0000
 41   0     1.0332     1.0000    -0.0332     0.9945     0.9945    -0.0000
 42   0     1.0265     1.0000    -0.0265     1.0008     1.0008    -0.0000
 43   0     0.7913     1.0000     0.2087     1.0004     1.0004    -0.0000
 44   0     0.9674     1.0000     0.0326     0.9847     0.9847    -0.0000
 45   0     0.9736     1.0000     0.0264     0.9843     0.9843    -0.0000
 46   0     0.9757     1.0000     0.0243     0.9872     0.9872    -0.0000
 47   0     0.8182     1.0000     0.1818     1.0210     1.0210     0.0000
 48   0     0.7925     1.0000     0.2075     1.0018     1.0018    -0.0000
      Bond orders larger than 0.1000000
           Atom A     A.N. of A          Atom B    A.N. of B              Bond order
                0             6               1            8                0.965780
                0             6              27            1                0.964375
                0             6              28            1                0.973459
                0             6              29            1                0.969372
                1             8               2            6                1.057472
                2             6               3            6                1.281485
                2             6               7            6                1.331161
                3             6               4            6                1.414555
                3             6              26            8                1.207950
                4             6               5            6                1.299812
                4             6              30            1                0.987502
                5             6               6            6                1.415057
                5             6              31            1                0.990540
                6             6               7            6                1.311663
                6             6               8            6                0.981004
                7             6              32            1                0.999873
                8             6               9            6                1.003047
                8             6              15            8                1.027687
                8             6              33            1                0.869390
                9             6              10            6                1.076253
                9             6              13            6                1.050201
                9             6              34            1                0.911387
               10             6              11            8                0.980504
               10             6              35            1                0.936568
               10             6              36            1                0.905310
               11             8              12            6                1.109152
               12             6              13            6                0.953366
               12             6              16            6                0.917449
               12             6              25            8                1.140473
               13             6              14            6                1.062247
               13             6              37            1                0.929841
               14             6              15            8                1.002585
               14             6              38            1                0.934066
               14             6              39            1                0.898396
               16             6              17            6                1.311612
               16             6              21            6                1.446847
               17             6              18            6                1.330721
               17             6              40            1                0.984249
               18             6              19            6                1.294013
               18             6              23            8                1.062831
               19             6              20            6                1.405237
               19             6              22            8                1.219323
               20             6              21            6                1.275242
               20             6              41            1                1.002886
               21             6              42            1                0.994396
               22             8              43            1                0.920877
               23             8              24            6                0.964932
               24             6              44            1                0.973749
               24             6              45            1                0.976538
               24             6              46            1                0.958346
               25             8              47            1                0.941183
               26             8              48            1                0.920753
# -----------------------------------------------------------
$ Calculation_Info
   description: Details of the calculation
   geom. index: 1
   prop. index: 1
     Multiplicity:                          1
     Charge:                                0
     number of atoms:                       49
     number of electrons:                   0
     number of frozen core electrons:       1
     number of correlated electrons:        0
     number of basis functions:             488
     number of aux C basis functions:       0
     number of aux J basis functions:       1565
     number of aux JK basis functions:      0
     number of aux CABS basis functions:    0
     Total Energy                           -1300.137210
# -----------------------------------------------------------
$ SCF_Electric_Properties
   description: The SCF Calculated Electric Properties
   geom. index: 1
   prop. index: 1
       Filename                          : 270.scfp 
       Do Dipole Moment Calculation      : true 
       Do Quadrupole Moment Calculation  : false 
       Do Polarizability Calculation     : true 
** Dipole moment part of electric properties **
        Magnitude of dipole moment (Debye) :        3.2504929212
        Electronic Contribution:
                  0    
      0      -4.533111
      1      -2.930670
      2      -7.266042
        Nuclear Contribution:
                  0    
      0       4.968382
      1       3.492273
      2       8.329298
        Total Dipole moment:
                  0    
      0       0.435272
      1       0.561602
      2       1.063256
** Polarizabilities part of electric properties **
        Isotropic polarizability :      232.7515317470
        The raw cartesian tensor (atomic units):
                  0          1          2    
      0     269.283186  22.373514  26.897090
      1      22.373514 220.893475   3.238530
      2      26.897090   3.238530 208.077934
        Diagonalised polarizability tensor :
                  0    
      0     196.649801
      1     214.760820
      2     286.843974
# -------------------------------------------------------------
----------------------- !GEOMETRIES! ------------------------
# -------------------------------------------------------------
------------------------ !GEOMETRY! -------------------------
    Number of atoms:    49 
    Geometry Index:     1 
    Coordinates:
               0 C      5.842462000000    2.155858000000    1.642967000000
               1 O      5.521862000000    2.069743000000    0.294143000000
               2 C      4.505679000000    1.362120000000   -0.298748000000
               3 C      4.420604000000    1.468785000000   -1.692696000000
               4 C      3.421391000000    0.777775000000   -2.319307000000
               5 C      2.501908000000   -0.012873000000   -1.649211000000
               6 C      2.607538000000   -0.100326000000   -0.285297000000
               7 C      3.608230000000    0.586417000000    0.390425000000
               8 C      1.711623000000   -0.903530000000    0.539077000000
               9 C      0.509016000000   -1.481397000000   -0.075925000000
              10 C      0.195267000000   -2.889149000000    0.452001000000
              11 O     -1.182852000000   -2.930253000000    0.313132000000
              12 C     -1.690234000000   -1.717084000000    0.746509000000
              13 C     -0.608706000000   -0.700010000000    0.579773000000
              14 C      0.009529000000   -0.386196000000    1.918270000000
              15 O      1.319014000000   -0.093318000000    1.618911000000
              16 C     -2.855226000000   -1.279003000000   -0.054677000000
              17 C     -3.296938000000    0.033650000000    0.088707000000
              18 C     -4.364521000000    0.517762000000   -0.622197000000
              19 C     -5.030956000000   -0.331340000000   -1.517953000000
              20 C     -4.599212000000   -1.627222000000   -1.662165000000
              21 C     -3.523686000000   -2.093975000000   -0.938286000000
              22 O     -6.112013000000    0.147104000000   -2.242214000000
              23 O     -4.827512000000    1.813008000000   -0.504610000000
              24 C     -4.286679000000    2.786357000000    0.332156000000
              25 O     -2.077404000000   -1.878742000000    2.081453000000
              26 O      5.340697000000    2.264190000000   -2.403358000000
              27 H      5.000622000000    1.837065000000    2.277758000000
              28 H      6.175634000000    3.204355000000    1.876350000000
              29 H      6.756444000000    1.530155000000    1.877957000000
              30 H      3.329231000000    0.843608000000   -3.409112000000
              31 H      1.728995000000   -0.536669000000   -2.234640000000
              32 H      3.702891000000    0.523269000000    1.477817000000
              33 H      2.349916000000   -1.699791000000    1.027440000000
              34 H      0.428753000000   -1.546897000000   -1.149853000000
              35 H      0.635593000000   -3.651640000000   -0.233000000000
              36 H      0.565417000000   -2.999172000000    1.473207000000
              37 H     -0.891375000000    0.186076000000    0.009291000000
              38 H     -0.464354000000    0.471593000000    2.425143000000
              39 H     -0.021503000000   -1.332964000000    2.522099000000
              40 H     -2.794876000000    0.715612000000    0.780254000000
              41 H     -5.127060000000   -2.264152000000   -2.359256000000
              42 H     -3.187522000000   -3.135558000000   -1.064811000000
              43 H     -6.401331000000    1.111759000000   -2.110637000000
              44 H     -4.372025000000    3.780774000000   -0.179904000000
              45 H     -4.906001000000    2.785231000000    1.267307000000
              46 H     -3.229339000000    2.665053000000    0.600610000000
              47 H     -2.400448000000   -2.799024000000    2.279539000000
              48 H      6.063455000000    2.752966000000   -1.884439000000
