-------------------------------------------------------------
----------------------- !PROPERTIES! ------------------------
-------------------------------------------------------------
# -----------------------------------------------------------
$ SCF_Energy
   description: The SCF energy
   geom. index: 1
   prop. index: 1
        SCF Energy:    -2112.6330077727
# -----------------------------------------------------------
$ DFT_Energy
   description: The DFT energy
   geom. index: 1
   prop. index: 1
   Number of Alpha Electrons                172.0000117854 
   Number of Beta  Electrons                172.0000117854 
   Total number of  Electrons               344.0000235708 
   Exchange energy                         -225.8334662219 
   Correlation energy                       -13.7675290382 
   Correlation energy NL                      0.0000000000 
   Exchange-Correlation energy             -239.6009952601 
   Embedding correction                       0.0000000000 
   Total DFT Energy (No VdW correction)   -2112.6330077727 
# -----------------------------------------------------------
$ Mayer_Pop
   description: The Mayer population analysis
   geom. index: 1
   prop. index: 1
     Number of atoms                     : 93
     Threshold for printing              : 0.1000000
     Number of bond orders printed       : 99
  NA   - Mulliken gross atomic population
  ZA   - Total nuclear charge
  QA   - Mulliken gross atomic charge
  VA   - Mayer's total valence
  BVA  - Mayer's bonded valence
  FA   - Mayer's free valence
  ATOM       NA         ZA         QA         VA         BVA        FA
  0   0     6.0453     6.0000    -0.0453     4.0157     4.0157     0.0000
  1   0     5.7945     6.0000     0.2055     4.0375     4.0375    -0.0000
  2   0     8.3296     8.0000    -0.3296     2.1800     2.1800     0.0000
  3   0     5.7600     6.0000     0.2400     4.1952     4.1952    -0.0000
  4   0     8.2835     8.0000    -0.2835     2.1974     2.1974     0.0000
  5   0     6.0041     6.0000    -0.0041     4.0342     4.0342    -0.0000
  6   0     5.8547     6.0000     0.1453     4.0327     4.0327    -0.0000
  7   0     5.9572     6.0000     0.0428     4.0763     4.0763    -0.0000
  8   0     5.9109     6.0000     0.0891     3.9210     3.9210    -0.0000
  9   0     5.9054     6.0000     0.0946     4.0521     4.0521     0.0000
 10   0     5.8378     6.0000     0.1622     3.9404     3.9404     0.0000
 11   0     6.0190     6.0000    -0.0190     3.7597     3.7597    -0.0000
 12   0     5.8336     6.0000     0.1664     3.8871     3.8871     0.0000
 13   0     8.3136     8.0000    -0.3136     2.1421     2.1421     0.0000
 14   0     6.0317     6.0000    -0.0317     3.7618     3.7618    -0.0000
 15   0     6.0382     6.0000    -0.0382     3.7573     3.7573     0.0000
 16   0     5.8705     6.0000     0.1295     3.8699     3.8699     0.0000
 17   0     5.9238     6.0000     0.0762     3.8004     3.8004    -0.0000
 18   0     5.9879     6.0000     0.0121     3.7951     3.7951     0.0000
 19   0     5.8083     6.0000     0.1917     3.7905     3.7905     0.0000
 20   0     8.3330     8.0000    -0.3330     2.1514     2.1514     0.0000
 21   0     6.1328     6.0000    -0.1328     3.8729     3.8729     0.0000
 22   0     6.0721     6.0000    -0.0721     3.8703     3.8703    -0.0000
 23   0     5.8194     6.0000     0.1806     3.9280     3.9280     0.0000
 24   0     6.0961     6.0000    -0.0961     3.5808     3.5808    -0.0000
 25   0     8.2745     8.0000    -0.2745     2.1640     2.1640     0.0000
 26   0     5.7336     6.0000     0.2664     3.7788     3.7788     0.0000
 27   0     6.1045     6.0000    -0.1045     4.0803     4.0803     0.0000
 28   0     6.0644     6.0000    -0.0644     3.9032     3.9032     0.0000
 29   0     5.8669     6.0000     0.1331     3.9425     3.9425     0.0000
 30   0     5.9199     6.0000     0.0801     3.9599     3.9599    -0.0000
 31   0     6.0808     6.0000    -0.0808     4.0247     4.0247    -0.0000
 32   0     6.2032     6.0000    -0.2032     4.2536     4.2536    -0.0000
 33   0     5.9294     6.0000     0.0706     3.9333     3.9333    -0.0000
 34   0     5.8454     6.0000     0.1546     3.9776     3.9776    -0.0000
 35   0     5.9228     6.0000     0.0772     3.9848     3.9848    -0.0000
 36   0     6.0779     6.0000    -0.0779     4.0009     4.0009    -0.0000
 37   0     6.2470     6.0000    -0.2470     4.2228     4.2228    -0.0000
 38   0     5.9199     6.0000     0.0801     3.9172     3.9172    -0.0000
 39   0     5.9235     6.0000     0.0765     3.9405     3.9405     0.0000
 40   0     5.8240     6.0000     0.1760     4.2652     4.2652     0.0000
 41   0     8.2427     8.0000    -0.2427     2.2510     2.2510     0.0000
 42   0     8.2676     8.0000    -0.2676     2.1766     2.1766     0.0000
 43   0     8.2425     8.0000    -0.2425     2.2001     2.2001     0.0000
 44   0     6.0859     6.0000    -0.0859     4.2368     4.2368     0.0000
 45   0     6.0774     6.0000    -0.0774     3.9438     3.9438    -0.0000
 46   0     5.9261     6.0000     0.0739     3.9201     3.9201    -0.0000
 47   0     0.9544     1.0000     0.0456     1.0013     1.0013     0.0000
 48   0     0.9930     1.0000     0.0070     0.9821     0.9821    -0.0000
 49   0     0.9746     1.0000     0.0254     0.9966     0.9966    -0.0000
 50   0     0.9772     1.0000     0.0228     0.9797     0.9797     0.0000
 51   0     0.9813     1.0000     0.0187     0.9862     0.9862     0.0000
 52   0     1.0070     1.0000    -0.0070     0.9944     0.9944    -0.0000
 53   0     0.9980     1.0000     0.0020     0.9904     0.9904    -0.0000
 54   0     1.0024     1.0000    -0.0024     1.0015     1.0015    -0.0000
 55   0     0.9790     1.0000     0.0210     1.0004     1.0004    -0.0000
 56   0     0.9995     1.0000     0.0005     0.9934     0.9934     0.0000
 57   0     0.9895     1.0000     0.0105     1.0082     1.0082     0.0000
 58   0     0.9846     1.0000     0.0154     0.9929     0.9929    -0.0000
 59   0     1.0230     1.0000    -0.0230     0.9946     0.9946    -0.0000
 60   0     1.0562     1.0000    -0.0562     0.9905     0.9905     0.0000
 61   0     1.0326     1.0000    -0.0326     1.0132     1.0132     0.0000
 62   0     1.0702     1.0000    -0.0702     1.0780     1.0780    -0.0000
 63   0     0.7965     1.0000     0.2035     0.9894     0.9894     0.0000
 64   0     0.9863     1.0000     0.0137     1.0341     1.0341     0.0000
 65   0     0.9931     1.0000     0.0069     0.9883     0.9883    -0.0000
 66   0     0.9863     1.0000     0.0137     1.0155     1.0155     0.0000
 67   0     1.0172     1.0000    -0.0172     0.9956     0.9956     0.0000
 68   0     1.0002     1.0000    -0.0002     0.9890     0.9890    -0.0000
 69   0     1.0109     1.0000    -0.0109     0.9783     0.9783    -0.0000
 70   0     0.9917     1.0000     0.0083     1.0391     1.0391    -0.0000
 71   0     1.0320     1.0000    -0.0320     0.9882     0.9882     0.0000
 72   0     0.9761     1.0000     0.0239     0.9870     0.9870     0.0000
 73   0     1.0029     1.0000    -0.0029     0.9908     0.9908    -0.0000
 74   0     0.9635     1.0000     0.0365     0.9998     0.9998    -0.0000
 75   0     1.0154     1.0000    -0.0154     0.9760     0.9760     0.0000
 76   0     1.0146     1.0000    -0.0146     0.9875     0.9875    -0.0000
 77   0     0.9996     1.0000     0.0004     0.9861     0.9861    -0.0000
 78   0     1.0060     1.0000    -0.0060     0.9936     0.9936    -0.0000
 79   0     1.0146     1.0000    -0.0146     1.0034     1.0034    -0.0000
 80   0     0.9844     1.0000     0.0156     0.9990     0.9990    -0.0000
 81   0     0.9991     1.0000     0.0009     0.9917     0.9917    -0.0000
 82   0     0.9719     1.0000     0.0281     0.9862     0.9862    -0.0000
 83   0     0.9678     1.0000     0.0322     0.9899     0.9899    -0.0000
 84   0     0.9737     1.0000     0.0263     0.9853     0.9853     0.0000
 85   0     1.0000     1.0000     0.0000     0.9945     0.9945    -0.0000
 86   0     0.7885     1.0000     0.2115     1.0002     1.0002     0.0000
 87   0     0.7962     1.0000     0.2038     0.9889     0.9889     0.0000
 88   0     0.9980     1.0000     0.0020     0.9879     0.9879    -0.0000
 89   0     1.0026     1.0000    -0.0026     0.9768     0.9768    -0.0000
 90   0     0.9817     1.0000     0.0183     0.9937     0.9937    -0.0000
 91   0     1.0001     1.0000    -0.0001     0.9947     0.9947     0.0000
 92   0     0.9631     1.0000     0.0369     0.9864     0.9864    -0.0000
      Bond orders larger than 0.1000000
           Atom A     A.N. of A          Atom B    A.N. of B              Bond order
                0             6               1            6                1.110264
                0             6              47            1                0.970846
                0             6              48            1                0.958323
                0             6              49            1                0.967297
                1             6               2            8                0.916764
                1             6              50            1                0.963514
                1             6              51            1                0.946280
                2             8               3            6                1.171462
                3             6               4            8                2.018914
                3             6               5            6                0.925060
                5             6               6            6                1.023872
                5             6              10            6                1.016467
                5             6              13            8                0.985008
                6             6               7            6                1.103105
                6             6              52            1                0.914673
                6             6              53            1                0.901450
                7             6               8            6                1.049035
                7             6              54            1                0.908737
                7             6              55            1                0.917527
                8             6               9            6                1.014460
                8             6              44            6                1.007208
                8             6              56            1                0.842085
                9             6              10            6                1.029215
                9             6              11            6                0.935874
                9             6              20            8                0.953603
               10             6              57            1                0.898191
               10             6              58            1                0.915278
               11             6              12            6                1.323482
               11             6              17            6                1.374794
               12             6              13            8                1.034363
               12             6              14            6                1.354048
               14             6              15            6                1.310985
               14             6              59            1                1.010981
               15             6              16            6                1.340344
               15             6              60            1                0.975488
               16             6              17            6                1.300468
               16             6              43            8                1.128742
               17             6              18            6                1.039293
               18             6              19            6                1.278298
               18             6              24            6                1.330855
               19             6              20            8                1.069966
               19             6              21            6                1.335718
               21             6              22            6                1.338870
               21             6              24            6                0.110858
               21             6              61            1                1.010840
               22             6              23            6                1.395008
               22             6              26            6                1.017539
               23             6              24            6                1.259119
               23             6              25            8                1.127457
               24             6              62            1                0.969742
               25             8              63            1                0.925349
               26             6              27            6                1.045084
               26             6              64            1                0.900460
               26             6              65            1                0.867486
               27             6              28            6                1.844097
               27             6              66            1                0.937584
               28             6              29            6                1.014911
               28             6              40            6                0.997142
               29             6              30            6                1.073407
               29             6              67            1                0.929203
               29             6              68            1                0.900337
               30             6              31            6                1.055360
               30             6              69            1                0.904316
               30             6              70            1                0.916569
               31             6              32            6                1.896522
               31             6              71            1                0.947210
               32             6              33            6                1.103931
               32             6              34            6                1.062116
               33             6              72            1                0.936117
               33             6              73            1                0.937489
               33             6              74            1                0.936868
               34             6              35            6                1.071820
               34             6              75            1                0.901636
               34             6              76            1                0.927636
               35             6              36            6                1.042197
               35             6              77            1                0.919579
               35             6              78            1                0.922040
               36             6              37            6                1.935862
               36             6              79            1                0.941768
               37             6              38            6                1.055979
               37             6              39            6                1.080401
               38             6              80            1                0.963568
               38             6              81            1                0.950650
               38             6              82            1                0.960255
               39             6              83            1                0.949584
               39             6              84            1                0.949190
               39             6              85            1                0.947240
               40             6              41            8                2.029344
               40             6              42            8                1.155724
               42             8              86            1                0.912979
               43             8              62            1                0.115201
               43             8              87            1                0.919475
               44             6              45            6                2.039534
               44             6              46            6                1.031453
               45             6              88            1                0.955137
               45             6              89            1                0.911073
               46             6              90            1                0.949541
               46             6              91            1                0.952028
               46             6              92            1                0.954303
# -----------------------------------------------------------
$ Calculation_Info
   description: Details of the calculation
   geom. index: 1
   prop. index: 1
     Multiplicity:                          1
     Charge:                                0
     number of atoms:                       93
     number of electrons:                   0
     number of frozen core electrons:       1
     number of correlated electrons:        0
     number of basis functions:             888
     number of aux C basis functions:       0
     number of aux J basis functions:       2809
     number of aux JK basis functions:      0
     number of aux CABS basis functions:    0
     Total Energy                           -2112.633008
# -----------------------------------------------------------
$ SCF_Electric_Properties
   description: The SCF Calculated Electric Properties
   geom. index: 1
   prop. index: 1
       Filename                          : 199.scfp 
       Do Dipole Moment Calculation      : true 
       Do Quadrupole Moment Calculation  : false 
       Do Polarizability Calculation     : true 
** Dipole moment part of electric properties **
        Magnitude of dipole moment (Debye) :        2.8222263308
        Electronic Contribution:
                  0    
      0     -71.558443
      1      -6.952556
      2      20.595355
        Nuclear Contribution:
                  0    
      0      71.549040
      1       5.877577
      2     -20.317583
        Total Dipole moment:
                  0    
      0      -0.009403
      1      -1.074979
      2       0.277772
** Polarizabilities part of electric properties **
        Isotropic polarizability :      459.9717160159
        The raw cartesian tensor (atomic units):
                  0          1          2    
      0     598.065144  13.301956   8.347529
      1      13.301956 364.486745 -48.186863
      2       8.347529 -48.186863 417.363259
        Diagonalised polarizability tensor :
                  0    
      0     335.024823
      1     445.887145
      2     599.003180
# -------------------------------------------------------------
----------------------- !GEOMETRIES! ------------------------
# -------------------------------------------------------------
------------------------ !GEOMETRY! -------------------------
    Number of atoms:    93 
    Geometry Index:     1 
    Coordinates:
               0 C    -10.235205000000    2.374968000000    1.026589000000
               1 C     -9.907300000000    2.174652000000   -0.426871000000
               2 O     -8.632079000000    1.586197000000   -0.633550000000
               3 C     -8.299803000000    0.340613000000   -0.152848000000
               4 O     -9.213251000000   -0.275238000000    0.501694000000
               5 C     -7.017543000000   -0.318777000000   -0.325518000000
               6 C     -6.872093000000   -0.656960000000   -1.838148000000
               7 C     -5.669896000000   -1.551683000000   -1.939085000000
               8 C     -4.424589000000   -0.747253000000   -1.460232000000
               9 C     -4.545607000000   -0.344415000000   -0.078564000000
              10 C     -5.845908000000    0.527024000000    0.063824000000
              11 C     -4.733488000000   -1.305742000000    1.027506000000
              12 C     -5.983141000000   -1.934879000000    1.144878000000
              13 O     -6.998016000000   -1.579793000000    0.270994000000
              14 C     -6.252262000000   -2.882647000000    2.101246000000
              15 C     -5.239304000000   -3.209723000000    2.972379000000
              16 C     -3.975407000000   -2.609917000000    2.908576000000
              17 C     -3.751149000000   -1.666074000000    1.936900000000
              18 C     -2.518258000000   -0.855972000000    1.981723000000
              19 C     -2.434821000000    0.234703000000    1.098844000000
              20 O     -3.455335000000    0.529671000000    0.236285000000
              21 C     -1.274643000000    1.026745000000    1.118815000000
              22 C     -0.234273000000    0.768481000000    1.965504000000
              23 C     -0.358198000000   -0.301632000000    2.805639000000
              24 C     -1.496745000000   -1.128299000000    2.826780000000
              25 O      0.665098000000   -0.606636000000    3.681906000000
              26 C      0.985232000000    1.655261000000    1.984174000000
              27 C      2.114408000000    0.954022000000    1.402045000000
              28 C      2.764466000000    1.216897000000    0.299346000000
              29 C      3.903719000000    0.308691000000   -0.044470000000
              30 C      5.194139000000    1.064821000000   -0.115098000000
              31 C      6.304322000000    0.129589000000   -0.381926000000
              32 C      7.093105000000    0.193243000000   -1.443509000000
              33 C      6.930308000000    1.214835000000   -2.476668000000
              34 C      8.186190000000   -0.839194000000   -1.502994000000
              35 C      9.511168000000   -0.073591000000   -1.502094000000
              36 C      9.549070000000    0.775596000000   -0.267860000000
              37 C     10.444358000000    0.660766000000    0.688349000000
              38 C     10.363252000000    1.584705000000    1.873328000000
              39 C     11.535326000000   -0.349797000000    0.651807000000
              40 C      2.384232000000    2.307820000000   -0.535556000000
              41 O      1.457139000000    3.122646000000   -0.366883000000
              42 O      3.126614000000    2.524233000000   -1.712536000000
              43 O     -3.025777000000   -2.993253000000    3.816963000000
              44 C     -3.261550000000   -1.422961000000   -2.017672000000
              45 C     -2.208226000000   -1.873796000000   -1.462704000000
              46 C     -3.323971000000   -1.597457000000   -3.544399000000
              47 H    -10.831335000000    1.538573000000    1.454131000000
              48 H    -10.914434000000    3.273212000000    1.080970000000
              49 H     -9.365621000000    2.554683000000    1.669723000000
              50 H     -9.975834000000    3.124444000000   -0.988563000000
              51 H    -10.734231000000    1.518368000000   -0.836172000000
              52 H     -6.814691000000    0.225552000000   -2.456853000000
              53 H     -7.769121000000   -1.239862000000   -2.091403000000
              54 H     -5.529964000000   -1.748759000000   -3.032194000000
              55 H     -5.745791000000   -2.509148000000   -1.434276000000
              56 H     -4.581918000000    0.227536000000   -2.079149000000
              57 H     -5.748975000000    1.457779000000   -0.491355000000
              58 H     -5.924031000000    0.756444000000    1.147314000000
              59 H     -7.221653000000   -3.360779000000    2.175644000000
              60 H     -5.374846000000   -3.950536000000    3.748484000000
              61 H     -1.217500000000    1.870988000000    0.432100000000
              62 H     -1.526551000000   -1.951796000000    3.497986000000
              63 H      0.625023000000   -1.396394000000    4.318580000000
              64 H      0.767923000000    2.663266000000    1.674837000000
              65 H      1.230434000000    1.754573000000    3.106725000000
              66 H      2.469084000000    0.069840000000    1.987671000000
              67 H      3.954309000000   -0.551679000000    0.614000000000
              68 H      3.666348000000   -0.068937000000   -1.080070000000
              69 H      5.349330000000    1.581666000000    0.878316000000
              70 H      5.135866000000    1.851498000000   -0.861014000000
              71 H      6.449003000000   -0.658921000000    0.384112000000
              72 H      7.414689000000    2.187716000000   -2.270687000000
              73 H      7.350809000000    0.849970000000   -3.461480000000
              74 H      5.836168000000    1.372862000000   -2.731314000000
              75 H      8.113359000000   -1.364434000000   -2.473902000000
              76 H      8.152710000000   -1.543834000000   -0.670928000000
              77 H      9.602143000000    0.555147000000   -2.379822000000
              78 H     10.290385000000   -0.869123000000   -1.459921000000
              79 H      8.774613000000    1.555412000000   -0.142821000000
              80 H      9.943014000000    2.551065000000    1.488866000000
              81 H     11.378413000000    1.799500000000    2.239675000000
              82 H      9.716474000000    1.149932000000    2.650407000000
              83 H     12.000210000000   -0.439552000000   -0.350480000000
              84 H     11.064364000000   -1.329842000000    0.952274000000
              85 H     12.320747000000   -0.074487000000    1.396078000000
              86 H      2.765925000000    3.101537000000   -2.459355000000
              87 H     -3.143132000000   -3.669354000000    4.533722000000
              88 H     -1.857967000000   -1.901024000000   -0.453378000000
              89 H     -1.445572000000   -2.364316000000   -2.161685000000
              90 H     -2.283033000000   -1.530592000000   -3.951936000000
              91 H     -3.845738000000   -0.711580000000   -3.945061000000
              92 H     -3.843707000000   -2.507104000000   -3.812205000000
