-------------------------------------------------------------
----------------------- !PROPERTIES! ------------------------
-------------------------------------------------------------
# -----------------------------------------------------------
$ SCF_Energy
   description: The SCF energy
   geom. index: 1
   prop. index: 1
        SCF Energy:    -2283.5535255393
# -----------------------------------------------------------
$ DFT_Energy
   description: The DFT energy
   geom. index: 1
   prop. index: 1
   Number of Alpha Electrons                133.9997778117 
   Number of Beta  Electrons                133.9997778117 
   Total number of  Electrons               267.9995556233 
   Exchange energy                         -202.4161157012 
   Correlation energy                       -11.2563417281 
   Correlation energy NL                      0.0000000000 
   Exchange-Correlation energy             -213.6724574293 
   Embedding correction                       0.0000000000 
   Total DFT Energy (No VdW correction)   -2283.5535255393 
# -----------------------------------------------------------
$ Mayer_Pop
   description: The Mayer population analysis
   geom. index: 1
   prop. index: 1
     Number of atoms                     : 53
     Threshold for printing              : 0.1000000
     Number of bond orders printed       : 56
  NA   - Mulliken gross atomic population
  ZA   - Total nuclear charge
  QA   - Mulliken gross atomic charge
  VA   - Mayer's total valence
  BVA  - Mayer's bonded valence
  FA   - Mayer's free valence
  ATOM       NA         ZA         QA         VA         BVA        FA
  0   0     6.0529     6.0000    -0.0529     3.9633     3.9633     0.0000
  1   0     6.0719     6.0000    -0.0719     3.9866     3.9866    -0.0000
  2   0    15.1581    16.0000     0.8419     5.0968     5.0968    -0.0000
  3   0     8.4719     8.0000    -0.4719     1.9036     1.9036    -0.0000
  4   0     8.4998     8.0000    -0.4998     1.8867     1.8867    -0.0000
  5   0     7.4516     7.0000    -0.4516     3.0220     3.0220     0.0000
  6   0     5.7667     6.0000     0.2333     3.8956     3.8956    -0.0000
  7   0     5.9005     6.0000     0.0995     3.9196     3.9196    -0.0000
  8   0     5.9639     6.0000     0.0361     3.8864     3.8864    -0.0000
  9   0     6.0072     6.0000    -0.0072     3.8911     3.8911    -0.0000
 10   0     6.0470     6.0000    -0.0470     3.7887     3.7887     0.0000
 11   0     5.6926     6.0000     0.3074     3.8733     3.8733     0.0000
 12   0     6.0301     6.0000    -0.0301     3.7781     3.7781    -0.0000
 13   0     6.0021     6.0000    -0.0021     3.8544     3.8544    -0.0000
 14   0     9.2086     9.0000    -0.2086     1.1574     1.1574    -0.0000
 15   0     7.2136     7.0000    -0.2136     3.1309     3.1309    -0.0000
 16   0     5.9197     6.0000     0.0803     4.2426     4.2426     0.0000
 17   0     7.1547     7.0000    -0.1547     3.0954     3.0954    -0.0000
 18   0     5.9058     6.0000     0.0942     4.0084     4.0084     0.0000
 19   0     6.0493     6.0000    -0.0493     3.7433     3.7433    -0.0000
 20   0     5.9260     6.0000     0.0740     3.9995     3.9995    -0.0000
 21   0     7.0999     7.0000    -0.0999     3.1494     3.1494    -0.0000
 22   0     5.8514     6.0000     0.1486     3.9897     3.9897    -0.0000
 23   0     7.1331     7.0000    -0.1331     2.9814     2.9814    -0.0000
 24   0     7.1071     7.0000    -0.1071     2.9588     2.9588    -0.0000
 25   0     5.9986     6.0000     0.0014     3.9778     3.9778     0.0000
 26   0     8.1280     8.0000    -0.1280     2.4544     2.4544    -0.0000
 27   0     5.4473     6.0000     0.5527     4.1322     4.1322     0.0000
 28   0     9.2360     9.0000    -0.2360     1.1097     1.1097    -0.0000
 29   0     9.2044     9.0000    -0.2044     1.1478     1.1478     0.0000
 30   0     5.9222     6.0000     0.0778     3.8640     3.8640     0.0000
 31   0     5.4638     6.0000     0.5362     4.4259     4.4259    -0.0000
 32   0     9.1704     9.0000    -0.1704     1.1962     1.1962    -0.0000
 33   0     9.1870     9.0000    -0.1870     1.1687     1.1687    -0.0000
 34   0     9.2007     9.0000    -0.2007     1.1553     1.1553     0.0000
 35   0     0.9597     1.0000     0.0403     0.9841     0.9841     0.0000
 36   0     0.9335     1.0000     0.0665     1.0052     1.0052     0.0000
 37   0     0.9645     1.0000     0.0355     1.0160     1.0160    -0.0000
 38   0     0.9305     1.0000     0.0695     0.9889     0.9889     0.0000
 39   0     0.8920     1.0000     0.1080     0.9936     0.9936    -0.0000
 40   0     0.9858     1.0000     0.0142     1.0421     1.0421     0.0000
 41   0     0.9571     1.0000     0.0429     0.9976     0.9976     0.0000
 42   0     0.9899     1.0000     0.0101     1.0010     1.0010    -0.0000
 43   0     1.0268     1.0000    -0.0268     0.9892     0.9892    -0.0000
 44   0     1.0079     1.0000    -0.0079     0.9901     0.9901    -0.0000
 45   0     1.0181     1.0000    -0.0181     0.9914     0.9914    -0.0000
 46   0     1.0389     1.0000    -0.0389     0.9900     0.9900     0.0000
 47   0     0.8652     1.0000     0.1348     1.0274     1.0274    -0.0000
 48   0     0.9610     1.0000     0.0390     1.0119     1.0119     0.0000
 49   0     0.9863     1.0000     0.0137     0.9970     0.9970    -0.0000
 50   0     0.9658     1.0000     0.0342     1.0032     1.0032     0.0000
 51   0     0.9338     1.0000     0.0662     1.0512     1.0512     0.0000
 52   0     0.9394     1.0000     0.0606     1.0087     1.0087     0.0000
      Bond orders larger than 0.1000000
           Atom A     A.N. of A          Atom B    A.N. of B              Bond order
                0             6               1            6                1.071823
                0             6              35            1                0.942328
                0             6              36            1                0.949790
                0             6              37            1                0.959730
                1             6               2           16                0.871288
                1             6              38            1                0.917709
                1             6              39            1                0.918327
                2            16               3            8                1.630250
                2            16               4            8                1.562622
                2            16               5            7                0.909954
                5             7               6            6                0.961673
                5             7              30            6                0.962802
                6             6               7            6                1.043625
                6             6              40            1                0.909605
                6             6              41            1                0.920972
                7             6               8            6                0.974573
                7             6              15            7                0.953665
                7             6              42            1                0.883423
                8             6               9            6                1.408756
                8             6              13            6                1.375278
                9             6              10            6                1.350709
                9             6              43            1                0.979139
               10             6              11            6                1.351773
               10             6              44            1                0.992348
               11             6              12            6                1.349896
               11             6              14            9                1.079111
               12             6              13            6                1.356579
               12             6              45            1                0.994500
               13             6              46            1                0.982757
               15             7              16            6                1.139160
               15             7              47            1                0.899187
               16             6              17            7                1.401831
               16             6              21            7                1.468614
               17             7              18            6                1.528604
               18             6              19            6                1.348203
               18             6              48            1                0.976115
               19             6              20            6                1.317371
               19             6              22            6                1.026132
               20             6              21            7                1.554745
               20             6              49            1                0.989090
               22             6              23            7                1.597624
               22             6              25            6                0.106192
               22             6              26            8                1.202041
               23             7              24            7                1.266345
               24             7              25            6                1.578476
               25             6              26            8                1.189292
               25             6              27            6                1.004270
               27             6              28            9                1.056112
               27             6              29            9                1.098170
               27             6              50            1                0.947047
               30             6              31            6                1.013129
               30             6              51            1                0.895119
               30             6              52            1                0.913796
               31             6              32            9                1.147791
               31             6              33            9                1.123732
               31             6              34            9                1.087408
# -----------------------------------------------------------
$ Calculation_Info
   description: Details of the calculation
   geom. index: 1
   prop. index: 1
     Multiplicity:                          1
     Charge:                                0
     number of atoms:                       53
     number of electrons:                   0
     number of frozen core electrons:       1
     number of correlated electrons:        0
     number of basis functions:             584
     number of aux C basis functions:       0
     number of aux J basis functions:       1915
     number of aux JK basis functions:      0
     number of aux CABS basis functions:    0
     Total Energy                           -2283.553526
# -----------------------------------------------------------
$ SCF_Electric_Properties
   description: The SCF Calculated Electric Properties
   geom. index: 1
   prop. index: 1
       Filename                          : 229.scfp 
       Do Dipole Moment Calculation      : true 
       Do Quadrupole Moment Calculation  : false 
       Do Polarizability Calculation     : true 
** Dipole moment part of electric properties **
        Magnitude of dipole moment (Debye) :        5.8778470598
        Electronic Contribution:
                  0    
      0      22.977934
      1       0.008290
      2      15.780783
        Nuclear Contribution:
                  0    
      0     -21.156996
      1       0.700602
      2     -17.017391
        Total Dipole moment:
                  0    
      0       1.820939
      1       0.708892
      2      -1.236608
** Polarizabilities part of electric properties **
        Isotropic polarizability :      283.4072514608
        The raw cartesian tensor (atomic units):
                  0          1          2    
      0     371.493514  -1.864912 -18.688385
      1      -1.864912 263.870949   0.631429
      2     -18.688385   0.631429 214.857292
        Diagonalised polarizability tensor :
                  0    
      0     212.655163
      1     263.840455
      2     373.726136
# -------------------------------------------------------------
----------------------- !GEOMETRIES! ------------------------
# -------------------------------------------------------------
------------------------ !GEOMETRY! -------------------------
    Number of atoms:    53 
    Geometry Index:     1 
    Coordinates:
               0 C     -3.108413000000    1.800224000000   -2.058880000000
               1 C     -3.585071000000    2.543834000000   -0.862502000000
               2 S     -4.344619000000    1.584879000000    0.388096000000
               3 O     -5.684938000000    1.042260000000   -0.116575000000
               4 O     -4.763407000000    2.581985000000    1.478051000000
               5 N     -3.430461000000    0.402602000000    1.140736000000
               6 C     -2.891458000000   -0.650742000000    0.409308000000
               7 C     -1.408903000000   -0.786880000000    0.477826000000
               8 C     -0.894561000000   -1.906326000000   -0.357791000000
               9 C     -0.621074000000   -3.164749000000    0.129074000000
              10 C     -0.145762000000   -4.199606000000   -0.642284000000
              11 C      0.078384000000   -3.992336000000   -1.982057000000
              12 C     -0.181423000000   -2.751041000000   -2.508896000000
              13 C     -0.655476000000   -1.728808000000   -1.725722000000
              14 F      0.549094000000   -5.008685000000   -2.757724000000
              15 N     -0.738450000000    0.450390000000    0.230517000000
              16 C      0.706296000000    0.434963000000    0.158464000000
              17 N      1.394831000000   -0.724713000000    0.322170000000
              18 C      2.748446000000   -0.755517000000    0.257342000000
              19 C      3.456573000000    0.402220000000    0.021616000000
              20 C      2.739567000000    1.567086000000   -0.141501000000
              21 N      1.412187000000    1.544500000000   -0.068853000000
              22 C      4.910514000000    0.359773000000   -0.046471000000
              23 N      5.672880000000   -0.732271000000    0.101653000000
              24 N      6.945079000000   -0.396426000000   -0.022021000000
              25 C      6.985104000000    0.935951000000   -0.253043000000
              26 O      5.753887000000    1.341759000000   -0.258937000000
              27 C      8.207744000000    1.779583000000   -0.461399000000
              28 F      8.113885000000    2.267410000000   -1.763828000000
              29 F      8.218140000000    2.861923000000    0.380050000000
              30 C     -2.994644000000    0.658511000000    2.460090000000
              31 C     -3.942237000000    0.197187000000    3.537989000000
              32 F     -5.175654000000    0.804886000000    3.438897000000
              33 F     -4.131884000000   -1.156684000000    3.553970000000
              34 F     -3.401531000000    0.555562000000    4.757452000000
              35 H     -3.121092000000    2.546164000000   -2.916757000000
              36 H     -3.844284000000    1.029210000000   -2.399636000000
              37 H     -2.076507000000    1.443228000000   -2.033036000000
              38 H     -2.715504000000    3.117355000000   -0.433491000000
              39 H     -4.337120000000    3.315922000000   -1.196180000000
              40 H     -3.119654000000   -0.457212000000   -0.685823000000
              41 H     -3.400550000000   -1.646984000000    0.565226000000
              42 H     -1.091713000000   -1.096475000000    1.533041000000
              43 H     -0.794663000000   -3.344173000000    1.193206000000
              44 H      0.055294000000   -5.181836000000   -0.204256000000
              45 H     -0.001309000000   -2.598002000000   -3.566487000000
              46 H     -0.869645000000   -0.739571000000   -2.112278000000
              47 H     -1.178478000000    1.381819000000    0.109025000000
              48 H      3.252949000000   -1.717332000000    0.396562000000
              49 H      3.245352000000    2.504060000000   -0.328788000000
              50 H      9.114096000000    1.160382000000   -0.401983000000
              51 H     -2.951853000000    1.786539000000    2.573347000000
              52 H     -1.957964000000    0.334206000000    2.693489000000
