-------------------------------------------------------------
----------------------- !PROPERTIES! ------------------------
-------------------------------------------------------------
# -----------------------------------------------------------
$ SCF_Energy
   description: The SCF energy
   geom. index: 1
   prop. index: 1
        SCF Energy:    -1868.4260688671
# -----------------------------------------------------------
$ DFT_Energy
   description: The DFT energy
   geom. index: 1
   prop. index: 1
   Number of Alpha Electrons                110.0000012045 
   Number of Beta  Electrons                110.0000012045 
   Total number of  Electrons               220.0000024090 
   Exchange energy                         -165.2323889559 
   Correlation energy                        -9.2067244802 
   Correlation energy NL                      0.0000000000 
   Exchange-Correlation energy             -174.4391134361 
   Embedding correction                       0.0000000000 
   Total DFT Energy (No VdW correction)   -1868.4260688671 
# -----------------------------------------------------------
$ Mayer_Pop
   description: The Mayer population analysis
   geom. index: 1
   prop. index: 1
     Number of atoms                     : 44
     Threshold for printing              : 0.1000000
     Number of bond orders printed       : 47
  NA   - Mulliken gross atomic population
  ZA   - Total nuclear charge
  QA   - Mulliken gross atomic charge
  VA   - Mayer's total valence
  BVA  - Mayer's bonded valence
  FA   - Mayer's free valence
  ATOM       NA         ZA         QA         VA         BVA        FA
  0   0     6.0353     6.0000    -0.0353     3.8728     3.8728     0.0000
  1   0    15.1848    16.0000     0.8152     5.1890     5.1890    -0.0000
  2   0     8.5002     8.0000    -0.5002     1.8868     1.8868    -0.0000
  3   0     8.4668     8.0000    -0.4668     1.9321     1.9321    -0.0000
  4   0     7.3552     7.0000    -0.3552     2.9630     2.9630     0.0000
  5   0     5.8396     6.0000     0.1604     3.9017     3.9017    -0.0000
  6   0     5.8817     6.0000     0.1183     4.0602     4.0602    -0.0000
  7   0     6.0029     6.0000    -0.0029     3.7953     3.7953    -0.0000
  8   0     5.9688     6.0000     0.0312     3.8467     3.8467     0.0000
  9   0     6.0596     6.0000    -0.0596     3.8004     3.8004     0.0000
 10   0     5.6747     6.0000     0.3253     3.8349     3.8349     0.0000
 11   0     6.0469     6.0000    -0.0469     3.8000     3.8000    -0.0000
 12   0     6.0022     6.0000    -0.0022     3.8185     3.8185    -0.0000
 13   0     9.2204     9.0000    -0.2204     1.1411     1.1411     0.0000
 14   0     7.1746     7.0000    -0.1746     3.1863     3.1863    -0.0000
 15   0     5.9071     6.0000     0.0929     4.2280     4.2280    -0.0000
 16   0     7.1207     7.0000    -0.1207     3.1302     3.1302     0.0000
 17   0     5.9217     6.0000     0.0783     3.9956     3.9956     0.0000
 18   0     6.0635     6.0000    -0.0635     3.7768     3.7768    -0.0000
 19   0     5.8904     6.0000     0.1096     4.0131     4.0131     0.0000
 20   0     7.1396     7.0000    -0.1396     3.1218     3.1218     0.0000
 21   0     5.8646     6.0000     0.1354     3.9948     3.9948    -0.0000
 22   0     7.1278     7.0000    -0.1278     2.9957     2.9957    -0.0000
 23   0     7.0931     7.0000    -0.0931     2.9591     2.9591    -0.0000
 24   0     6.0026     6.0000    -0.0026     3.9499     3.9499     0.0000
 25   0     8.1183     8.0000    -0.1183     2.4425     2.4425    -0.0000
 26   0     5.4430     6.0000     0.5570     4.1564     4.1564     0.0000
 27   0     9.1953     9.0000    -0.1953     1.1611     1.1611     0.0000
 28   0     9.2302     9.0000    -0.2302     1.1208     1.1208    -0.0000
 29   0     0.9318     1.0000     0.0682     0.9987     0.9987     0.0000
 30   0     0.9030     1.0000     0.0970     1.0094     1.0094     0.0000
 31   0     0.9439     1.0000     0.0561     1.0112     1.0112    -0.0000
 32   0     0.8607     1.0000     0.1393     0.9938     0.9938     0.0000
 33   0     1.0121     1.0000    -0.0121     0.9949     0.9949    -0.0000
 34   0     0.9291     1.0000     0.0709     1.0612     1.0612     0.0000
 35   0     1.0011     1.0000    -0.0011     0.9798     0.9798    -0.0000
 36   0     1.0016     1.0000    -0.0016     1.0201     1.0201     0.0000
 37   0     1.0112     1.0000    -0.0112     0.9900     0.9900     0.0000
 38   0     1.0193     1.0000    -0.0193     0.9905     0.9905     0.0000
 39   0     1.0497     1.0000    -0.0497     0.9969     0.9969     0.0000
 40   0     0.8532     1.0000     0.1468     0.9950     0.9950    -0.0000
 41   0     0.9897     1.0000     0.0103     0.9975     0.9975     0.0000
 42   0     0.9671     1.0000     0.0329     1.0149     1.0149     0.0000
 43   0     0.9950     1.0000     0.0050     0.9932     0.9932     0.0000
      Bond orders larger than 0.1000000
           Atom A     A.N. of A          Atom B    A.N. of B              Bond order
                0             6               1           16                0.872993
                0             6              29            1                0.947063
                0             6              30            1                0.947886
                0             6              31            1                0.947341
                1            16               2            8                1.598197
                1            16               3            8                1.697233
                1            16               4            7                0.915901
                4             7               5            6                0.928624
                4             7              32            1                0.911328
                5             6               6            6                1.092025
                5             6              33            1                0.913457
                5             6              34            1                0.883436
                6             6               7            6                0.942417
                6             6              14            7                1.042132
                6             6              35            1                0.888404
                7             6               8            6                1.444707
                7             6              12            6                1.362338
                8             6               9            6                1.319925
                8             6              36            1                0.968504
                9             6              10            6                1.372019
                9             6              37            1                0.992096
               10             6              11            6                1.334289
               10             6              13            9                1.058628
               11             6              12            6                1.372743
               11             6              38            1                0.994296
               12             6              39            1                0.991588
               14             7              15            6                1.130368
               14             7              40            1                0.910048
               15             6              16            7                1.459054
               15             6              20            7                1.423256
               16             7              17            6                1.541615
               17             6              18            6                1.331418
               17             6              41            1                0.982326
               18             6              19            6                1.364736
               18             6              21            6                1.016319
               19             6              20            7                1.524707
               19             6              42            1                0.972497
               21             6              22            7                1.619056
               21             6              24            6                0.102083
               21             6              25            8                1.206631
               22             7              23            7                1.255640
               23             7              24            6                1.596904
               24             6              25            8                1.164933
               24             6              26            6                1.002348
               26             6              27            9                1.115129
               26             6              28            9                1.076147
               26             6              43            1                0.939596
# -----------------------------------------------------------
$ Calculation_Info
   description: Details of the calculation
   geom. index: 1
   prop. index: 1
     Multiplicity:                          1
     Charge:                                0
     number of atoms:                       44
     number of electrons:                   0
     number of frozen core electrons:       1
     number of correlated electrons:        0
     number of basis functions:             485
     number of aux C basis functions:       0
     number of aux J basis functions:       1588
     number of aux JK basis functions:      0
     number of aux CABS basis functions:    0
     Total Energy                           -1868.426069
# -----------------------------------------------------------
$ SCF_Electric_Properties
   description: The SCF Calculated Electric Properties
   geom. index: 1
   prop. index: 1
       Filename                          : 256.scfp 
       Do Dipole Moment Calculation      : true 
       Do Quadrupole Moment Calculation  : false 
       Do Polarizability Calculation     : true 
** Dipole moment part of electric properties **
        Magnitude of dipole moment (Debye) :       10.9292053843
        Electronic Contribution:
                  0    
      0      36.573327
      1     -13.161846
      2      -6.793744
        Nuclear Contribution:
                  0    
      0     -36.678577
      1      15.415848
      2      10.453883
        Total Dipole moment:
                  0    
      0      -0.105249
      1       2.254002
      2       3.660139
** Polarizabilities part of electric properties **
        Isotropic polarizability :      247.0490807256
        The raw cartesian tensor (atomic units):
                  0          1          2    
      0     319.336484  -5.585381 -18.024865
      1      -5.585381 206.976909  -1.609270
      2     -18.024865  -1.609270 214.833849
        Diagonalised polarizability tensor :
                  0    
      0     205.708657
      1     212.842673
      2     322.595912
# -------------------------------------------------------------
----------------------- !GEOMETRIES! ------------------------
# -------------------------------------------------------------
------------------------ !GEOMETRY! -------------------------
    Number of atoms:    44 
    Geometry Index:     1 
    Coordinates:
               0 C     -3.760874000000    3.787388000000   -1.264035000000
               1 S     -3.962359000000    2.060302000000   -1.680714000000
               2 O     -2.889070000000    1.752558000000   -2.706600000000
               3 O     -5.313108000000    1.790671000000   -2.242731000000
               4 N     -3.680098000000    1.050365000000   -0.331452000000
               5 C     -2.319294000000    1.204837000000    0.145484000000
               6 C     -2.043505000000    0.339385000000    1.318273000000
               7 C     -2.202974000000   -1.124678000000    1.050425000000
               8 C     -2.549216000000   -1.590358000000   -0.177466000000
               9 C     -2.696681000000   -2.959418000000   -0.392295000000
              10 C     -2.488767000000   -3.835776000000    0.648277000000
              11 C     -2.137775000000   -3.375900000000    1.895211000000
              12 C     -1.993448000000   -2.023804000000    2.102776000000
              13 F     -2.630672000000   -5.182313000000    0.449157000000
              14 N     -0.802637000000    0.532682000000    1.978683000000
              15 C      0.474974000000    0.370190000000    1.329056000000
              16 N      1.632253000000    0.560107000000    1.980508000000
              17 C      2.836563000000    0.412232000000    1.387694000000
              18 C      2.915986000000    0.052024000000    0.059658000000
              19 C      1.725179000000   -0.142463000000   -0.607244000000
              20 N      0.539649000000    0.018909000000    0.034457000000
              21 C      4.201205000000   -0.118031000000   -0.617912000000
              22 N      4.367672000000   -0.461652000000   -1.889048000000
              23 N      5.666142000000   -0.522543000000   -2.165480000000
              24 C      6.286736000000   -0.202855000000   -1.014166000000
              25 O      5.376321000000    0.035350000000   -0.100925000000
              26 C      7.758364000000   -0.147847000000   -0.871127000000
              27 F      8.325840000000    0.711540000000   -1.771739000000
              28 F      8.278532000000   -1.436525000000   -1.040642000000
              29 H     -4.707871000000    4.190122000000   -0.841125000000
              30 H     -3.549422000000    4.328830000000   -2.191876000000
              31 H     -2.974143000000    3.880225000000   -0.512956000000
              32 H     -4.380003000000    1.111909000000    0.415158000000
              33 H     -2.155677000000    2.258814000000    0.429268000000
              34 H     -1.627929000000    0.984367000000   -0.720291000000
              35 H     -2.871070000000    0.567680000000    2.066358000000
              36 H     -2.719718000000   -0.950905000000   -1.032388000000
              37 H     -2.973825000000   -3.318203000000   -1.378008000000
              38 H     -1.974930000000   -4.067001000000    2.711100000000
              39 H     -1.717201000000   -1.630822000000    3.076044000000
              40 H     -0.791339000000    0.807834000000    2.990860000000
              41 H      3.762432000000    0.572995000000    1.941328000000
              42 H      1.774437000000   -0.425871000000   -1.651541000000
              43 H      7.991320000000    0.135648000000    0.161929000000
