-------------------------------------------------------------
----------------------- !PROPERTIES! ------------------------
-------------------------------------------------------------
# -----------------------------------------------------------
$ SCF_Energy
   description: The SCF energy
   geom. index: 1
   prop. index: 1
        SCF Energy:    -1783.0411443305
# -----------------------------------------------------------
$ DFT_Energy
   description: The DFT energy
   geom. index: 1
   prop. index: 1
   Number of Alpha Electrons                124.0000961917 
   Number of Beta  Electrons                124.0000961917 
   Total number of  Electrons               248.0001923833 
   Exchange energy                         -167.7949128082 
   Correlation energy                        -9.9152746443 
   Correlation energy NL                      0.0000000000 
   Exchange-Correlation energy             -177.7101874525 
   Embedding correction                       0.0000000000 
   Total DFT Energy (No VdW correction)   -1783.0411443305 
# -----------------------------------------------------------
$ Mayer_Pop
   description: The Mayer population analysis
   geom. index: 1
   prop. index: 1
     Number of atoms                     : 76
     Threshold for printing              : 0.1000000
     Number of bond orders printed       : 78
  NA   - Mulliken gross atomic population
  ZA   - Total nuclear charge
  QA   - Mulliken gross atomic charge
  VA   - Mayer's total valence
  BVA  - Mayer's bonded valence
  FA   - Mayer's free valence
  ATOM       NA         ZA         QA         VA         BVA        FA
  0   0     5.9152     6.0000     0.0848     3.9399     3.9399    -0.0000
  1   0     6.0840     6.0000    -0.0840     4.1745     4.1745    -0.0000
  2   0     5.8103     6.0000     0.1897     3.8832     3.8832     0.0000
  3   0     6.1475     6.0000    -0.1475     4.0504     4.0504     0.0000
  4   0     5.9732     6.0000     0.0268     3.9809     3.9809     0.0000
  5   0     6.0623     6.0000    -0.0623     4.0063     4.0063     0.0000
  6   0     5.9033     6.0000     0.0967     3.9741     3.9741     0.0000
  7   0     6.0915     6.0000    -0.0915     3.8331     3.8331    -0.0000
  8   0     5.8675     6.0000     0.1325     4.0520     4.0520     0.0000
  9   0     5.8290     6.0000     0.1710     3.8417     3.8417    -0.0000
 10   0     6.1678     6.0000    -0.1678     4.3111     4.3111     0.0000
 11   0     5.7051     6.0000     0.2949     3.9472     3.9472     0.0000
 12   0     8.3607     8.0000    -0.3607     2.0548     2.0548    -0.0000
 13   0     5.6506     6.0000     0.3494     3.8695     3.8695     0.0000
 14   0     8.4797     8.0000    -0.4797     2.1190     2.1190     0.0000
 15   0    13.5146    14.0000     0.4854     4.4658     4.4658    -0.0000
 16   0     6.1583     6.0000    -0.1583     3.9060     3.9060     0.0000
 17   0     6.1710     6.0000    -0.1710     3.8990     3.8990    -0.0000
 18   0     6.4465     6.0000    -0.4465     4.1267     4.1267     0.0000
 19   0     5.9069     6.0000     0.0931     3.8882     3.8882    -0.0000
 20   0     5.9179     6.0000     0.0821     3.9064     3.9064     0.0000
 21   0     5.9152     6.0000     0.0848     3.9032     3.9032    -0.0000
 22   0     8.4158     8.0000    -0.4158     2.1855     2.1855    -0.0000
 23   0    13.3921    14.0000     0.6079     4.2534     4.2534    -0.0000
 24   0     6.1951     6.0000    -0.1951     3.9127     3.9127    -0.0000
 25   0     6.1836     6.0000    -0.1836     3.8909     3.8909     0.0000
 26   0     6.4714     6.0000    -0.4714     4.1305     4.1305     0.0000
 27   0     5.9015     6.0000     0.0985     3.9310     3.9310    -0.0000
 28   0     5.8948     6.0000     0.1052     3.9159     3.9159    -0.0000
 29   0     5.9200     6.0000     0.0800     3.9507     3.9507     0.0000
 30   0     1.0172     1.0000    -0.0172     0.9883     0.9883     0.0000
 31   0     0.9962     1.0000     0.0038     1.0087     1.0087    -0.0000
 32   0     0.9843     1.0000     0.0157     0.9989     0.9989    -0.0000
 33   0     1.0328     1.0000    -0.0328     0.9780     0.9780    -0.0000
 34   0     1.0091     1.0000    -0.0091     0.9825     0.9825     0.0000
 35   0     0.9960     1.0000     0.0040     0.9927     0.9927     0.0000
 36   0     1.0144     1.0000    -0.0144     0.9744     0.9744     0.0000
 37   0     1.0351     1.0000    -0.0351     0.9798     0.9798     0.0000
 38   0     0.9749     1.0000     0.0251     0.9797     0.9797     0.0000
 39   0     1.0352     1.0000    -0.0352     1.0057     1.0057     0.0000
 40   0     0.9506     1.0000     0.0494     1.0169     1.0169     0.0000
 41   0     0.9946     1.0000     0.0054     1.0095     1.0095    -0.0000
 42   0     1.0163     1.0000    -0.0163     1.0027     1.0027    -0.0000
 43   0     1.0170     1.0000    -0.0170     0.9881     0.9881    -0.0000
 44   0     1.0088     1.0000    -0.0088     1.0018     1.0018     0.0000
 45   0     1.0212     1.0000    -0.0212     0.9758     0.9758     0.0000
 46   0     0.9873     1.0000     0.0127     0.9924     0.9924     0.0000
 47   0     0.9750     1.0000     0.0250     1.0059     1.0059     0.0000
 48   0     0.9456     1.0000     0.0544     0.9995     0.9995     0.0000
 49   0     0.9657     1.0000     0.0343     0.9890     0.9890     0.0000
 50   0     0.9498     1.0000     0.0502     0.9932     0.9932     0.0000
 51   0     0.9795     1.0000     0.0205     0.9948     0.9948     0.0000
 52   0     0.9935     1.0000     0.0065     0.9984     0.9984    -0.0000
 53   0     0.9928     1.0000     0.0072     0.9976     0.9976    -0.0000
 54   0     0.9862     1.0000     0.0138     0.9931     0.9931    -0.0000
 55   0     0.9870     1.0000     0.0130     0.9982     0.9982     0.0000
 56   0     0.9930     1.0000     0.0070     0.9892     0.9892     0.0000
 57   0     0.9883     1.0000     0.0117     0.9995     0.9995     0.0000
 58   0     0.9905     1.0000     0.0095     0.9887     0.9887     0.0000
 59   0     0.9928     1.0000     0.0072     0.9890     0.9890    -0.0000
 60   0     0.9908     1.0000     0.0092     0.9948     0.9948    -0.0000
 61   0     0.9654     1.0000     0.0346     0.9879     0.9879    -0.0000
 62   0     0.9611     1.0000     0.0389     0.9929     0.9929    -0.0000
 63   0     0.9533     1.0000     0.0467     0.9924     0.9924    -0.0000
 64   0     0.9642     1.0000     0.0358     0.9887     0.9887     0.0000
 65   0     0.9684     1.0000     0.0316     0.9995     0.9995     0.0000
 66   0     0.9490     1.0000     0.0510     0.9890     0.9890    -0.0000
 67   0     0.9983     1.0000     0.0017     0.9983     0.9983    -0.0000
 68   0     0.9918     1.0000     0.0082     0.9862     0.9862    -0.0000
 69   0     0.9874     1.0000     0.0126     0.9909     0.9909     0.0000
 70   0     0.9796     1.0000     0.0204     0.9937     0.9937     0.0000
 71   0     0.9935     1.0000     0.0065     0.9953     0.9953    -0.0000
 72   0     1.0120     1.0000    -0.0120     0.9938     0.9938    -0.0000
 73   0     1.0005     1.0000    -0.0005     0.9963     0.9963     0.0000
 74   0     0.9981     1.0000     0.0019     0.9887     0.9887    -0.0000
 75   0     1.0034     1.0000    -0.0034     0.9923     0.9923    -0.0000
      Bond orders larger than 0.1000000
           Atom A     A.N. of A          Atom B    A.N. of B              Bond order
                0             6               1            6                1.061145
                0             6              30            1                0.952279
                0             6              31            1                0.952525
                0             6              32            1                0.956337
                1             6               2            6                1.050648
                1             6               6            6                1.025754
                1             6              33            1                0.898104
                2             6               3            6                1.028874
                2             6              34            1                0.912615
                2             6              35            1                0.912418
                3             6               4            6                1.913522
                3             6              36            1                0.942676
                4             6               5            6                1.023852
                4             6              37            1                0.973610
                5             6               6            6                0.937073
                5             6              11            6                1.111373
                5             6              38            1                0.840325
                6             6               7            6                0.930892
                6             6              12            8                1.011070
                7             6               8            6                1.771943
                7             6              39            1                1.001472
                8             6               9            6                1.045724
                8             6              22            8                1.088213
                9             6              10            6                0.985501
                9             6              40            1                0.881779
                9             6              41            1                0.854157
               10             6              11            6                1.064459
               10             6              12            8                0.947832
               10             6              13            6                1.032264
               11             6              42            1                0.875338
               11             6              43            1                0.881103
               13             6              14            8                0.971907
               13             6              44            1                0.910740
               13             6              45            1                0.904982
               14             8              15           14                1.038945
               15            14              16            6                1.047491
               15            14              17            6                1.042561
               15            14              18            6                0.933694
               16             6              46            1                0.927795
               16             6              47            1                0.948956
               16             6              48            1                0.953979
               17             6              49            1                0.944946
               17             6              50            1                0.953906
               17             6              51            1                0.949940
               18             6              19            6                1.020368
               18             6              20            6                1.039765
               18             6              21            6                1.033905
               19             6              52            1                0.955405
               19             6              53            1                0.959655
               19             6              54            1                0.952496
               20             6              55            1                0.959991
               20             6              56            1                0.951206
               20             6              57            1                0.955337
               21             6              58            1                0.955353
               21             6              59            1                0.952657
               21             6              60            1                0.955359
               22             8              23           14                0.984122
               23            14              24            6                1.038955
               23            14              25            6                1.049085
               23            14              26            6                0.898632
               24             6              61            1                0.925009
               24             6              62            1                0.949958
               24             6              63            1                0.947835
               25             6              64            1                0.941588
               25             6              65            1                0.947110
               25             6              66            1                0.947634
               26             6              27            6                1.042575
               26             6              28            6                1.036071
               26             6              29            6                1.050990
               27             6              67            1                0.946933
               27             6              68            1                0.959383
               27             6              69            1                0.959954
               28             6              70            1                0.957819
               28             6              71            1                0.962920
               28             6              72            1                0.950389
               29             6              73            1                0.950989
               29             6              74            1                0.959542
               29             6              75            1                0.958183
# -----------------------------------------------------------
$ Calculation_Info
   description: Details of the calculation
   geom. index: 1
   prop. index: 1
     Multiplicity:                          1
     Charge:                                0
     number of atoms:                       76
     number of electrons:                   0
     number of frozen core electrons:       1
     number of correlated electrons:        0
     number of basis functions:             658
     number of aux C basis functions:       0
     number of aux J basis functions:       1980
     number of aux JK basis functions:      0
     number of aux CABS basis functions:    0
     Total Energy                           -1783.041144
# -----------------------------------------------------------
$ SCF_Electric_Properties
   description: The SCF Calculated Electric Properties
   geom. index: 1
   prop. index: 1
       Filename                          : 296.scfp 
       Do Dipole Moment Calculation      : true 
       Do Quadrupole Moment Calculation  : false 
       Do Polarizability Calculation     : true 
** Dipole moment part of electric properties **
        Magnitude of dipole moment (Debye) :        2.4786698659
        Electronic Contribution:
                  0    
      0       4.106557
      1      10.905051
      2       0.557343
        Nuclear Contribution:
                  0    
      0      -4.033425
      1     -11.248853
      2      -1.466956
        Total Dipole moment:
                  0    
      0       0.073132
      1      -0.343802
      2      -0.909613
** Polarizabilities part of electric properties **
        Isotropic polarizability :      310.8335681555
        The raw cartesian tensor (atomic units):
                  0          1          2    
      0     329.196846  -0.883740   2.571868
      1      -0.883740 331.190428   7.586155
      2       2.571868   7.586155 272.113430
        Diagonalised polarizability tensor :
                  0    
      0     271.032960
      1     329.214222
      2     332.253523
# -------------------------------------------------------------
----------------------- !GEOMETRIES! ------------------------
# -------------------------------------------------------------
------------------------ !GEOMETRY! -------------------------
    Number of atoms:    76 
    Geometry Index:     1 
    Coordinates:
               0 C     -1.266483000000    4.231213000000    0.585848000000
               1 C     -0.002994000000    3.559515000000    1.043913000000
               2 C      1.157734000000    4.567174000000    0.830094000000
               3 C      1.330694000000    4.764577000000   -0.605932000000
               4 C      1.153758000000    3.881696000000   -1.471549000000
               5 C      0.774669000000    2.534155000000   -1.141244000000
               6 C      0.258990000000    2.315803000000    0.267295000000
               7 C      1.268037000000    1.435270000000    0.971496000000
               8 C      1.507941000000    0.260914000000    0.455216000000
               9 C      0.625520000000   -0.247617000000   -0.614924000000
              10 C     -0.469718000000    0.641992000000   -0.993715000000
              11 C     -0.155330000000    1.752914000000   -1.967533000000
              12 O     -0.848666000000    1.483156000000    0.144324000000
              13 C     -1.766096000000   -0.069997000000   -1.378318000000
              14 O     -2.062673000000   -0.841917000000   -0.250756000000
              15 Si    -3.619730000000   -0.577006000000    0.316234000000
              16 C     -3.996980000000    1.275293000000    0.231986000000
              17 C     -3.481314000000   -0.956104000000    2.187780000000
              18 C     -4.987213000000   -1.561982000000   -0.344442000000
              19 C     -6.308133000000   -1.158238000000    0.306257000000
              20 C     -4.717905000000   -3.035023000000   -0.071257000000
              21 C     -5.085078000000   -1.362192000000   -1.847628000000
              22 O      2.568584000000   -0.423529000000    0.896537000000
              23 Si     3.223247000000   -1.891279000000    0.326867000000
              24 C      2.895756000000   -2.233922000000   -1.471204000000
              25 C      2.479725000000   -3.279618000000    1.363956000000
              26 C      5.080411000000   -1.854887000000    0.555489000000
              27 C      5.531706000000   -3.190884000000    1.142126000000
              28 C      5.526306000000   -0.692860000000    1.401477000000
              29 C      5.792886000000   -1.736941000000   -0.791593000000
              30 H     -1.240494000000    5.297087000000    0.916375000000
              31 H     -1.367019000000    4.256054000000   -0.515691000000
              32 H     -2.192764000000    3.781366000000    1.042645000000
              33 H     -0.051198000000    3.345731000000    2.100279000000
              34 H      0.817999000000    5.496659000000    1.308811000000
              35 H      2.020647000000    4.137251000000    1.346633000000
              36 H      1.729141000000    5.798942000000   -0.885293000000
              37 H      1.230172000000    4.129793000000   -2.545637000000
              38 H      1.809237000000    1.986166000000   -1.229723000000
              39 H      1.743587000000    1.803347000000    1.901293000000
              40 H      0.233531000000   -1.268095000000   -0.442272000000
              41 H      1.330147000000   -0.241796000000   -1.532692000000
              42 H     -1.079901000000    2.351523000000   -2.112044000000
              43 H      0.288835000000    1.355892000000   -2.901063000000
              44 H     -2.516505000000    0.490696000000   -1.841794000000
              45 H     -1.385303000000   -0.820688000000   -2.163403000000
              46 H     -5.077319000000    1.381171000000    0.110410000000
              47 H     -3.510739000000    1.741446000000   -0.659224000000
              48 H     -3.643283000000    1.812818000000    1.105439000000
              49 H     -3.088678000000   -2.008019000000    2.212975000000
              50 H     -2.671521000000   -0.300060000000    2.584084000000
              51 H     -4.413039000000   -0.832811000000    2.698930000000
              52 H     -6.882691000000   -2.013864000000    0.696844000000
              53 H     -6.923181000000   -0.499937000000   -0.330730000000
              54 H     -6.046625000000   -0.524348000000    1.204184000000
              55 H     -4.701083000000   -3.161436000000    1.031174000000
              56 H     -5.463050000000   -3.700638000000   -0.546394000000
              57 H     -3.676790000000   -3.228383000000   -0.432019000000
              58 H     -5.337920000000   -0.275037000000   -2.011008000000
              59 H     -5.823266000000   -2.021464000000   -2.321018000000
              60 H     -4.043336000000   -1.489158000000   -2.232244000000
              61 H      3.530045000000   -3.123255000000   -1.739907000000
              62 H      1.868146000000   -2.536664000000   -1.689284000000
              63 H      3.297991000000   -1.413150000000   -2.093815000000
              64 H      1.432554000000   -3.399740000000    1.032798000000
              65 H      3.066291000000   -4.195480000000    1.305383000000
              66 H      2.421135000000   -2.861649000000    2.403993000000
              67 H      6.613815000000   -3.304323000000    0.927431000000
              68 H      4.965736000000   -3.982726000000    0.597995000000
              69 H      5.288388000000   -3.217287000000    2.214952000000
              70 H      4.896966000000   -0.542377000000    2.293233000000
              71 H      5.577192000000    0.227207000000    0.767806000000
              72 H      6.587613000000   -0.899838000000    1.691281000000
              73 H      6.869913000000   -1.639601000000   -0.562239000000
              74 H      5.460653000000   -0.854171000000   -1.361474000000
              75 H      5.648321000000   -2.626827000000   -1.422780000000
