-------------------------------------------------------------
----------------------- !PROPERTIES! ------------------------
-------------------------------------------------------------
# -------------------------------------------------------------
----------------------- !GEOMETRIES! ------------------------
# -------------------------------------------------------------
------------------------ !GEOMETRY! -------------------------
    Number of atoms:    101 
    Geometry Index:     1 
    Coordinates:
               0  C     -7.026703000000    4.197667000000   -0.402507000000
               1  C     -7.128280000000    2.892372000000   -1.124055000000
               2  O     -7.003456000000    1.778822000000   -0.343642000000
               3  C     -5.789733000000    1.656884000000    0.289604000000
               4  C     -5.816248000000    0.383869000000    1.137094000000
               5  N     -6.047083000000   -0.799702000000    0.355207000000
               6  C     -7.314240000000   -1.270730000000    0.101771000000
               7  C     -8.567873000000   -0.817120000000    0.451620000000
               8  C     -9.685191000000   -1.501075000000    0.053914000000
               9  C     -9.511692000000   -2.641078000000   -0.696772000000
              10  C     -8.263081000000   -3.095981000000   -1.047755000000
              11  C     -7.142654000000   -2.410011000000   -0.648600000000
              12  N     -5.832133000000   -2.593357000000   -0.824521000000
              13  C     -5.147871000000   -1.591643000000   -0.200256000000
              14  N     -3.703725000000   -1.479766000000   -0.206763000000
              15  C     -3.089998000000   -1.972943000000    0.985533000000
              16  C     -2.325599000000   -0.969092000000    1.778153000000
              17  C     -1.917294000000    0.225012000000    0.938530000000
              18  N     -1.145817000000   -0.150127000000   -0.189030000000
              19  C     -1.820210000000   -0.391203000000   -1.398207000000
              20  C     -3.175751000000   -0.942242000000   -1.417012000000
              21  C     -0.021460000000   -1.001850000000    0.110795000000
              22  C      1.047021000000   -0.286118000000    0.892449000000
              23  C      2.203960000000   -1.193368000000    1.233550000000
              24  C      3.246956000000   -0.387809000000    2.046423000000
              25  C      4.527590000000   -0.977599000000    1.379726000000
              26  N      4.136577000000   -0.859402000000    0.026419000000
              27  C      2.868448000000   -1.675973000000    0.024591000000
              28  C      4.602070000000   -0.222049000000   -1.111588000000
              29  O      3.892651000000   -0.432159000000   -2.206827000000
              30  C      5.730564000000    0.643369000000   -1.336562000000
              31  C      6.599583000000    1.096454000000   -0.376632000000
              32  C      7.694564000000    1.912313000000   -0.632235000000
              33  C      7.928408000000    2.292801000000   -1.914272000000
              34  C      7.091818000000    1.881728000000   -2.976946000000
              35  C      6.007206000000    1.057453000000   -2.628837000000
              36  O      7.342148000000    2.261119000000   -4.174139000000
              37  C      7.365820000000    2.492604000000   -5.437091000000
              38  O      9.025699000000    3.111299000000   -2.190189000000
              39  C      8.958360000000    4.512228000000   -2.190918000000
              40  O      8.547477000000    2.340418000000    0.402100000000
              41  C      8.220764000000    1.903935000000    1.707515000000
              42  C      1.681089000000   -2.195989000000    2.174332000000
              43  C      1.234980000000   -1.716539000000    3.397177000000
              44  C      0.723602000000   -2.565629000000    4.358936000000
              45  C      0.640903000000   -3.922914000000    4.131554000000
              46  C      1.082813000000   -4.401510000000    2.919580000000
              47  C      1.600260000000   -3.546717000000    1.945141000000
              48  Cl     0.689454000000    0.000000000000    0.000000000000
              49  Cl     0.686342000000    0.000000000000    0.000000000000
              50  H     -6.690349000000    4.047445000000    0.626212000000
              51  H     -8.045344000000    4.684643000000   -0.307650000000
              52  H     -6.402776000000    4.924401000000   -0.953972000000
              53  H     -8.126168000000    2.836343000000   -1.649509000000
              54  H     -6.385360000000    2.897453000000   -1.977469000000
              55  H     -5.032118000000    1.456089000000   -0.511979000000
              56  H     -5.446759000000    2.514253000000    0.867056000000
              57  H     -6.676268000000    0.494928000000    1.848381000000
              58  H     -4.915497000000    0.330638000000    1.741234000000
              59  H     -8.655610000000    0.073500000000    1.034451000000
              60  H    -10.700727000000   -1.184626000000    0.302879000000
              61  H    -10.392748000000   -3.195028000000   -1.016282000000
              62  H     -8.114432000000   -3.997460000000   -1.641335000000
              63  H     -3.865545000000   -2.451273000000    1.665159000000
              64  H     -2.456997000000   -2.874693000000    0.710546000000
              65  H     -2.945148000000   -0.595948000000    2.604240000000
              66  H     -1.427297000000   -1.442155000000    2.275564000000
              67  H     -2.863457000000    0.680070000000    0.571279000000
              68  H     -1.440492000000    0.952872000000    1.605550000000
              69  H     -1.163804000000   -0.969844000000   -2.114377000000
              70  H     -1.869165000000    0.627088000000   -1.930152000000
              71  H     -3.261791000000   -1.762403000000   -2.237281000000
              72  H     -3.893653000000   -0.142988000000   -1.783793000000
              73  H     -0.281961000000   -1.909266000000    0.661905000000
              74  H      0.403926000000   -1.317079000000   -0.861589000000
              75  H      0.633675000000    0.243466000000    1.787909000000
              76  H      1.503904000000    0.550218000000    0.280535000000
              77  H      3.278317000000   -0.664223000000    3.088882000000
              78  H      3.160242000000    0.678936000000    1.859044000000
              79  H      4.451021000000   -2.092535000000    1.625088000000
              80  H      5.406708000000   -0.546070000000    1.774968000000
              81  H      2.355432000000   -1.556283000000   -0.938075000000
              82  H      3.275676000000   -2.702315000000    0.058335000000
              83  H      6.450589000000    0.834642000000    0.634520000000
              84  H      5.389894000000    0.764291000000   -3.463522000000
              85  H      6.408952000000    2.916092000000   -5.923185000000
              86  H      7.618349000000    1.608959000000   -6.124661000000
              87  H      8.109148000000    3.316699000000   -5.701006000000
              88  H      8.074200000000    4.938279000000   -2.673921000000
              89  H      8.895529000000    4.812438000000   -1.103641000000
              90  H      9.842298000000    4.963224000000   -2.668505000000
              91  H      8.178579000000    0.798428000000    1.777225000000
              92  H      7.246609000000    2.369573000000    2.004278000000
              93  H      8.977110000000    2.255307000000    2.441342000000
              94  H      1.281148000000   -0.647756000000    3.626916000000
              95  H      0.375709000000   -2.182016000000    5.316710000000
              96  H      0.236772000000   -4.611520000000    4.887356000000
              97  H      1.029066000000   -5.451710000000    2.721855000000
              98  H      1.945372000000   -3.901732000000    1.001432000000
              99  H     -0.689454000000    0.000000000000    0.000000000000
             100  H     -0.686342000000    0.000000000000    0.000000000000
