-------------------------------------------------------------
----------------------- !PROPERTIES! ------------------------
-------------------------------------------------------------
# -------------------------------------------------------------
----------------------- !GEOMETRIES! ------------------------
# -------------------------------------------------------------
------------------------ !GEOMETRY! -------------------------
    Number of atoms:    53 
    Geometry Index:     1 
    Coordinates:
               0  C     -5.122159000000   -0.019295000000   -0.557563000000
               1  C     -3.746921000000   -0.064192000000   -1.154716000000
               2  C     -2.752838000000   -0.006807000000   -0.024630000000
               3  C     -2.903954000000   -1.155494000000    0.933891000000
               4  C     -1.511205000000   -1.402114000000    1.527874000000
               5  C     -0.908280000000   -0.045095000000    1.859894000000
               6  C     -0.476578000000    0.577283000000    0.547903000000
               7  C     -1.306132000000   -0.017421000000   -0.550058000000
               8  N     -0.993174000000   -1.397646000000   -0.814632000000
               9  C     -0.681091000000   -2.061935000000    0.462515000000
              10  C      0.002143000000   -1.644765000000   -1.781769000000
              11  C      0.957943000000   -0.547196000000   -2.070623000000
              12  C      1.613558000000   -0.145409000000   -0.815123000000
              13  C      0.988469000000    0.339629000000    0.313504000000
              14  N      1.950247000000    0.572068000000    1.200294000000
              15  C      3.160610000000    0.262014000000    0.701153000000
              16  C      2.982095000000   -0.207147000000   -0.605331000000
              17  C      4.062902000000   -0.599957000000   -1.361817000000
              18  C      5.350620000000   -0.550970000000   -0.877382000000
              19  C      5.532440000000   -0.085844000000    0.419198000000
              20  C      4.453351000000    0.306530000000    1.174986000000
              21  O      6.467786000000   -0.936565000000   -1.604563000000
              22  C     -0.653058000000    2.043595000000    0.562462000000
              23  O     -1.405286000000    2.575492000000   -0.285518000000
              24  O     -0.007615000000    2.838487000000    1.489202000000
              25  C     -0.168818000000    4.257649000000    1.515198000000
              26  H     -5.813204000000    0.600297000000   -1.161889000000
              27  H     -5.516979000000   -1.054423000000   -0.489190000000
              28  H     -5.086110000000    0.440232000000    0.454684000000
              29  H     -3.626932000000   -0.947155000000   -1.790662000000
              30  H     -3.632228000000    0.823976000000   -1.808070000000
              31  H     -2.870790000000    0.952437000000    0.513598000000
              32  H     -3.556918000000   -0.886237000000    1.780589000000
              33  H     -3.252812000000   -2.079453000000    0.439711000000
              34  H     -1.542150000000   -2.002091000000    2.437375000000
              35  H      0.012354000000   -0.247389000000    2.445209000000
              36  H     -1.636052000000    0.588273000000    2.392240000000
              37  H     -1.326215000000    0.566031000000   -1.475101000000
              38  H     -1.879058000000   -1.855143000000   -1.139517000000
              39  H      0.394043000000   -2.030512000000    0.636109000000
              40  H     -0.987064000000   -3.135855000000    0.419679000000
              41  H     -0.431450000000   -1.979575000000   -2.770015000000
              42  H      0.609562000000   -2.536310000000   -1.449223000000
              43  H      1.730651000000   -0.957190000000   -2.778477000000
              44  H      0.510814000000    0.314905000000   -2.604510000000
              45  H      1.760952000000    0.951960000000    2.166636000000
              46  H      3.912676000000   -0.958574000000   -2.364242000000
              47  H      6.509469000000   -0.027075000000    0.844646000000
              48  H      4.635889000000    0.661682000000    2.176992000000
              49  H      6.788420000000   -1.912624000000   -1.557084000000
              50  H     -0.814520000000    4.572234000000    0.651753000000
              51  H     -0.614414000000    4.564625000000    2.481970000000
              52  H      0.837012000000    4.688059000000    1.342438000000
