-------------------------------------------------------------
----------------------- !PROPERTIES! ------------------------
-------------------------------------------------------------
# -----------------------------------------------------------
$ SCF_Energy
   description: The SCF energy
   geom. index: 1
   prop. index: 1
        SCF Energy:    -1531.1105929773
# -----------------------------------------------------------
$ DFT_Energy
   description: The DFT energy
   geom. index: 1
   prop. index: 1
   Number of Alpha Electrons                117.9999283176 
   Number of Beta  Electrons                117.9999283176 
   Total number of  Electrons               235.9998566352 
   Exchange energy                         -159.2550021882 
   Correlation energy                        -9.5694674213 
   Correlation energy NL                      0.0000000000 
   Exchange-Correlation energy             -168.8244696095 
   Embedding correction                       0.0000000000 
   Total DFT Energy (No VdW correction)   -1531.1105929773 
# -----------------------------------------------------------
$ Mayer_Pop
   description: The Mayer population analysis
   geom. index: 1
   prop. index: 1
     Number of atoms                     : 60
     Threshold for printing              : 0.1000000
     Number of bond orders printed       : 63
  NA   - Mulliken gross atomic population
  ZA   - Total nuclear charge
  QA   - Mulliken gross atomic charge
  VA   - Mayer's total valence
  BVA  - Mayer's bonded valence
  FA   - Mayer's free valence
  ATOM       NA         ZA         QA         VA         BVA        FA
  0   0     5.9182     6.0000     0.0818     3.9080     3.9080     0.0000
  1   0     6.0802     6.0000    -0.0802     3.8819     3.8819    -0.0000
  2   0     5.9013     6.0000     0.0987     3.9899     3.9899    -0.0000
  3   0     5.9408     6.0000     0.0592     3.5167     3.5167    -0.0000
  4   0     5.9418     6.0000     0.0582     3.8520     3.8520     0.0000
  5   0     6.0569     6.0000    -0.0569     3.7925     3.7925    -0.0000
  6   0     6.0168     6.0000    -0.0168     3.8051     3.8051     0.0000
  7   0     6.2229     6.0000    -0.2229     3.9572     3.9572     0.0000
  8   0     5.9198     6.0000     0.0802     3.6929     3.6929     0.0000
  9   0     5.9245     6.0000     0.0755     3.6870     3.6870    -0.0000
 10   0     5.9680     6.0000     0.0320     3.9990     3.9990    -0.0000
 11   0     8.2798     8.0000    -0.2798     2.2483     2.2483     0.0000
 12   0     6.1569     6.0000    -0.1569     4.0661     4.0661     0.0000
 13   0     6.1518     6.0000    -0.1518     3.7779     3.7779    -0.0000
 14   0     5.6342     6.0000     0.3658     3.7415     3.7415     0.0000
 15   0     6.1697     6.0000    -0.1697     3.8003     3.8003     0.0000
 16   0     8.3120     8.0000    -0.3120     2.1565     2.1565    -0.0000
 17   0     5.6672     6.0000     0.3328     4.0126     4.0126     0.0000
 18   0     5.9310     6.0000     0.0690     4.1691     4.1691     0.0000
 19   0     5.7644     6.0000     0.2356     3.9357     3.9357    -0.0000
 20   0     5.8811     6.0000     0.1189     3.9588     3.9588     0.0000
 21   0     5.9481     6.0000     0.0519     4.0539     4.0539    -0.0000
 22   0     8.3522     8.0000    -0.3522     2.0949     2.0949     0.0000
 23   0     5.7020     6.0000     0.2980     3.9488     3.9488     0.0000
 24   0     8.3097     8.0000    -0.3097     2.1286     2.1286     0.0000
 25   0     8.3074     8.0000    -0.3074     2.1435     2.1435     0.0000
 26   0     8.2911     8.0000    -0.2911     2.1242     2.1242    -0.0000
 27   0     8.2679     8.0000    -0.2679     2.1198     2.1198    -0.0000
 28   0     5.7936     6.0000     0.2064     3.8767     3.8767    -0.0000
 29   0     5.8750     6.0000     0.1250     3.9032     3.9032    -0.0000
 30   0     5.8915     6.0000     0.1085     3.8882     3.8882    -0.0000
 31   0     8.2034     8.0000    -0.2034     2.2855     2.2855     0.0000
 32   0     0.9797     1.0000     0.0203     1.0191     1.0191     0.0000
 33   0     0.9865     1.0000     0.0135     0.9894     0.9894     0.0000
 34   0     0.9712     1.0000     0.0288     0.9872     0.9872     0.0000
 35   0     1.0488     1.0000    -0.0488     0.9842     0.9842    -0.0000
 36   0     1.0307     1.0000    -0.0307     0.9843     0.9843     0.0000
 37   0     1.0596     1.0000    -0.0596     1.0040     1.0040     0.0000
 38   0     1.0337     1.0000    -0.0337     1.0022     1.0022    -0.0000
 39   0     1.0020     1.0000    -0.0020     1.0085     1.0085    -0.0000
 40   0     1.0375     1.0000    -0.0375     1.0198     1.0198    -0.0000
 41   0     1.0050     1.0000    -0.0050     1.0047     1.0047     0.0000
 42   0     1.0152     1.0000    -0.0152     1.0205     1.0205    -0.0000
 43   0     1.0141     1.0000    -0.0141     1.0003     1.0003    -0.0000
 44   0     1.0127     1.0000    -0.0127     1.0070     1.0070    -0.0000
 45   0     1.0022     1.0000    -0.0022     0.9813     0.9813    -0.0000
 46   0     0.8317     1.0000     0.1683     1.0215     1.0215     0.0000
 47   0     0.8152     1.0000     0.1848     1.0245     1.0245     0.0000
 48   0     0.8328     1.0000     0.1672     1.0301     1.0301    -0.0000
 49   0     0.8168     1.0000     0.1832     1.0007     1.0007    -0.0000
 50   0     1.0322     1.0000    -0.0322     0.9820     0.9820    -0.0000
 51   0     0.9775     1.0000     0.0225     1.0055     1.0055     0.0000
 52   0     0.9665     1.0000     0.0335     1.0029     1.0029    -0.0000
 53   0     0.9932     1.0000     0.0068     1.0039     1.0039    -0.0000
 54   0     0.9771     1.0000     0.0229     0.9915     0.9915    -0.0000
 55   0     0.9946     1.0000     0.0054     0.9998     0.9998    -0.0000
 56   0     0.9955     1.0000     0.0045     0.9984     0.9984    -0.0000
 57   0     0.9860     1.0000     0.0140     1.0092     1.0092    -0.0000
 58   0     0.9837     1.0000     0.0163     0.9996     0.9996     0.0000
 59   0     0.8170     1.0000     0.1830     1.0568     1.0568     0.0000
      Bond orders larger than 0.1000000
           Atom A     A.N. of A          Atom B    A.N. of B              Bond order
                0             6               1            6                1.082968
                0             6              32            1                0.942944
                0             6              33            1                0.953818
                0             6              34            1                0.950227
                1             6               2            6                1.336179
                1             6               6            6                1.349355
                2             6               3            6                1.191759
                2             6              31            8                1.285765
                3             6               4            6                1.447593
                3             6              10            6                0.960377
                4             6               5            6                1.347086
                4             6               7            6                0.947475
                5             6               6            6                1.350806
                5             6              35            1                0.990931
                6             6              36            1                1.002101
                7             6               8            6                0.926200
                7             6              29            6                1.039509
                7             6              30            6                1.029396
                8             6               9            6                1.385746
                8             6              15            6                1.316299
                9             6              10            6                0.973880
                9             6              12            6                1.315832
               10             6              11            8                1.998697
               12             6              13            6                1.385371
               12             6              28            6                1.129232
               13             6              14            6                1.237542
               13             6              37            1                0.986572
               14             6              15            6                1.339007
               14             6              16            8                1.050233
               15             6              38            1                0.991134
               16             8              17            6                0.970101
               17             6              18            6                0.996013
               17             6              22            8                1.016000
               17             6              39            1                0.898184
               18             6              19            6                0.976006
               18             6              27            8                1.148551
               18             6              40            1                0.904159
               19             6              20            6                0.962827
               19             6              26            8                1.094006
               19             6              41            1                0.898423
               20             6              21            6                0.997614
               20             6              25            8                1.036341
               20             6              42            1                0.891663
               21             6              22            8                0.977935
               21             6              23            6                1.045756
               21             6              43            1                0.896121
               23             6              24            8                1.043550
               23             6              44            1                0.916400
               23             6              45            1                0.944017
               24             8              46            1                0.971779
               25             8              47            1                0.945516
               26             8              48            1                0.963384
               27             8              49            1                0.961846
               28             6              50            1                0.924022
               28             6              51            1                0.923083
               28             6              52            1                0.927616
               29             6              53            1                0.948078
               29             6              54            1                0.961464
               29             6              55            1                0.949080
               30             6              56            1                0.951206
               30             6              57            1                0.954569
               30             6              58            1                0.956923
               31             8              59            1                0.914395
# -----------------------------------------------------------
$ Calculation_Info
   description: Details of the calculation
   geom. index: 1
   prop. index: 1
     Multiplicity:                          1
     Charge:                                0
     number of atoms:                       60
     number of electrons:                   0
     number of frozen core electrons:       1
     number of correlated electrons:        0
     number of basis functions:             588
     number of aux C basis functions:       0
     number of aux J basis functions:       1876
     number of aux JK basis functions:      0
     number of aux CABS basis functions:    0
     Total Energy                           -1531.110593
# -----------------------------------------------------------
$ SCF_Electric_Properties
   description: The SCF Calculated Electric Properties
   geom. index: 1
   prop. index: 1
       Filename                          : 159.scfp 
       Do Dipole Moment Calculation      : true 
       Do Quadrupole Moment Calculation  : false 
       Do Polarizability Calculation     : true 
** Dipole moment part of electric properties **
        Magnitude of dipole moment (Debye) :        1.2657318493
        Electronic Contribution:
                  0    
      0       0.398392
      1      -8.158822
      2       1.740049
        Nuclear Contribution:
                  0    
      0      -0.709036
      1       7.770202
      2      -1.718921
        Total Dipole moment:
                  0    
      0      -0.310644
      1      -0.388620
      2       0.021128
** Polarizabilities part of electric properties **
        Isotropic polarizability :      291.2452858485
        The raw cartesian tensor (atomic units):
                  0          1          2    
      0     400.145493 -10.736058 -15.210671
      1     -10.736058 290.171657   4.973666
      2     -15.210671   4.973666 183.418708
        Diagonalised polarizability tensor :
                  0    
      0     182.191100
      1     289.245903
      2     402.298855
# -------------------------------------------------------------
----------------------- !GEOMETRIES! ------------------------
# -------------------------------------------------------------
------------------------ !GEOMETRY! -------------------------
    Number of atoms:    60 
    Geometry Index:     1 
    Coordinates:
               0 C     -7.824534000000    0.350168000000    0.573369000000
               1 C     -6.372023000000    0.644193000000    0.538762000000
               2 C     -5.464467000000   -0.423714000000    0.393553000000
               3 C     -4.079641000000   -0.193967000000    0.355476000000
               4 C     -3.606598000000    1.080783000000    0.460983000000
               5 C     -4.537677000000    2.130367000000    0.605135000000
               6 C     -5.884879000000    1.912252000000    0.642528000000
               7 C     -2.185036000000    1.409396000000    0.438126000000
               8 C     -1.298730000000    0.245058000000    0.255556000000
               9 C     -1.715029000000   -1.054964000000    0.144124000000
              10 C     -3.168295000000   -1.319255000000    0.193201000000
              11 O     -3.544249000000   -2.507281000000    0.091845000000
              12 C     -0.834442000000   -2.116762000000   -0.019147000000
              13 C      0.516102000000   -1.801475000000   -0.066460000000
              14 C      1.017878000000   -0.529355000000    0.036638000000
              15 C      0.081279000000    0.480687000000    0.197995000000
              16 O      2.365910000000   -0.232536000000   -0.012617000000
              17 C      3.383406000000   -1.154453000000   -0.170122000000
              18 C      4.352720000000   -1.147298000000    1.007083000000
              19 C      4.900266000000    0.247485000000    1.142259000000
              20 C      5.667070000000    0.554502000000   -0.127839000000
              21 C      4.727572000000    0.354266000000   -1.290265000000
              22 O      4.160012000000   -0.913893000000   -1.311867000000
              23 C      5.577063000000    0.460758000000   -2.557284000000
              24 O      6.200991000000    1.714843000000   -2.635339000000
              25 O      6.714976000000   -0.358967000000   -0.197492000000
              26 O      5.733330000000    0.312920000000    2.265112000000
              27 O      3.778955000000   -1.636900000000    2.154614000000
              28 C     -1.311456000000   -3.519617000000   -0.137217000000
              29 C     -1.754643000000    2.202806000000    1.662326000000
              30 C     -1.885127000000    2.343366000000   -0.749055000000
              31 O     -5.975805000000   -1.677001000000    0.292339000000
              32 H     -8.053899000000   -0.661304000000    0.184607000000
              33 H     -8.404138000000    1.057968000000   -0.058427000000
              34 H     -8.192283000000    0.361300000000    1.636927000000
              35 H     -4.151378000000    3.134140000000    0.684945000000
              36 H     -6.544632000000    2.789169000000    0.757869000000
              37 H      1.178992000000   -2.641764000000   -0.193560000000
              38 H      0.461968000000    1.503140000000    0.281751000000
              39 H      3.063004000000   -2.205781000000   -0.263127000000
              40 H      5.191794000000   -1.810363000000    0.718488000000
              41 H      4.083961000000    1.013335000000    1.223679000000
              42 H      6.013282000000    1.598356000000   -0.162230000000
              43 H      3.999862000000    1.166783000000   -1.284619000000
              44 H      6.296306000000   -0.372321000000   -2.625335000000
              45 H      4.931684000000    0.394401000000   -3.475064000000
              46 H      5.640785000000    2.339684000000   -2.114608000000
              47 H      6.478591000000   -1.154094000000   -0.741660000000
              48 H      6.172737000000   -0.580367000000    2.348934000000
              49 H      4.118771000000   -2.513504000000    2.437626000000
              50 H     -0.392957000000   -4.161218000000   -0.294333000000
              51 H     -1.881727000000   -3.624112000000   -1.065435000000
              52 H     -1.820453000000   -3.889055000000    0.776702000000
              53 H     -2.451691000000    3.049852000000    1.775052000000
              54 H     -1.683085000000    1.570179000000    2.564486000000
              55 H     -0.766502000000    2.653584000000    1.426029000000
              56 H     -1.927599000000    3.405487000000   -0.436969000000
              57 H     -0.860412000000    2.166026000000   -1.137952000000
              58 H     -2.591518000000    2.105771000000   -1.558684000000
              59 H     -5.644363000000   -2.551702000000    0.191717000000
