-------------------------------------------------------------
----------------------- !PROPERTIES! ------------------------
-------------------------------------------------------------
# -----------------------------------------------------------
$ SCF_Energy
   description: The SCF energy
   geom. index: 1
   prop. index: 1
        SCF Energy:    -1310.3854123519
# -----------------------------------------------------------
$ DFT_Energy
   description: The DFT energy
   geom. index: 1
   prop. index: 1
   Number of Alpha Electrons                109.9996989813 
   Number of Beta  Electrons                109.9996989813 
   Total number of  Electrons               219.9993979626 
   Exchange energy                         -141.8189754227 
   Correlation energy                        -8.7852613862 
   Correlation energy NL                      0.0000000000 
   Exchange-Correlation energy             -150.6042368090 
   Embedding correction                       0.0000000000 
   Total DFT Energy (No VdW correction)   -1310.3854123519 
# -----------------------------------------------------------
$ Mayer_Pop
   description: The Mayer population analysis
   geom. index: 1
   prop. index: 1
     Number of atoms                     : 65
     Threshold for printing              : 0.1000000
     Number of bond orders printed       : 68
  NA   - Mulliken gross atomic population
  ZA   - Total nuclear charge
  QA   - Mulliken gross atomic charge
  VA   - Mayer's total valence
  BVA  - Mayer's bonded valence
  FA   - Mayer's free valence
  ATOM       NA         ZA         QA         VA         BVA        FA
  0   0     5.9176     6.0000     0.0824     3.8469     3.8469     0.0000
  1   0     6.0675     6.0000    -0.0675     4.3154     4.3154     0.0000
  2   0     8.2199     8.0000    -0.2199     2.2590     2.2590     0.0000
  3   0     5.9428     6.0000     0.0572     3.7738     3.7738    -0.0000
  4   0     5.8571     6.0000     0.1429     4.0309     4.0309    -0.0000
  5   0     5.8815     6.0000     0.1185     4.1204     4.1204    -0.0000
  6   0     6.1953     6.0000    -0.1953     3.9351     3.9351    -0.0000
  7   0     6.4178     6.0000    -0.4178     4.3578     4.3578    -0.0000
  8   0     5.7145     6.0000     0.2855     3.7293     3.7293     0.0000
  9   0     6.0484     6.0000    -0.0484     4.2970     4.2970     0.0000
 10   0     8.2235     8.0000    -0.2235     2.2486     2.2486    -0.0000
 11   0     6.0128     6.0000    -0.0128     3.6640     3.6640     0.0000
 12   0     6.0352     6.0000    -0.0352     3.8453     3.8453    -0.0000
 13   0     5.7672     6.0000     0.2328     4.0761     4.0761     0.0000
 14   0     5.9224     6.0000     0.0776     3.9957     3.9957    -0.0000
 15   0     6.0596     6.0000    -0.0596     4.0355     4.0355    -0.0000
 16   0     6.2277     6.0000    -0.2277     4.1952     4.1952     0.0000
 17   0     5.8596     6.0000     0.1404     4.0233     4.0233     0.0000
 18   0     5.9189     6.0000     0.0811     4.0132     4.0132     0.0000
 19   0     5.8029     6.0000     0.1971     4.1138     4.1138    -0.0000
 20   0     6.3254     6.0000    -0.3254     4.1791     4.1791     0.0000
 21   0     5.8875     6.0000     0.1125     3.9191     3.9191     0.0000
 22   0     5.9337     6.0000     0.0663     3.9318     3.9318     0.0000
 23   0     8.2883     8.0000    -0.2883     2.1445     2.1445     0.0000
 24   0     5.9019     6.0000     0.0981     3.9132     3.9132    -0.0000
 25   0     8.2780     8.0000    -0.2780     2.1490     2.1490    -0.0000
 26   0     5.8203     6.0000     0.1797     3.8450     3.8450    -0.0000
 27   0     5.8560     6.0000     0.1440     3.8691     3.8691    -0.0000
 28   0     8.2841     8.0000    -0.2841     2.1457     2.1457    -0.0000
 29   0     0.9937     1.0000     0.0063     1.0066     1.0066     0.0000
 30   0     0.9497     1.0000     0.0503     1.0087     1.0087    -0.0000
 31   0     0.9529     1.0000     0.0471     1.0037     1.0037    -0.0000
 32   0     1.0114     1.0000    -0.0114     0.9956     0.9956     0.0000
 33   0     1.0277     1.0000    -0.0277     0.9994     0.9994    -0.0000
 34   0     0.9718     1.0000     0.0282     1.0173     1.0173    -0.0000
 35   0     0.9929     1.0000     0.0071     1.0415     1.0415    -0.0000
 36   0     0.9863     1.0000     0.0137     1.0030     1.0030    -0.0000
 37   0     0.9997     1.0000     0.0003     1.0118     1.0118     0.0000
 38   0     0.9915     1.0000     0.0085     0.9824     0.9824     0.0000
 39   0     1.0243     1.0000    -0.0243     1.0059     1.0059    -0.0000
 40   0     0.9960     1.0000     0.0040     0.9937     0.9937     0.0000
 41   0     1.0236     1.0000    -0.0236     0.9974     0.9974    -0.0000
 42   0     0.9760     1.0000     0.0240     1.0074     1.0074     0.0000
 43   0     1.0262     1.0000    -0.0262     0.9928     0.9928     0.0000
 44   0     1.0120     1.0000    -0.0120     1.0127     1.0127    -0.0000
 45   0     1.0103     1.0000    -0.0103     0.9763     0.9763     0.0000
 46   0     1.0281     1.0000    -0.0281     0.9807     0.9807    -0.0000
 47   0     0.9880     1.0000     0.0120     0.9961     0.9961    -0.0000
 48   0     1.0188     1.0000    -0.0188     0.9961     0.9961     0.0000
 49   0     0.9948     1.0000     0.0052     0.9959     0.9959    -0.0000
 50   0     0.9607     1.0000     0.0393     1.0296     1.0296    -0.0000
 51   0     1.0103     1.0000    -0.0103     0.9931     0.9931     0.0000
 52   0     0.9911     1.0000     0.0089     1.0042     1.0042    -0.0000
 53   0     0.8380     1.0000     0.1620     1.0289     1.0289    -0.0000
 54   0     0.9943     1.0000     0.0057     0.9960     0.9960    -0.0000
 55   0     0.9875     1.0000     0.0125     1.0023     1.0023    -0.0000
 56   0     0.9790     1.0000     0.0210     1.0233     1.0233     0.0000
 57   0     0.8271     1.0000     0.1729     1.0254     1.0254     0.0000
 58   0     0.9758     1.0000     0.0242     1.0196     1.0196    -0.0000
 59   0     0.9937     1.0000     0.0063     1.0201     1.0201    -0.0000
 60   0     1.0140     1.0000    -0.0140     1.0062     1.0062    -0.0000
 61   0     0.9784     1.0000     0.0216     1.0437     1.0437     0.0000
 62   0     0.9770     1.0000     0.0230     1.0060     1.0060     0.0000
 63   0     0.9961     1.0000     0.0039     0.9998     0.9998     0.0000
 64   0     0.8336     1.0000     0.1664     1.0194     1.0194     0.0000
      Bond orders larger than 0.1000000
           Atom A     A.N. of A          Atom B    A.N. of B              Bond order
                0             6               1            6                1.066899
                0             6              29            1                0.945980
                0             6              30            1                0.936226
                0             6              31            1                0.932131
                1             6               2            8                2.125180
                1             6               3            6                0.907305
                3             6               4            6                1.099319
                3             6               7            6                0.976699
                3             6              32            1                0.861960
                4             6               5            6                1.121031
                4             6              33            1                0.901396
                4             6              34            1                0.880350
                5             6               6            6                0.965402
                5             6              28            8                1.094323
                5             6              35            1                0.887515
                6             6               7            6                1.033533
                6             6              12            6                0.931195
                6             6              27            6                1.051182
                7             6               8            6                1.006736
                7             6              26            6                1.054952
                8             6               9            6                0.998143
                8             6              36            1                0.867712
                8             6              37            1                0.888810
                9             6              10            8                2.102085
                9             6              11            6                0.936223
               11             6              12            6                1.803653
               11             6              16            6                0.962124
               12             6              13            6                0.961222
               13             6              14            6                1.093249
               13             6              25            8                1.061591
               13             6              38            1                0.863425
               14             6              15            6                1.015842
               14             6              39            1                0.878806
               14             6              40            1                0.917758
               15             6              16            6                0.993914
               15             6              20            6                0.991976
               15             6              41            1                0.916652
               16             6              17            6                1.073817
               16             6              24            6                1.028700
               17             6              18            6                1.081214
               17             6              42            1                0.892845
               17             6              43            1                0.913251
               18             6              19            6                1.081677
               18             6              44            1                0.893332
               18             6              45            1                0.910306
               19             6              20            6                0.992708
               19             6              23            8                1.070965
               19             6              46            1                0.914579
               20             6              21            6                1.033233
               20             6              22            6                1.074319
               21             6              47            1                0.955907
               21             6              48            1                0.944772
               21             6              49            1                0.955958
               22             6              50            1                0.923450
               22             6              51            1                0.946576
               22             6              52            1                0.939366
               23             8              53            1                0.960663
               24             6              54            1                0.938568
               24             6              55            1                0.945774
               24             6              56            1                0.942636
               25             8              57            1                0.957491
               26             6              58            1                0.926430
               26             6              59            1                0.928445
               26             6              60            1                0.915760
               27             6              61            1                0.895517
               27             6              62            1                0.937057
               27             6              63            1                0.940478
               28             8              64            1                0.959247
# -----------------------------------------------------------
$ Calculation_Info
   description: Details of the calculation
   geom. index: 1
   prop. index: 1
     Multiplicity:                          1
     Charge:                                0
     number of atoms:                       65
     number of electrons:                   0
     number of frozen core electrons:       1
     number of correlated electrons:        0
     number of basis functions:             586
     number of aux C basis functions:       0
     number of aux J basis functions:       1817
     number of aux JK basis functions:      0
     number of aux CABS basis functions:    0
     Total Energy                           -1310.385412
# -----------------------------------------------------------
$ SCF_Electric_Properties
   description: The SCF Calculated Electric Properties
   geom. index: 1
   prop. index: 1
       Filename                          : 131.scfp 
       Do Dipole Moment Calculation      : true 
       Do Quadrupole Moment Calculation  : false 
       Do Polarizability Calculation     : true 
** Dipole moment part of electric properties **
        Magnitude of dipole moment (Debye) :        1.0760123406
        Electronic Contribution:
                  0    
      0     -13.226900
      1      -5.151537
      2      -3.011984
        Nuclear Contribution:
                  0    
      0      13.161213
      1       5.568827
      2       3.039553
        Total Dipole moment:
                  0    
      0      -0.065686
      1       0.417290
      2       0.027569
** Polarizabilities part of electric properties **
        Isotropic polarizability :      249.7623153998
        The raw cartesian tensor (atomic units):
                  0          1          2    
      0     294.330260  -4.187561   1.568319
      1      -4.187561 217.329681  -8.963541
      2       1.568319  -8.963541 237.627006
        Diagonalised polarizability tensor :
                  0    
      0     213.797145
      1     240.857323
      2     294.632478
# -------------------------------------------------------------
----------------------- !GEOMETRIES! ------------------------
# -------------------------------------------------------------
------------------------ !GEOMETRY! -------------------------
    Number of atoms:    65 
    Geometry Index:     1 
    Coordinates:
               0 C     -5.140172000000    0.575018000000    2.227228000000
               1 C     -4.891855000000    0.648804000000    0.748773000000
               2 O     -5.459083000000    1.565729000000    0.164882000000
               3 C     -4.012423000000   -0.331881000000    0.045034000000
               4 C     -3.998756000000    0.050562000000   -1.417126000000
               5 C     -2.629557000000   -0.374103000000   -1.947783000000
               6 C     -1.846438000000   -0.720175000000   -0.758593000000
               7 C     -2.566381000000   -0.148502000000    0.412092000000
               8 C     -2.145825000000   -0.846717000000    1.645873000000
               9 C     -0.709104000000   -1.259163000000    1.431165000000
              10 O     -0.313997000000   -2.231138000000    2.105747000000
              11 C      0.133113000000   -0.530623000000    0.476409000000
              12 C     -0.437131000000   -0.220693000000   -0.701841000000
              13 C      0.252908000000    0.517294000000   -1.762882000000
              14 C      1.512142000000    1.124254000000   -1.183457000000
              15 C      2.249702000000    0.022316000000   -0.453486000000
              16 C      1.536635000000   -0.211404000000    0.839995000000
              17 C      2.240797000000   -1.376208000000    1.494652000000
              18 C      3.659565000000   -0.949563000000    1.793202000000
              19 C      4.437118000000   -0.547697000000    0.587174000000
              20 C      3.715991000000    0.292748000000   -0.394214000000
              21 C      4.253334000000   -0.098617000000   -1.788422000000
              22 C      4.029908000000    1.774542000000   -0.267610000000
              23 O      5.553203000000    0.187474000000    1.032059000000
              24 C      1.610427000000    0.936329000000    1.807143000000
              25 O     -0.445991000000    1.607192000000   -2.284500000000
              26 C     -2.350789000000    1.338265000000    0.584851000000
              27 C     -1.843544000000   -2.249194000000   -0.600344000000
              28 O     -2.868052000000   -1.480524000000   -2.774116000000
              29 H     -4.565351000000   -0.217579000000    2.709414000000
              30 H     -4.929910000000    1.581767000000    2.681313000000
              31 H     -6.248012000000    0.435057000000    2.382964000000
              32 H     -4.405761000000   -1.328676000000    0.232373000000
              33 H     -4.824745000000   -0.450514000000   -1.939572000000
              34 H     -4.128934000000    1.145070000000   -1.571271000000
              35 H     -2.226751000000    0.391425000000   -2.634411000000
              36 H     -2.175995000000   -0.092462000000    2.495402000000
              37 H     -2.770877000000   -1.668133000000    1.989189000000
              38 H      0.557733000000   -0.188727000000   -2.582351000000
              39 H      1.157336000000    1.840711000000   -0.385054000000
              40 H      2.129599000000    1.632695000000   -1.938792000000
              41 H      2.119259000000   -0.902460000000   -1.054467000000
              42 H      1.807642000000   -1.606305000000    2.514829000000
              43 H      2.283420000000   -2.269409000000    0.859721000000
              44 H      3.689403000000   -0.144409000000    2.556644000000
              45 H      4.155507000000   -1.825962000000    2.267984000000
              46 H      4.872303000000   -1.472568000000    0.130803000000
              47 H      3.873520000000   -1.078031000000   -2.097825000000
              48 H      5.355452000000   -0.043473000000   -1.721149000000
              49 H      3.950852000000    0.727522000000   -2.486081000000
              50 H      4.622398000000    1.972296000000    0.674439000000
              51 H      4.679482000000    2.159377000000   -1.081839000000
              52 H      3.115581000000    2.403070000000   -0.302608000000
              53 H      5.989093000000    0.520120000000    0.202594000000
              54 H      0.856337000000    1.717527000000    1.637619000000
              55 H      1.482894000000    0.493524000000    2.839034000000
              56 H      2.591042000000    1.405387000000    1.815913000000
              57 H     -0.342849000000    2.417952000000   -1.758013000000
              58 H     -2.984812000000    1.948570000000   -0.086543000000
              59 H     -1.294468000000    1.629383000000    0.577462000000
              60 H     -2.724984000000    1.573837000000    1.625614000000
              61 H     -2.239872000000   -2.691545000000   -1.542859000000
              62 H     -0.795406000000   -2.645023000000   -0.552432000000
              63 H     -2.391772000000   -2.594547000000    0.271053000000
              64 H     -3.764103000000   -1.839792000000   -2.575167000000
