-------------------------------------------------------------
----------------------- !PROPERTIES! ------------------------
-------------------------------------------------------------
# -----------------------------------------------------------
$ SCF_Energy
   description: The SCF energy
   geom. index: 1
   prop. index: 1
        SCF Energy:    -1482.7870244982
# -----------------------------------------------------------
$ DFT_Energy
   description: The DFT energy
   geom. index: 1
   prop. index: 1
   Number of Alpha Electrons                 92.0000531663 
   Number of Beta  Electrons                 92.0000531663 
   Total number of  Electrons               184.0001063326 
   Exchange energy                         -133.0937096659 
   Correlation energy                        -7.5793742184 
   Correlation energy NL                      0.0000000000 
   Exchange-Correlation energy             -140.6730838843 
   Embedding correction                       0.0000000000 
   Total DFT Energy (No VdW correction)   -1482.7870244982 
# -----------------------------------------------------------
$ Mayer_Pop
   description: The Mayer population analysis
   geom. index: 1
   prop. index: 1
     Number of atoms                     : 43
     Threshold for printing              : 0.1000000
     Number of bond orders printed       : 46
  NA   - Mulliken gross atomic population
  ZA   - Total nuclear charge
  QA   - Mulliken gross atomic charge
  VA   - Mayer's total valence
  BVA  - Mayer's bonded valence
  FA   - Mayer's free valence
  ATOM       NA         ZA         QA         VA         BVA        FA
  0   0     5.8006     6.0000     0.1994     3.9019     3.9019    -0.0000
  1   0     8.2704     8.0000    -0.2704     2.0543     2.0543     0.0000
  2   0     7.1115     7.0000    -0.1115     3.2061     3.2061     0.0000
  3   0     5.8579     6.0000     0.1421     3.7593     3.7593     0.0000
  4   0     5.9128     6.0000     0.0872     4.3185     4.3185     0.0000
  5   0     8.2921     8.0000    -0.2921     2.2208     2.2208     0.0000
  6   0     7.2001     7.0000    -0.2001     3.1462     3.1462     0.0000
  7   0     6.1473     6.0000    -0.1473     3.9379     3.9379     0.0000
  8   0     5.7786     6.0000     0.2214     4.1095     4.1095    -0.0000
  9   0     8.2819     8.0000    -0.2819     2.2342     2.2342     0.0000
 10   0     5.7101     6.0000     0.2899     3.8615     3.8615    -0.0000
 11   0     6.1632     6.0000    -0.1632     3.9095     3.9095    -0.0000
 12   0     6.0110     6.0000    -0.0110     3.8528     3.8528     0.0000
 13   0     6.9928     7.0000     0.0072     3.4034     3.4034    -0.0000
 14   0     5.9137     6.0000     0.0863     3.8933     3.8933    -0.0000
 15   0     6.0925     6.0000    -0.0925     3.7909     3.7909     0.0000
 16   0     5.9668     6.0000     0.0332     3.7914     3.7914     0.0000
 17   0     5.9651     6.0000     0.0349     3.7858     3.7858    -0.0000
 18   0     6.0270     6.0000    -0.0270     3.7851     3.7851    -0.0000
 19   0     5.8818     6.0000     0.1182     3.8965     3.8965     0.0000
 20   0    16.0399    16.0000    -0.0399     2.1455     2.1455    -0.0000
 21   0     6.0951     6.0000    -0.0951     3.9259     3.9259    -0.0000
 22   0     5.7320     6.0000     0.2680     4.0472     4.0472    -0.0000
 23   0     8.3479     8.0000    -0.3479     2.0886     2.0886    -0.0000
 24   0     0.9930     1.0000     0.0070     0.9823     0.9823     0.0000
 25   0     0.9692     1.0000     0.0308     1.0212     1.0212    -0.0000
 26   0     0.9830     1.0000     0.0170     0.9982     0.9982    -0.0000
 27   0     0.9754     1.0000     0.0246     0.9953     0.9953     0.0000
 28   0     0.8377     1.0000     0.1623     1.0216     1.0216     0.0000
 29   0     0.9894     1.0000     0.0106     1.0117     1.0117    -0.0000
 30   0     1.0167     1.0000    -0.0167     1.0069     1.0069     0.0000
 31   0     1.0059     1.0000    -0.0059     1.0058     1.0058    -0.0000
 32   0     0.8594     1.0000     0.1406     0.9844     0.9844     0.0000
 33   0     1.0598     1.0000    -0.0598     0.9809     0.9809    -0.0000
 34   0     1.0305     1.0000    -0.0305     0.9767     0.9767     0.0000
 35   0     1.0379     1.0000    -0.0379     0.9758     0.9758     0.0000
 36   0     1.0819     1.0000    -0.0819     0.9985     0.9985    -0.0000
 37   0     0.9316     1.0000     0.0684     0.9813     0.9813    -0.0000
 38   0     0.9324     1.0000     0.0676     0.9793     0.9793    -0.0000
 39   0     0.9165     1.0000     0.0835     1.0120     1.0120    -0.0000
 40   0     0.9862     1.0000     0.0138     0.9977     0.9977     0.0000
 41   0     0.9915     1.0000     0.0085     1.0007     1.0007     0.0000
 42   0     0.8099     1.0000     0.1901     1.0198     1.0198     0.0000
      Bond orders larger than 0.1000000
           Atom A     A.N. of A          Atom B    A.N. of B              Bond order
                0             6               1            8                0.941350
                0             6              24            1                0.967589
                0             6              25            1                0.972631
                0             6              26            1                0.977559
                1             8               2            7                0.958022
                2             7               3            6                0.941749
                2             7               8            6                1.157537
                3             6               4            6                0.923720
                3             6              22            6                1.034944
                3             6              27            1                0.852804
                4             6               5            8                2.019109
                4             6               6            7                1.190712
                6             7               7            6                0.939063
                6             7              28            1                0.880260
                7             6               8            6                0.861158
                7             6              10            6                1.035971
                7             6              20           16                1.003824
                8             6               9            8                1.993286
               10             6              11            6                1.067471
               10             6              29            1                0.883786
               10             6              30            1                0.877257
               11             6              12            6                1.470533
               11             6              19            6                1.285188
               12             6              13            7                1.201567
               12             6              31            1                0.980885
               13             7              14            6                1.208506
               13             7              32            1                0.916809
               14             6              15            6                1.297329
               14             6              19            6                1.264483
               15             6              16            6                1.402122
               15             6              18            6                0.105017
               15             6              33            1                0.996851
               16             6              17            6                1.305658
               16             6              34            1                0.988950
               17             6              18            6                1.412944
               17             6              35            1                0.987606
               18             6              19            6                1.288250
               18             6              36            1                0.991829
               20            16              21            6                0.988700
               21             6              37            1                0.967368
               21             6              38            1                0.960876
               21             6              39            1                0.952900
               22             6              23            8                1.050274
               22             6              40            1                0.930990
               22             6              41            1                0.933529
               23             8              42            1                0.951678
# -----------------------------------------------------------
$ Calculation_Info
   description: Details of the calculation
   geom. index: 1
   prop. index: 1
     Multiplicity:                          1
     Charge:                                0
     number of atoms:                       43
     number of electrons:                   0
     number of frozen core electrons:       1
     number of correlated electrons:        0
     number of basis functions:             435
     number of aux C basis functions:       0
     number of aux J basis functions:       1387
     number of aux JK basis functions:      0
     number of aux CABS basis functions:    0
     Total Energy                           -1482.787024
# -----------------------------------------------------------
$ SCF_Electric_Properties
   description: The SCF Calculated Electric Properties
   geom. index: 1
   prop. index: 1
       Filename                          : 63.scfp 
       Do Dipole Moment Calculation      : true 
       Do Quadrupole Moment Calculation  : false 
       Do Polarizability Calculation     : true 
** Dipole moment part of electric properties **
        Magnitude of dipole moment (Debye) :        2.9168118290
        Electronic Contribution:
                  0    
      0       3.394004
      1       5.796368
      2      -2.880015
        Nuclear Contribution:
                  0    
      0      -2.430309
      1      -5.202779
      2       2.690833
        Total Dipole moment:
                  0    
      0       0.963695
      1       0.593588
      2      -0.189182
** Polarizabilities part of electric properties **
        Isotropic polarizability :      217.7373250485
        The raw cartesian tensor (atomic units):
                  0          1          2    
      0     279.029661 -16.574143 -15.544725
      1     -16.574143 226.260141   2.931461
      2     -15.544725   2.931461 147.922174
        Diagonalised polarizability tensor :
                  0    
      0     146.091857
      1     221.514756
      2     285.605362
# -------------------------------------------------------------
----------------------- !GEOMETRIES! ------------------------
# -------------------------------------------------------------
------------------------ !GEOMETRY! -------------------------
    Number of atoms:    43 
    Geometry Index:     1 
    Coordinates:
               0 C     -4.482956000000   -1.005829000000    1.215962000000
               1 O     -3.991895000000   -1.091388000000   -0.064603000000
               2 N     -2.864353000000   -0.386933000000   -0.272116000000
               3 C     -2.881258000000    0.647467000000   -1.281626000000
               4 C     -1.824037000000    1.640848000000   -0.965980000000
               5 O     -2.067933000000    2.894994000000   -1.037204000000
               6 N     -0.551456000000    1.155717000000   -0.588489000000
               7 C     -0.327067000000   -0.182363000000   -0.047501000000
               8 C     -1.681826000000   -0.622778000000    0.455843000000
               9 O     -1.774707000000   -1.217173000000    1.554662000000
              10 C      0.594090000000   -0.087773000000    1.148400000000
              11 C      1.904496000000    0.551576000000    0.832876000000
              12 C      2.105958000000    1.939210000000    0.986186000000
              13 N      3.335157000000    2.208472000000    0.574997000000
              14 C      3.942864000000    1.074906000000    0.164694000000
              15 C      5.198133000000    0.805535000000   -0.331574000000
              16 C      5.575051000000   -0.484555000000   -0.666672000000
              17 C      4.688197000000   -1.517658000000   -0.504320000000
              18 C      3.410719000000   -1.264201000000   -0.002603000000
              19 C      3.051668000000    0.029239000000    0.324589000000
              20 S      0.229242000000   -1.389120000000   -1.214732000000
              21 C      0.169268000000   -3.028549000000   -0.389075000000
              22 C     -4.228705000000    1.341799000000   -1.352047000000
              23 O     -4.509414000000    1.922808000000   -0.122955000000
              24 H     -5.588239000000   -0.928358000000    1.142763000000
              25 H     -4.122994000000   -0.140633000000    1.784427000000
              26 H     -4.279163000000   -1.953921000000    1.755193000000
              27 H     -2.643889000000    0.216691000000   -2.291244000000
              28 H      0.265221000000    1.820339000000   -0.715380000000
              29 H      0.773968000000   -1.109796000000    1.573195000000
              30 H      0.095307000000    0.479101000000    1.935513000000
              31 H      1.358601000000    2.608389000000    1.371952000000
              32 H      3.833283000000    3.144875000000    0.542357000000
              33 H      5.885470000000    1.641321000000   -0.451036000000
              34 H      6.577865000000   -0.620601000000   -1.051997000000
              35 H      4.980509000000   -2.523847000000   -0.763728000000
              36 H      2.732054000000   -2.082027000000    0.139965000000
              37 H     -0.725563000000   -3.560202000000   -0.751984000000
              38 H      1.053774000000   -3.623629000000   -0.630587000000
              39 H      0.142144000000   -2.909044000000    0.725412000000
              40 H     -5.005006000000    0.615781000000   -1.599267000000
              41 H     -4.160961000000    2.133073000000   -2.124051000000
              42 H     -4.191615000000    2.858235000000   -0.059067000000
