-------------------------------------------------------------
----------------------- !PROPERTIES! ------------------------
-------------------------------------------------------------
# -------------------------------------------------------------
----------------------- !GEOMETRIES! ------------------------
# -------------------------------------------------------------
------------------------ !GEOMETRY! -------------------------
    Number of atoms:    37 
    Geometry Index:     1 
    Coordinates:
               0  C      4.858941000000    0.271863000000   -1.560117000000
               1  C      3.567929000000    0.175497000000   -0.819730000000
               2  C      3.570108000000    0.281719000000    0.548274000000
               3  C      2.424601000000    0.204097000000    1.307094000000
               4  C      1.227740000000    0.009259000000    0.631548000000
               5  C      1.167385000000   -0.104776000000   -0.747925000000
               6  C      2.368050000000   -0.016358000000   -1.452159000000
               7  Cl     2.332175000000   -0.154900000000   -3.185528000000
               8  O     -0.160835000000   -0.292661000000   -1.131810000000
               9  C     -1.032353000000    0.121786000000   -0.088258000000
              10  C     -0.140244000000   -0.116799000000    1.107196000000
              11  O     -0.516892000000   -0.372566000000    2.275687000000
              12  C     -2.177672000000   -0.762712000000    0.072622000000
              13  C     -3.395267000000   -0.276637000000    0.178310000000
              14  C     -3.689029000000    1.139214000000    0.144320000000
              15  O     -4.865135000000    1.597703000000    0.246907000000
              16  C     -2.539225000000    2.028811000000   -0.017262000000
              17  C     -1.314256000000    1.549893000000   -0.124053000000
              18  O     -0.247755000000    2.430264000000   -0.276459000000
              19  C     -0.173796000000    3.653307000000    0.433407000000
              20  C     -1.957179000000   -2.231613000000    0.116750000000
              21  O     -0.780305000000   -2.643408000000    0.011934000000
              22  O     -2.978102000000   -3.123613000000    0.264910000000
              23  C     -2.809908000000   -4.528667000000    0.311612000000
              24  O      2.412289000000    0.309903000000    2.692034000000
              25  Cl     5.084520000000    0.528500000000    1.406218000000
              26  H      5.255381000000   -0.743772000000   -1.773503000000
              27  H      4.731920000000    0.860567000000   -2.508492000000
              28  H      5.619328000000    0.815375000000   -0.963304000000
              29  H     -4.209866000000   -1.009803000000    0.297500000000
              30  H     -2.681829000000    3.116036000000   -0.052073000000
              31  H      0.744793000000    4.219363000000    0.182953000000
              32  H     -0.171234000000    3.512102000000    1.532191000000
              33  H     -1.023413000000    4.294927000000    0.094905000000
              34  H     -2.395238000000   -4.873261000000    1.268940000000
              35  H     -2.265463000000   -4.906403000000   -0.575767000000
              36  H     -3.840163000000   -4.962236000000    0.244582000000
