-------------------------------------------------------------
----------------------- !PROPERTIES! ------------------------
-------------------------------------------------------------
# -----------------------------------------------------------
$ SCF_Energy
   description: The SCF energy
   geom. index: 1
   prop. index: 1
        SCF Energy:    -3158.4332843096
# -----------------------------------------------------------
$ DFT_Energy
   description: The DFT energy
   geom. index: 1
   prop. index: 1
   Number of Alpha Electrons                166.0001553071 
   Number of Beta  Electrons                166.0001553071 
   Total number of  Electrons               332.0003106142 
   Exchange energy                         -257.3796194669 
   Correlation energy                       -14.0237009792 
   Correlation energy NL                      0.0000000000 
   Exchange-Correlation energy             -271.4033204460 
   Embedding correction                       0.0000000000 
   Total DFT Energy (No VdW correction)   -3158.4332843096 
# -----------------------------------------------------------
$ Mayer_Pop
   description: The Mayer population analysis
   geom. index: 1
   prop. index: 1
     Number of atoms                     : 69
     Threshold for printing              : 0.1000000
     Number of bond orders printed       : 83
  NA   - Mulliken gross atomic population
  ZA   - Total nuclear charge
  QA   - Mulliken gross atomic charge
  VA   - Mayer's total valence
  BVA  - Mayer's bonded valence
  FA   - Mayer's free valence
  ATOM       NA         ZA         QA         VA         BVA        FA
  0   0     6.0665     6.0000    -0.0665     3.8583     3.8583    -0.0000
  1   0    15.5466    16.0000     0.4534     3.3318     3.3318     0.0000
  2   0     8.6191     8.0000    -0.6191     1.6796     1.6796     0.0000
  3   0     6.0524     6.0000    -0.0524     3.8864     3.8864     0.0000
  4   0     5.7884     6.0000     0.2116     3.9749     3.9749     0.0000
  5   0     8.3412     8.0000    -0.3412     2.1701     2.1701     0.0000
  6   0     5.8150     6.0000     0.1850     3.7631     3.7631    -0.0000
  7   0     5.7111     6.0000     0.2889     3.8233     3.8233    -0.0000
  8   0     6.1896     6.0000    -0.1896     3.7410     3.7410    -0.0000
  9   0     5.7434     6.0000     0.2566     3.8290     3.8290    -0.0000
 10   0     5.9212     6.0000     0.0788     3.8390     3.8390     0.0000
 11   0     6.1247     6.0000    -0.1247     3.7753     3.7753    -0.0000
 12   0     7.3967     7.0000    -0.3967     3.1042     3.1042     0.0000
 13   0     5.7992     6.0000     0.2008     3.9905     3.9905     0.0000
 14   0     5.8683     6.0000     0.1317     3.9731     3.9731    -0.0000
 15   0     7.3329     7.0000    -0.3329     2.9912     2.9912     0.0000
 16   0     6.6772     6.0000    -0.6772     4.2760     4.2760     0.0000
 17   0     5.5660     6.0000     0.4340     3.8737     3.8737     0.0000
 18   0     5.8616     6.0000     0.1384     3.9591     3.9591    -0.0000
 19   0     5.7750     6.0000     0.2250     3.9197     3.9197     0.0000
 20   0     7.1848     7.0000    -0.1848     3.3201     3.3201    -0.0000
 21   0     5.9011     6.0000     0.0989     4.1004     4.1004     0.0000
 22   0     6.1263     6.0000    -0.1263     3.7569     3.7569     0.0000
 23   0     5.9347     6.0000     0.0653     4.2125     4.2125     0.0000
 24   0     7.1376     7.0000    -0.1376     3.1592     3.1592     0.0000
 25   0     5.9420     6.0000     0.0580     4.0727     4.0727    -0.0000
 26   0     7.1494     7.0000    -0.1494     2.7779     2.7779    -0.0000
 27   0     6.9989     7.0000     0.0011     3.4132     3.4132    -0.0000
 28   0     5.9724     6.0000     0.0276     4.2407     4.2407    -0.0000
 29   0     7.1177     7.0000    -0.1177     3.1404     3.1404    -0.0000
 30   0     7.2063     7.0000    -0.2063     3.0953     3.0953    -0.0000
 31   0     5.8687     6.0000     0.1313     3.7492     3.7492     0.0000
 32   0     6.0787     6.0000    -0.0787     3.8419     3.8419     0.0000
 33   0     6.0060     6.0000    -0.0060     3.7888     3.7888     0.0000
 34   0     5.8767     6.0000     0.1233     3.8438     3.8438    -0.0000
 35   0     8.1248     8.0000    -0.1248     2.4723     2.4723     0.0000
 36   0    15.8973    16.0000     0.1027     2.3439     2.3439    -0.0000
 37   0     5.8423     6.0000     0.1577     4.1632     4.1632    -0.0000
 38   0     8.2989     8.0000    -0.2989     2.2361     2.2361    -0.0000
 39   0     9.2196     9.0000    -0.2196     1.1545     1.1545    -0.0000
 40   0     9.1806     9.0000    -0.1806     1.1984     1.1984     0.0000
 41   0    15.8288    17.0000     1.1712     2.3244     2.3244    -0.0000
 42   0     0.9333     1.0000     0.0667     1.0078     1.0078     0.0000
 43   0     0.9625     1.0000     0.0375     0.9948     0.9948     0.0000
 44   0     0.9249     1.0000     0.0751     0.9935     0.9935     0.0000
 45   0     0.9509     1.0000     0.0491     0.9997     0.9997     0.0000
 46   0     0.9629     1.0000     0.0371     0.9959     0.9959    -0.0000
 47   0     0.9637     1.0000     0.0363     1.0047     1.0047     0.0000
 48   0     0.9812     1.0000     0.0188     0.9813     0.9813     0.0000
 49   0     1.0021     1.0000    -0.0021     1.0042     1.0042    -0.0000
 50   0     1.0245     1.0000    -0.0245     1.0120     1.0120    -0.0000
 51   0     1.0055     1.0000    -0.0055     0.9988     0.9988     0.0000
 52   0     0.9566     1.0000     0.0434     0.9886     0.9886     0.0000
 53   0     0.9787     1.0000     0.0213     0.9979     0.9979    -0.0000
 54   0     1.0008     1.0000    -0.0008     0.9916     0.9916    -0.0000
 55   0     1.3511     1.0000    -0.3511     1.3093     1.3093     0.0000
 56   0     0.9566     1.0000     0.0434     1.0625     1.0625     0.0000
 57   0     0.9812     1.0000     0.0188     1.0135     1.0135    -0.0000
 58   0     1.1546     1.0000    -0.1546     0.9492     0.9492    -0.0000
 59   0     0.9185     1.0000     0.0815     0.9847     0.9847     0.0000
 60   0     0.9565     1.0000     0.0435     1.0000     1.0000     0.0000
 61   0     0.9714     1.0000     0.0286     1.0285     1.0285     0.0000
 62   0     0.9744     1.0000     0.0256     1.0526     1.0526     0.0000
 63   0     0.8557     1.0000     0.1443     0.9913     0.9913    -0.0000
 64   0     0.8614     1.0000     0.1386     0.9965     0.9965    -0.0000
 65   0     1.0122     1.0000    -0.0122     1.0006     1.0006    -0.0000
 66   0     1.0154     1.0000    -0.0154     0.9886     0.9886    -0.0000
 67   0     0.9828     1.0000     0.0172     0.9961     0.9961     0.0000
 68   0     1.2709     1.0000    -0.2709     0.8287     0.8287     0.0000
      Bond orders larger than 0.1000000
           Atom A     A.N. of A          Atom B    A.N. of B              Bond order
                0             6               1           16                0.913750
                0             6              42            1                0.956870
                0             6              43            1                0.950771
                0             6              44            1                0.967213
                1            16               2            8                1.429960
                1            16               3            6                0.895122
                3             6               4            6                1.057320
                3             6              45            1                0.927078
                3             6              46            1                0.921261
                4             6               5            8                0.957235
                4             6              47            1                0.933680
                4             6              48            1                0.940971
                5             8               6            6                1.097917
                6             6               7            6                1.284669
                6             6              11            6                1.290319
                7             6               8            6                1.310895
                7             6              40            9                1.140088
                8             6               9            6                1.283463
                8             6              11            6                0.115984
                8             6              49            1                1.007564
                9             6              10            6                1.350244
                9             6              39            9                1.068339
               10             6              11            6                1.289287
               10             6              12            7                0.990783
               11             6              50            1                1.002653
               12             7              13            6                0.974087
               12             7              17            6                0.921804
               13             6              14            6                1.083907
               13             6              51            1                0.911712
               13             6              52            1                0.942491
               14             6              15            7                0.910450
               14             6              53            1                0.916254
               14             6              54            1                0.923256
               15             7              16            6                0.743505
               15             7              18            6                0.960403
               15             7              41           17                0.184332
               15             7              55            1                0.183236
               16             6              17            6                0.742932
               16             6              41           17                0.959545
               16             6              55            1                0.371367
               16             6              56            1                0.973749
               16             6              68            1                0.220191
               17             6              41           17                0.319760
               17             6              57            1                0.865479
               17             6              58            1                0.763282
               17             6              68            1                0.150966
               18             6              19            6                1.122199
               18             6              59            1                0.866662
               18             6              60            1                0.889130
               19             6              20            7                0.916021
               19             6              61            1                0.910516
               19             6              62            1                0.878693
               20             7              21            6                1.193927
               20             7              37            6                1.085952
               21             6              22            6                1.357602
               21             6              29            7                1.349158
               22             6              23            6                1.275003
               22             6              36           16                1.015651
               23             6              24            7                1.606426
               23             6              27            7                1.089807
               24             7              25            6                1.489032
               25             6              26            7                1.429522
               25             6              31            6                1.003044
               26             7              27            7                1.106045
               27             7              28            6                1.137010
               28             6              29            7                1.598311
               28             6              30            7                1.199186
               30             7              63            1                0.950094
               30             7              64            1                0.953090
               31             6              32            6                1.466116
               31             6              34            6                0.123890
               31             6              35            8                1.219811
               32             6              33            6                1.270351
               32             6              65            1                1.022188
               33             6              34            6                1.494291
               33             6              66            1                0.998220
               34             6              35            8                1.174395
               34             6              67            1                0.990591
               36            16              37            6                1.057333
               36            16              38            8                0.124948
               37             6              38            8                1.929988
               41            17              55            1                0.412052
               55             1              68            1                0.239029
# -----------------------------------------------------------
$ Calculation_Info
   description: Details of the calculation
   geom. index: 1
   prop. index: 1
     Multiplicity:                          1
     Charge:                                0
     number of atoms:                       69
     number of electrons:                   0
     number of frozen core electrons:       1
     number of correlated electrons:        0
     number of basis functions:             735
     number of aux C basis functions:       0
     number of aux J basis functions:       2361
     number of aux JK basis functions:      0
     number of aux CABS basis functions:    0
     Total Energy                           -3158.433284
# -----------------------------------------------------------
$ SCF_Electric_Properties
   description: The SCF Calculated Electric Properties
   geom. index: 1
   prop. index: 1
       Filename                          : 110.scfp 
       Do Dipole Moment Calculation      : true 
       Do Quadrupole Moment Calculation  : false 
       Do Polarizability Calculation     : true 
** Dipole moment part of electric properties **
        Magnitude of dipole moment (Debye) :        6.3303424314
        Electronic Contribution:
                  0    
      0     -29.232771
      1      17.966159
      2      -9.186655
        Nuclear Contribution:
                  0    
      0      31.454543
      1     -19.071329
      2       9.398560
        Total Dipole moment:
                  0    
      0       2.221773
      1      -1.105170
      2       0.211904
** Polarizabilities part of electric properties **
        Isotropic polarizability :      865.0191338186
        The raw cartesian tensor (atomic units):
                  0          1          2    
      0     1865.590483  10.791007 -224.375065
      1      10.791007 298.453121 -20.530205
      2     -224.375065 -20.530205 431.013797
        Diagonalised polarizability tensor :
                  0    
      0     294.913553
      1     400.160478
      2     1899.983371
# -------------------------------------------------------------
----------------------- !GEOMETRIES! ------------------------
# -------------------------------------------------------------
------------------------ !GEOMETRY! -------------------------
    Number of atoms:    69 
    Geometry Index:     1 
    Coordinates:
               0 C     10.459729000000    0.289378000000    3.418011000000
               1 S      8.765668000000    0.576872000000    2.795725000000
               2 O      7.906314000000   -0.040712000000    3.946060000000
               3 C      8.611129000000   -0.693065000000    1.494681000000
               4 C      7.245920000000   -0.611356000000    0.848695000000
               5 O      7.108252000000    0.678896000000    0.284047000000
               6 C      5.967036000000    1.047359000000   -0.374184000000
               7 C      5.895443000000    2.333308000000   -0.906561000000
               8 C      4.755341000000    2.725457000000   -1.573626000000
               9 C      3.699648000000    1.830386000000   -1.701985000000
              10 C      3.745566000000    0.555051000000   -1.185419000000
              11 C      4.910536000000    0.172594000000   -0.510892000000
              12 N      2.681047000000   -0.376050000000   -1.306762000000
              13 C      2.261384000000   -0.767518000000   -2.630420000000
              14 C      0.806927000000   -0.405033000000   -2.787909000000
              15 N      0.199335000000   -0.026704000000   -1.569781000000
              16 C      0.502912000000   -0.876139000000   -0.441175000000
              17 C      1.985472000000   -0.968028000000   -0.185955000000
              18 C     -1.185966000000    0.278555000000   -1.624780000000
              19 C     -2.055528000000   -0.925512000000   -1.913917000000
              20 N     -3.483620000000   -0.503074000000   -1.948619000000
              21 C     -4.269807000000   -0.500382000000   -0.899979000000
              22 C     -5.558090000000   -0.086164000000   -1.064593000000
              23 C     -6.482685000000   -0.040323000000   -0.028076000000
              24 N     -7.768953000000    0.317491000000    0.059910000000
              25 C     -8.219912000000    0.175104000000    1.319625000000
              26 N     -7.142592000000   -0.293735000000    2.022393000000
              27 N     -6.122869000000   -0.419116000000    1.226177000000
              28 C     -4.863421000000   -0.818804000000    1.362811000000
              29 N     -3.966111000000   -0.869839000000    0.387021000000
              30 N     -4.428532000000   -1.230546000000    2.668102000000
              31 C     -9.549683000000    0.449137000000    1.846966000000
              32 C    -10.645288000000    0.914599000000    1.181451000000
              33 C    -11.686083000000    1.023020000000    2.079950000000
              34 C    -11.156606000000    0.605062000000    3.286963000000
              35 O     -9.898577000000    0.278839000000    3.096125000000
              36 S     -5.612865000000    0.291088000000   -2.723666000000
              37 C     -3.996617000000   -0.098172000000   -3.116200000000
              38 O     -3.412363000000   -0.023233000000   -4.249201000000
              39 F      2.555871000000    2.191135000000   -2.357165000000
              40 F      6.930642000000    3.162894000000   -0.762377000000
              41 Cl     0.691047000000    0.000000000000    0.000000000000
              42 H     10.548150000000   -0.707251000000    3.863297000000
              43 H     11.124990000000    0.436985000000    2.539391000000
              44 H     10.696167000000    1.083180000000    4.154833000000
              45 H      8.847242000000   -1.686408000000    1.885796000000
              46 H      9.366902000000   -0.444526000000    0.722073000000
              47 H      6.432824000000   -0.879976000000    1.524558000000
              48 H      7.219815000000   -1.328088000000    0.003579000000
              49 H      4.654875000000    3.720858000000   -2.005988000000
              50 H      4.941869000000   -0.844683000000   -0.100890000000
              51 H      2.311171000000   -1.891176000000   -2.693048000000
              52 H      2.888551000000   -0.298562000000   -3.415763000000
              53 H      0.782433000000    0.497849000000   -3.470014000000
              54 H      0.246982000000   -1.172879000000   -3.365627000000
              55 H      0.049361000000   -0.385012000000    0.456401000000
              56 H      0.031168000000   -1.872645000000   -0.521444000000
              57 H      2.287287000000   -0.557407000000    0.780208000000
              58 H      2.253870000000   -2.053429000000   -0.181489000000
              59 H     -1.493287000000    0.646141000000   -0.607553000000
              60 H     -1.330288000000    1.080520000000   -2.397470000000
              61 H     -1.795424000000   -1.346051000000   -2.876772000000
              62 H     -1.919149000000   -1.621061000000   -1.059987000000
              63 H     -4.789895000000   -2.104595000000    3.106011000000
              64 H     -3.748799000000   -0.673560000000    3.204702000000
              65 H    -10.663945000000    1.150054000000    0.126505000000
              66 H    -12.696937000000    1.357356000000    1.902140000000
              67 H    -11.733936000000    0.571642000000    4.214318000000
              68 H     -0.691047000000    0.000000000000    0.000000000000
