-------------------------------------------------------------
----------------------- !PROPERTIES! ------------------------
-------------------------------------------------------------
# -----------------------------------------------------------
$ SCF_Energy
   description: The SCF energy
   geom. index: 1
   prop. index: 1
        SCF Energy:    -2181.0823713413
# -----------------------------------------------------------
$ DFT_Energy
   description: The DFT energy
   geom. index: 1
   prop. index: 1
   Number of Alpha Electrons                126.0000892709 
   Number of Beta  Electrons                126.0000892709 
   Total number of  Electrons               252.0001785418 
   Exchange energy                         -191.9028294515 
   Correlation energy                       -10.6180137066 
   Correlation energy NL                      0.0000000000 
   Exchange-Correlation energy             -202.5208431581 
   Embedding correction                       0.0000000000 
   Total DFT Energy (No VdW correction)   -2181.0823713413 
# -----------------------------------------------------------
$ Mayer_Pop
   description: The Mayer population analysis
   geom. index: 1
   prop. index: 1
     Number of atoms                     : 48
     Threshold for printing              : 0.1000000
     Number of bond orders printed       : 51
  NA   - Mulliken gross atomic population
  ZA   - Total nuclear charge
  QA   - Mulliken gross atomic charge
  VA   - Mayer's total valence
  BVA  - Mayer's bonded valence
  FA   - Mayer's free valence
  ATOM       NA         ZA         QA         VA         BVA        FA
  0   0     6.0609     6.0000    -0.0609     3.8595     3.8595    -0.0000
  1   0    15.1684    16.0000     0.8316     5.1976     5.1976    -0.0000
  2   0     8.4816     8.0000    -0.4816     1.9087     1.9087    -0.0000
  3   0     8.4940     8.0000    -0.4940     1.8918     1.8918     0.0000
  4   0     7.4023     7.0000    -0.4023     2.9675     2.9675     0.0000
  5   0     5.8381     6.0000     0.1619     3.9497     3.9497    -0.0000
  6   0     5.8208     6.0000     0.1792     3.8873     3.8873    -0.0000
  7   0     6.0342     6.0000    -0.0342     3.7637     3.7637    -0.0000
  8   0     6.0426     6.0000    -0.0426     3.8317     3.8317     0.0000
  9   0     5.9778     6.0000     0.0222     3.8477     3.8477     0.0000
 10   0     5.7965     6.0000     0.2035     3.8548     3.8548    -0.0000
 11   0     5.9872     6.0000     0.0128     3.8408     3.8408     0.0000
 12   0     5.9855     6.0000     0.0145     3.8767     3.8767    -0.0000
 13   0     8.3267     8.0000    -0.3267     2.0928     2.0928    -0.0000
 14   0     5.3311     6.0000     0.6689     4.4463     4.4463    -0.0000
 15   0     9.1533     9.0000    -0.1533     1.2026     1.2026    -0.0000
 16   0     9.1977     9.0000    -0.1977     1.1564     1.1564    -0.0000
 17   0     9.1866     9.0000    -0.1866     1.1695     1.1695     0.0000
 18   0     7.1810     7.0000    -0.1810     3.1978     3.1978    -0.0000
 19   0     5.9369     6.0000     0.0631     4.2627     4.2627    -0.0000
 20   0     7.1401     7.0000    -0.1401     3.1211     3.1211    -0.0000
 21   0     5.9245     6.0000     0.0755     4.0069     4.0069    -0.0000
 22   0     6.0561     6.0000    -0.0561     3.7518     3.7518     0.0000
 23   0     5.8969     6.0000     0.1031     4.0248     4.0248     0.0000
 24   0     7.1240     7.0000    -0.1240     3.1013     3.1013     0.0000
 25   0     5.8582     6.0000     0.1418     3.9787     3.9787     0.0000
 26   0     7.1354     7.0000    -0.1354     2.9840     2.9840    -0.0000
 27   0     7.1142     7.0000    -0.1142     2.9613     2.9613     0.0000
 28   0     5.9965     6.0000     0.0035     3.9371     3.9371     0.0000
 29   0     8.1262     8.0000    -0.1262     2.4386     2.4386     0.0000
 30   0     5.4511     6.0000     0.5489     4.1580     4.1580    -0.0000
 31   0     9.2106     9.0000    -0.2106     1.1413     1.1413    -0.0000
 32   0     9.1941     9.0000    -0.1941     1.1608     1.1608     0.0000
 33   0     0.8937     1.0000     0.1063     1.0049     1.0049     0.0000
 34   0     0.9192     1.0000     0.0808     1.0036     1.0036     0.0000
 35   0     0.9364     1.0000     0.0636     1.0056     1.0056    -0.0000
 36   0     0.8300     1.0000     0.1700     1.0030     1.0030    -0.0000
 37   0     0.9512     1.0000     0.0488     1.0107     1.0107     0.0000
 38   0     0.9820     1.0000     0.0180     0.9825     0.9825     0.0000
 39   0     0.9563     1.0000     0.0437     1.0146     1.0146     0.0000
 40   0     1.0389     1.0000    -0.0389     0.9872     0.9872     0.0000
 41   0     1.0252     1.0000    -0.0252     0.9969     0.9969    -0.0000
 42   0     1.0130     1.0000    -0.0130     0.9955     0.9955     0.0000
 43   0     1.0160     1.0000    -0.0160     0.9954     0.9954     0.0000
 44   0     0.8346     1.0000     0.1654     1.0170     1.0170    -0.0000
 45   0     1.0039     1.0000    -0.0039     0.9962     0.9962     0.0000
 46   0     0.9786     1.0000     0.0214     1.0189     1.0189     0.0000
 47   0     0.9899     1.0000     0.0101     0.9916     0.9916     0.0000
      Bond orders larger than 0.1000000
           Atom A     A.N. of A          Atom B    A.N. of B              Bond order
                0             6               1           16                0.877646
                0             6              33            1                0.946659
                0             6              34            1                0.943995
                0             6              35            1                0.947986
                1            16               2            8                1.654395
                1            16               3            8                1.656514
                1            16               4            7                0.908335
                4             7               5            6                0.934925
                4             7              36            1                0.896368
                5             6               6            6                1.051105
                5             6              37            1                0.930661
                5             6              38            1                0.926988
                6             6               7            6                0.926856
                6             6              18            7                0.999129
                6             6              39            1                0.887783
                7             6               8            6                1.345836
                7             6              12            6                1.443282
                8             6               9            6                1.348526
                8             6              40            1                0.987228
                9             6              10            6                1.392237
                9             6              41            1                0.993960
               10             6              11            6                1.389844
               10             6              13            8                0.935205
               11             6              12            6                1.331927
               11             6              42            1                0.999145
               12             6              43            1                0.980526
               13             8              14            6                1.073516
               14             6              15            9                1.147993
               14             6              16            9                1.082110
               14             6              17            9                1.096580
               18             7              19            6                1.194367
               18             7              44            1                0.889284
               19             6              20            7                1.403874
               19             6              24            7                1.419662
               20             7              21            6                1.547766
               21             6              22            6                1.330451
               21             6              45            1                0.987479
               22             6              23            6                1.339428
               22             6              25            6                1.023608
               23             6              24            7                1.559166
               23             6              46            1                0.974658
               25             6              26            7                1.593458
               25             6              28            6                0.108765
               25             6              29            8                1.200766
               26             7              27            7                1.269639
               27             7              28            6                1.582950
               28             6              29            8                1.170466
               28             6              30            6                0.988386
               30             6              31            9                1.093866
               30             6              32            9                1.112185
               30             6              47            1                0.939119
# -----------------------------------------------------------
$ Calculation_Info
   description: Details of the calculation
   geom. index: 1
   prop. index: 1
     Multiplicity:                          1
     Charge:                                0
     number of atoms:                       48
     number of electrons:                   0
     number of frozen core electrons:       1
     number of correlated electrons:        0
     number of basis functions:             541
     number of aux C basis functions:       0
     number of aux J basis functions:       1784
     number of aux JK basis functions:      0
     number of aux CABS basis functions:    0
     Total Energy                           -2181.082371
# -----------------------------------------------------------
$ SCF_Electric_Properties
   description: The SCF Calculated Electric Properties
   geom. index: 1
   prop. index: 1
       Filename                          : 240.scfp 
       Do Dipole Moment Calculation      : true 
       Do Quadrupole Moment Calculation  : false 
       Do Polarizability Calculation     : true 
** Dipole moment part of electric properties **
        Magnitude of dipole moment (Debye) :        8.9350727194
        Electronic Contribution:
                  0    
      0      29.702862
      1      31.122807
      2      -4.896293
        Nuclear Contribution:
                  0    
      0     -31.179896
      1     -29.353339
      2       7.550419
        Total Dipole moment:
                  0    
      0      -1.477034
      1       1.769468
      2       2.654126
** Polarizabilities part of electric properties **
        Isotropic polarizability :      270.8129132140
        The raw cartesian tensor (atomic units):
                  0          1          2    
      0     393.341909  19.005927 -14.334768
      1      19.005927 238.205585   0.551704
      2     -14.334768   0.551704 180.891245
        Diagonalised polarizability tensor :
                  0    
      0     179.869668
      1     236.002163
      2     396.566908
# -------------------------------------------------------------
----------------------- !GEOMETRIES! ------------------------
# -------------------------------------------------------------
------------------------ !GEOMETRY! -------------------------
    Number of atoms:    48 
    Geometry Index:     1 
    Coordinates:
               0 C     -5.490381000000   -2.481527000000    0.603132000000
               1 S     -4.153384000000   -3.154879000000   -0.347621000000
               2 O     -3.781725000000   -4.532648000000    0.134020000000
               3 O     -4.535757000000   -3.251105000000   -1.806676000000
               4 N     -2.805142000000   -2.128166000000   -0.223879000000
               5 C     -2.298051000000   -1.970279000000    1.101253000000
               6 C     -1.086336000000   -1.006254000000    0.981163000000
               7 C     -1.637838000000    0.274754000000    0.397035000000
               8 C     -2.887564000000    0.726539000000    0.823661000000
               9 C     -3.437355000000    1.881002000000    0.297598000000
              10 C     -2.769878000000    2.609125000000   -0.654033000000
              11 C     -1.544778000000    2.177877000000   -1.081147000000
              12 C     -1.006749000000    1.025286000000   -0.549809000000
              13 O     -3.329687000000    3.778211000000   -1.184465000000
              14 C     -3.029359000000    4.999082000000   -0.515654000000
              15 F     -3.634958000000    6.059829000000   -1.131836000000
              16 F     -3.494751000000    4.898434000000    0.795077000000
              17 F     -1.658076000000    5.194300000000   -0.503723000000
              18 N     -0.254129000000   -1.613880000000   -0.021124000000
              19 C      1.124523000000   -1.310127000000   -0.089357000000
              20 N      1.651440000000   -0.463925000000    0.810480000000
              21 C      2.958033000000   -0.183836000000    0.735984000000
              22 C      3.800774000000   -0.715248000000   -0.215080000000
              23 C      3.222153000000   -1.579081000000   -1.120278000000
              24 N      1.909724000000   -1.870609000000   -1.058368000000
              25 C      5.223073000000   -0.403806000000   -0.287856000000
              26 N      6.069308000000   -0.901195000000   -1.196806000000
              27 N      7.281137000000   -0.408048000000   -0.969965000000
              28 C      7.189498000000    0.410553000000    0.098152000000
              29 O      5.940147000000    0.379157000000    0.469151000000
              30 C      8.338111000000    1.170459000000    0.684028000000
              31 F      8.771591000000    2.073020000000   -0.260372000000
              32 F      9.309665000000    0.298960000000    1.079784000000
              33 H     -6.449193000000   -2.809128000000    0.136921000000
              34 H     -5.388219000000   -2.878166000000    1.631424000000
              35 H     -5.466568000000   -1.372699000000    0.625938000000
              36 H     -2.877709000000   -1.250612000000   -0.766308000000
              37 H     -1.801374000000   -2.944363000000    1.374506000000
              38 H     -2.987473000000   -1.690179000000    1.880288000000
              39 H     -0.606525000000   -0.839000000000    1.945768000000
              40 H     -3.464766000000    0.204769000000    1.571192000000
              41 H     -4.403657000000    2.219211000000    0.635606000000
              42 H     -0.977790000000    2.723880000000   -1.835296000000
              43 H     -0.038676000000    0.692565000000   -0.912534000000
              44 H     -0.668079000000   -2.276642000000   -0.700710000000
              45 H      3.374353000000    0.496200000000    1.461458000000
              46 H      3.840567000000   -2.015454000000   -1.877063000000
              47 H      7.961829000000    1.757645000000    1.552237000000
