-------------------------------------------------------------
----------------------- !PROPERTIES! ------------------------
-------------------------------------------------------------
# -----------------------------------------------------------
$ SCF_Energy
   description: The SCF energy
   geom. index: 1
   prop. index: 1
        SCF Energy:    -1201.8226088217
# -----------------------------------------------------------
$ DFT_Energy
   description: The DFT energy
   geom. index: 1
   prop. index: 1
   Number of Alpha Electrons                 90.9999134053 
   Number of Beta  Electrons                 90.9999134053 
   Total number of  Electrons               181.9998268106 
   Exchange energy                         -124.0304867354 
   Correlation energy                        -7.3899406552 
   Correlation energy NL                      0.0000000000 
   Exchange-Correlation energy             -131.4204273907 
   Embedding correction                       0.0000000000 
   Total DFT Energy (No VdW correction)   -1201.8226088217 
# -----------------------------------------------------------
$ Mayer_Pop
   description: The Mayer population analysis
   geom. index: 1
   prop. index: 1
     Number of atoms                     : 44
     Threshold for printing              : 0.1000000
     Number of bond orders printed       : 47
  NA   - Mulliken gross atomic population
  ZA   - Total nuclear charge
  QA   - Mulliken gross atomic charge
  VA   - Mayer's total valence
  BVA  - Mayer's bonded valence
  FA   - Mayer's free valence
  ATOM       NA         ZA         QA         VA         BVA        FA
  0   0     5.8191     6.0000     0.1809     3.9301     3.9301    -0.0000
  1   0     8.3531     8.0000    -0.3531     2.1885     2.1885    -0.0000
  2   0     5.8140     6.0000     0.1860     3.9200     3.9200    -0.0000
  3   0     6.0083     6.0000    -0.0083     3.8316     3.8316     0.0000
  4   0     5.8129     6.0000     0.1871     3.9256     3.9256    -0.0000
  5   0     6.0686     6.0000    -0.0686     3.7681     3.7681     0.0000
  6   0     5.9703     6.0000     0.0297     3.7949     3.7949     0.0000
  7   0     6.0842     6.0000    -0.0842     3.7715     3.7715     0.0000
  8   0     8.3333     8.0000    -0.3333     2.2009     2.2009     0.0000
  9   0     5.8066     6.0000     0.1934     3.9306     3.9306    -0.0000
 10   0     5.7229     6.0000     0.2771     3.8371     3.8371    -0.0000
 11   0     5.9839     6.0000     0.0161     3.7911     3.7911    -0.0000
 12   0     5.8878     6.0000     0.1122     3.8974     3.8974     0.0000
 13   0     6.1083     6.0000    -0.1083     3.6915     3.6915    -0.0000
 14   0     6.1081     6.0000    -0.1081     3.7586     3.7586     0.0000
 15   0     5.9233     6.0000     0.0767     3.9742     3.9742     0.0000
 16   0     5.9912     6.0000     0.0088     3.6835     3.6835     0.0000
 17   0     5.8394     6.0000     0.1606     4.1961     4.1961     0.0000
 18   0     8.2568     8.0000    -0.2568     2.2967     2.2967    -0.0000
 19   0     7.2213     7.0000    -0.2213     3.1790     3.1790     0.0000
 20   0     8.3516     8.0000    -0.3516     2.1580     2.1580    -0.0000
 21   0     5.7897     6.0000     0.2103     3.8947     3.8947    -0.0000
 22   0     5.7268     6.0000     0.2732     3.9144     3.9144    -0.0000
 23   0     8.3150     8.0000    -0.3150     2.1248     2.1248    -0.0000
 24   0     8.2521     8.0000    -0.2521     2.1940     2.1940     0.0000
 25   0     0.9635     1.0000     0.0365     0.9834     0.9834    -0.0000
 26   0     0.9801     1.0000     0.0199     0.9858     0.9858    -0.0000
 27   0     0.9794     1.0000     0.0206     0.9816     0.9816     0.0000
 28   0     1.0413     1.0000    -0.0413     0.9985     0.9985    -0.0000
 29   0     1.0302     1.0000    -0.0302     0.9765     0.9765     0.0000
 30   0     1.0428     1.0000    -0.0428     0.9960     0.9960    -0.0000
 31   0     0.9799     1.0000     0.0201     0.9852     0.9852    -0.0000
 32   0     0.9579     1.0000     0.0421     0.9841     0.9841    -0.0000
 33   0     0.9894     1.0000     0.0106     0.9829     0.9829    -0.0000
 34   0     0.9837     1.0000     0.0163     1.0192     1.0192    -0.0000
 35   0     1.0774     1.0000    -0.0774     1.0405     1.0405     0.0000
 36   0     0.8725     1.0000     0.1275     1.0052     1.0052     0.0000
 37   0     0.9795     1.0000     0.0205     0.9865     0.9865     0.0000
 38   0     0.9769     1.0000     0.0231     1.0028     1.0028    -0.0000
 39   0     1.0039     1.0000    -0.0039     0.9831     0.9831    -0.0000
 40   0     0.9855     1.0000     0.0145     0.9889     0.9889    -0.0000
 41   0     0.9905     1.0000     0.0095     0.9812     0.9812     0.0000
 42   0     0.8162     1.0000     0.1838     0.9949     0.9949    -0.0000
 43   0     0.8012     1.0000     0.1988     0.9926     0.9926     0.0000
      Bond orders larger than 0.1000000
           Atom A     A.N. of A          Atom B    A.N. of B              Bond order
                0             6               1            8                0.970451
                0             6              25            1                0.972419
                0             6              26            1                0.960238
                0             6              27            1                0.966920
                1             8               2            6                1.094999
                2             6               3            6                1.385513
                2             6               7            6                1.315939
                3             6               4            6                1.380633
                3             6              10            6                0.991655
                4             6               5            6                1.302897
                4             6               8            8                1.126312
                5             6               6            6                1.349453
                5             6              28            1                0.990733
                6             6               7            6                1.336489
                6             6              29            1                0.991455
                7             6              30            1                0.994900
                8             8               9            6                0.966636
                9             6              31            1                0.963812
                9             6              32            1                0.971999
                9             6              33            1                0.961520
               10             6              11            6                0.933475
               10             6              19            7                1.029651
               10             6              34            1                0.865092
               11             6              12            6                1.365820
               11             6              16            6                1.410149
               12             6              13            6                1.238294
               12             6              24            8                1.208006
               13             6              14            6                1.334881
               13             6              16            6                0.100828
               13             6              35            1                0.998488
               14             6              15            6                1.388090
               14             6              22            6                0.960898
               15             6              16            6                1.286706
               15             6              20            8                1.170452
               16             6              17            6                0.909584
               17             6              18            8                2.121462
               17             6              19            7                1.111885
               19             7              36            1                0.927490
               20             8              21            6                0.949359
               21             6              37            1                0.980647
               21             6              38            1                0.963708
               21             6              39            1                0.957059
               22             6              23            8                1.070034
               22             6              40            1                0.922947
               22             6              41            1                0.945600
               23             8              42            1                0.960769
               24             8              43            1                0.929864
# -----------------------------------------------------------
$ Calculation_Info
   description: Details of the calculation
   geom. index: 1
   prop. index: 1
     Multiplicity:                          1
     Charge:                                0
     number of atoms:                       44
     number of electrons:                   0
     number of frozen core electrons:       1
     number of correlated electrons:        0
     number of basis functions:             445
     number of aux C basis functions:       0
     number of aux J basis functions:       1434
     number of aux JK basis functions:      0
     number of aux CABS basis functions:    0
     Total Energy                           -1201.822609
# -----------------------------------------------------------
$ SCF_Electric_Properties
   description: The SCF Calculated Electric Properties
   geom. index: 1
   prop. index: 1
       Filename                          : 147.scfp 
       Do Dipole Moment Calculation      : true 
       Do Quadrupole Moment Calculation  : false 
       Do Polarizability Calculation     : true 
** Dipole moment part of electric properties **
        Magnitude of dipole moment (Debye) :        5.9970153013
        Electronic Contribution:
                  0    
      0       0.992117
      1       2.836705
      2       2.361569
        Nuclear Contribution:
                  0    
      0      -2.228093
      1      -3.493574
      2      -4.260902
        Total Dipole moment:
                  0    
      0      -1.235977
      1      -0.656868
      2      -1.899332
** Polarizabilities part of electric properties **
        Isotropic polarizability :      220.0901135375
        The raw cartesian tensor (atomic units):
                  0          1          2    
      0     271.212981 -20.883366  32.629760
      1     -20.883366 186.755053  -4.129561
      2      32.629760  -4.129561 202.302307
        Diagonalised polarizability tensor :
                  0    
      0     180.750299
      1     190.997907
      2     288.522134
# -------------------------------------------------------------
----------------------- !GEOMETRIES! ------------------------
# -------------------------------------------------------------
------------------------ !GEOMETRY! -------------------------
    Number of atoms:    44 
    Geometry Index:     1 
    Coordinates:
               0 C     -4.064569000000    2.829220000000   -1.574531000000
               1 O     -2.993868000000    2.199224000000   -0.902056000000
               2 C     -3.043501000000    0.848829000000   -0.560232000000
               3 C     -1.949544000000    0.326896000000    0.093841000000
               4 C     -1.984381000000   -1.008744000000    0.438600000000
               5 C     -3.119058000000   -1.756123000000    0.108597000000
               6 C     -4.200254000000   -1.209264000000   -0.546227000000
               7 C     -4.162773000000    0.121838000000   -0.888520000000
               8 O     -0.915765000000   -1.615151000000    1.103641000000
               9 C     -1.022850000000   -2.988160000000    1.424622000000
              10 C     -0.795410000000    1.169611000000    0.407126000000
              11 C      0.480595000000    0.644133000000   -0.127932000000
              12 C      0.892036000000    0.313529000000   -1.392532000000
              13 C      2.167042000000   -0.171402000000   -1.653401000000
              14 C      3.042151000000   -0.322762000000   -0.602149000000
              15 C      2.665704000000   -0.000859000000    0.686484000000
              16 C      1.376476000000    0.483201000000    0.907656000000
              17 C      0.734352000000    0.891027000000    2.147172000000
              18 O      1.235748000000    0.885479000000    3.299510000000
              19 N     -0.581603000000    1.306912000000    1.842105000000
              20 O      3.550158000000   -0.155244000000    1.739487000000
              21 C      4.436411000000    0.845131000000    2.180160000000
              22 C      4.424793000000   -0.845496000000   -0.863548000000
              23 O      4.613877000000   -1.108912000000   -2.200181000000
              24 O      0.026125000000    0.462171000000   -2.440325000000
              25 H     -3.715312000000    3.801887000000   -2.007667000000
              26 H     -4.335536000000    2.195016000000   -2.467600000000
              27 H     -4.948046000000    2.984934000000   -0.950234000000
              28 H     -3.171030000000   -2.816793000000    0.370942000000
              29 H     -5.076201000000   -1.781738000000   -0.802220000000
              30 H     -5.003691000000    0.586614000000   -1.408361000000
              31 H     -1.932039000000   -3.164705000000    2.043613000000
              32 H     -0.123213000000   -3.392442000000    1.888883000000
              33 H     -1.184688000000   -3.593020000000    0.484678000000
              34 H     -0.985777000000    2.215192000000    0.043021000000
              35 H      2.493501000000   -0.431443000000   -2.641413000000
              36 H     -1.306158000000    1.656404000000    2.489224000000
              37 H      5.206977000000    0.348687000000    2.807240000000
              38 H      3.937467000000    1.590748000000    2.832776000000
              39 H      4.934200000000    1.383778000000    1.348584000000
              40 H      5.200237000000   -0.134954000000   -0.504864000000
              41 H      4.588595000000   -1.803168000000   -0.306089000000
              42 H      4.323438000000   -2.022173000000   -2.463396000000
              43 H      0.285383000000    0.232091000000   -3.384485000000
