-------------------------------------------------------------
----------------------- !PROPERTIES! ------------------------
-------------------------------------------------------------
# -----------------------------------------------------------
$ SCF_Energy
   description: The SCF energy
   geom. index: 1
   prop. index: 1
        SCF Energy:    -1452.1857367298
# -----------------------------------------------------------
$ DFT_Energy
   description: The DFT energy
   geom. index: 1
   prop. index: 1
   Number of Alpha Electrons                112.0000955515 
   Number of Beta  Electrons                112.0000955515 
   Total number of  Electrons               224.0001911031 
   Exchange energy                         -152.0781558944 
   Correlation energy                        -9.0984883695 
   Correlation energy NL                      0.0000000000 
   Exchange-Correlation energy             -161.1766442639 
   Embedding correction                       0.0000000000 
   Total DFT Energy (No VdW correction)   -1452.1857367298 
# -----------------------------------------------------------
$ Mayer_Pop
   description: The Mayer population analysis
   geom. index: 1
   prop. index: 1
     Number of atoms                     : 52
     Threshold for printing              : 0.1000000
     Number of bond orders printed       : 57
  NA   - Mulliken gross atomic population
  ZA   - Total nuclear charge
  QA   - Mulliken gross atomic charge
  VA   - Mayer's total valence
  BVA  - Mayer's bonded valence
  FA   - Mayer's free valence
  ATOM       NA         ZA         QA         VA         BVA        FA
  0   0     5.9618     6.0000     0.0382     3.9766     3.9766    -0.0000
  1   0     6.0001     6.0000    -0.0001     4.1619     4.1619    -0.0000
  2   0     6.0418     6.0000    -0.0418     3.9505     3.9505     0.0000
  3   0     5.9760     6.0000     0.0240     4.0719     4.0719     0.0000
  4   0     8.2818     8.0000    -0.2818     2.1915     2.1915     0.0000
  5   0     5.8873     6.0000     0.1127     3.7281     3.7281    -0.0000
  6   0     6.1673     6.0000    -0.1673     3.9655     3.9655     0.0000
  7   0     5.8812     6.0000     0.1188     4.0045     4.0045     0.0000
  8   0     6.0450     6.0000    -0.0450     3.7140     3.7140    -0.0000
  9   0     5.7886     6.0000     0.2114     3.6170     3.6170     0.0000
 10   0     6.1125     6.0000    -0.1125     3.7420     3.7420    -0.0000
 11   0     5.8800     6.0000     0.1200     3.8470     3.8470     0.0000
 12   0     5.9811     6.0000     0.0189     3.5328     3.5328     0.0000
 13   0     5.8352     6.0000     0.1648     4.0314     4.0314     0.0000
 14   0     6.0319     6.0000    -0.0319     3.7540     3.7540    -0.0000
 15   0     5.9186     6.0000     0.0814     3.7419     3.7419    -0.0000
 16   0     6.0713     6.0000    -0.0713     3.7864     3.7864     0.0000
 17   0     8.2238     8.0000    -0.2238     2.2635     2.2635     0.0000
 18   0     5.9785     6.0000     0.0215     4.0599     4.0599    -0.0000
 19   0     8.2625     8.0000    -0.2625     2.2444     2.2444    -0.0000
 20   0     5.8247     6.0000     0.1753     3.6274     3.6274    -0.0000
 21   0     5.8383     6.0000     0.1617     3.8056     3.8056    -0.0000
 22   0     6.0386     6.0000    -0.0386     3.8960     3.8960     0.0000
 23   0     5.9583     6.0000     0.0417     3.7679     3.7679    -0.0000
 24   0     5.9735     6.0000     0.0265     3.7859     3.7859    -0.0000
 25   0     6.0286     6.0000    -0.0286     3.8075     3.8075    -0.0000
 26   0     6.0546     6.0000    -0.0546     3.7943     3.7943     0.0000
 27   0     5.7520     6.0000     0.2480     4.1801     4.1801    -0.0000
 28   0     8.2418     8.0000    -0.2418     2.3072     2.3072    -0.0000
 29   0     8.2430     8.0000    -0.2430     2.2225     2.2225    -0.0000
 30   0     8.2188     8.0000    -0.2188     2.2197     2.2197    -0.0000
 31   0     5.8895     6.0000     0.1105     3.9398     3.9398    -0.0000
 32   0     1.0035     1.0000    -0.0035     0.9902     0.9902    -0.0000
 33   0     0.9881     1.0000     0.0119     0.9861     0.9861    -0.0000
 34   0     0.9899     1.0000     0.0101     0.9840     0.9840    -0.0000
 35   0     0.9774     1.0000     0.0226     0.9975     0.9975     0.0000
 36   0     0.9918     1.0000     0.0082     0.9880     0.9880    -0.0000
 37   0     0.9567     1.0000     0.0433     0.9879     0.9879    -0.0000
 38   0     0.9638     1.0000     0.0362     0.9980     0.9980    -0.0000
 39   0     1.0412     1.0000    -0.0412     1.0366     1.0366    -0.0000
 40   0     1.0110     1.0000    -0.0110     0.9960     0.9960    -0.0000
 41   0     1.0183     1.0000    -0.0183     0.9783     0.9783    -0.0000
 42   0     1.0402     1.0000    -0.0402     0.9782     0.9782    -0.0000
 43   0     0.7843     1.0000     0.2157     1.0164     1.0164     0.0000
 44   0     1.0412     1.0000    -0.0412     0.9886     0.9886     0.0000
 45   0     1.0147     1.0000    -0.0147     0.9779     0.9779    -0.0000
 46   0     1.0198     1.0000    -0.0198     0.9782     0.9782    -0.0000
 47   0     1.0146     1.0000    -0.0146     0.9940     0.9940     0.0000
 48   0     0.8036     1.0000     0.1964     1.0128     1.0128    -0.0000
 49   0     0.9624     1.0000     0.0376     0.9990     0.9990     0.0000
 50   0     1.0366     1.0000    -0.0366     0.9970     0.9970     0.0000
 51   0     0.9533     1.0000     0.0467     0.9850     0.9850    -0.0000
      Bond orders larger than 0.1000000
           Atom A     A.N. of A          Atom B    A.N. of B              Bond order
                0             6               1            6                1.094621
                0             6              32            1                0.958924
                0             6              33            1                0.963671
                0             6              34            1                0.961479
                1             6               2            6                1.085641
                1             6              35            1                0.944962
                1             6              36            1                0.944619
                2             6               3            6                1.041700
                2             6              37            1                0.910166
                2             6              38            1                0.895848
                3             6               4            8                1.974772
                3             6               5            6                0.997473
                5             6               6            6                1.371392
                5             6              10            6                1.319627
                6             6               7            6                1.330070
                6             6              31            6                1.109834
                7             6               8            6                1.327929
                7             6              30            8                1.189411
                8             6               9            6                1.378017
                8             6              20            6                0.884146
                9             6              10            6                1.258478
                9             6              11            6                1.013484
               10             6              39            1                1.011927
               11             6              12            6                1.316327
               11             6              16            6                1.410861
               12             6              13            6                1.244181
               12             6              18            6                1.019129
               13             6              14            6                1.315547
               13             6              17            8                1.278639
               14             6              15            6                1.360249
               14             6              40            1                0.994518
               15             6              16            6                1.301203
               15             6              41            1                0.986038
               16             6              42            1                0.997947
               17             8              43            1                0.905276
               18             6              19            8                2.122880
               18             6              20            6                0.837752
               19             8              20            6               -0.114702
               20             6              21            6                0.921565
               20             6              29            8                1.067193
               21             6              22            6                1.387017
               21             6              26            6                1.377618
               22             6              23            6                1.380422
               22             6              44            1                0.985078
               23             6              24            6                1.323755
               23             6              45            1                0.992836
               24             6              25            6                1.391699
               24             6              46            1                0.988437
               25             6              26            6                1.331871
               25             6              47            1                1.000049
               26             6              27            6                0.937415
               27             6              28            8                2.141055
               27             6              29            8                1.076813
               30             8              48            1                0.921837
               31             6              49            1                0.927758
               31             6              50            1                0.926344
               31             6              51            1                0.939012
# -----------------------------------------------------------
$ Calculation_Info
   description: Details of the calculation
   geom. index: 1
   prop. index: 1
     Multiplicity:                          1
     Charge:                                0
     number of atoms:                       52
     number of electrons:                   0
     number of frozen core electrons:       1
     number of correlated electrons:        0
     number of basis functions:             548
     number of aux C basis functions:       0
     number of aux J basis functions:       1788
     number of aux JK basis functions:      0
     number of aux CABS basis functions:    0
     Total Energy                           -1452.185737
# -----------------------------------------------------------
$ SCF_Electric_Properties
   description: The SCF Calculated Electric Properties
   geom. index: 1
   prop. index: 1
       Filename                          : 205.scfp 
       Do Dipole Moment Calculation      : true 
       Do Quadrupole Moment Calculation  : false 
       Do Polarizability Calculation     : true 
** Dipole moment part of electric properties **
        Magnitude of dipole moment (Debye) :        5.8339791632
        Electronic Contribution:
                  0    
      0      36.848452
      1       6.275657
      2      -9.606056
        Nuclear Contribution:
                  0    
      0     -38.161982
      1      -6.611317
      2      11.458081
        Total Dipole moment:
                  0    
      0      -1.313530
      1      -0.335659
      2       1.852025
** Polarizabilities part of electric properties **
        Isotropic polarizability :      305.0171043281
        The raw cartesian tensor (atomic units):
                  0          1          2    
      0     361.954577 -10.802139   5.164239
      1     -10.802139 269.731441 -80.512048
      2       5.164239 -80.512048 283.365294
        Diagonalised polarizability tensor :
                  0    
      0     195.628112
      1     348.355589
      2     371.067613
# -------------------------------------------------------------
----------------------- !GEOMETRIES! ------------------------
# -------------------------------------------------------------
------------------------ !GEOMETRY! -------------------------
    Number of atoms:    52 
    Geometry Index:     1 
    Coordinates:
               0 C     -6.742240000000   -1.231777000000    0.307106000000
               1 C     -5.718694000000   -0.208537000000   -0.074953000000
               2 C     -4.294949000000   -0.722491000000    0.342137000000
               3 C     -3.370887000000    0.322037000000   -0.061981000000
               4 O     -3.830385000000    1.444468000000   -0.531401000000
               5 C     -1.929003000000    0.236516000000   -0.002995000000
               6 C     -1.284234000000   -0.635913000000    0.832677000000
               7 C      0.104366000000   -0.736302000000    0.808865000000
               8 C      0.809104000000    0.093611000000   -0.101916000000
               9 C      0.168350000000    0.964398000000   -0.928903000000
              10 C     -1.187870000000    1.050604000000   -0.898020000000
              11 C      0.897526000000    1.903166000000   -1.809618000000
              12 C      2.294702000000    1.897710000000   -1.771728000000
              13 C      3.045490000000    2.673887000000   -2.641221000000
              14 C      2.366515000000    3.468752000000   -3.557364000000
              15 C      1.000496000000    3.464738000000   -3.578090000000
              16 C      0.242975000000    2.688410000000   -2.712206000000
              17 O      4.407211000000    2.681605000000   -2.628529000000
              18 C      2.911771000000    1.124388000000   -0.714605000000
              19 O      4.039574000000    1.542730000000   -0.255441000000
              20 C      2.269179000000   -0.075781000000   -0.201093000000
              21 C      2.878419000000   -0.579833000000    1.036628000000
              22 C      3.013960000000   -0.099872000000    2.339502000000
              23 C      3.670308000000   -0.804762000000    3.327233000000
              24 C      4.212200000000   -2.032628000000    3.007923000000
              25 C      4.102171000000   -2.545869000000    1.733661000000
              26 C      3.430112000000   -1.798897000000    0.767257000000
              27 C      3.175249000000   -2.118490000000   -0.626343000000
              28 O      3.519812000000   -3.153628000000   -1.267287000000
              29 O      2.483171000000   -1.092824000000   -1.152055000000
              30 O      0.843106000000   -1.578729000000    1.598189000000
              31 C     -1.991926000000   -1.474796000000    1.837358000000
              32 H     -6.333933000000   -2.260397000000    0.181489000000
              33 H     -7.129711000000   -1.095962000000    1.326091000000
              34 H     -7.593596000000   -1.158875000000   -0.403595000000
              35 H     -5.828965000000    0.758891000000    0.452538000000
              36 H     -5.674044000000   -0.080893000000   -1.173848000000
              37 H     -4.163165000000   -1.699817000000   -0.181215000000
              38 H     -4.428867000000   -0.886409000000    1.416952000000
              39 H     -1.775160000000    1.689098000000   -1.499112000000
              40 H      2.954851000000    4.092027000000   -4.254966000000
              41 H      0.447543000000    4.070910000000   -4.275345000000
              42 H     -0.819067000000    2.689055000000   -2.734918000000
              43 H      5.067144000000    2.197519000000   -2.087473000000
              44 H      2.570166000000    0.865766000000    2.530887000000
              45 H      3.763932000000   -0.409977000000    4.338720000000
              46 H      4.732845000000   -2.608304000000    3.761718000000
              47 H      4.522383000000   -3.511713000000    1.462519000000
              48 H      0.524661000000   -2.212712000000    2.259858000000
              49 H     -2.559496000000   -2.261804000000    1.369818000000
              50 H     -1.266398000000   -2.011533000000    2.523283000000
              51 H     -2.546702000000   -0.830762000000    2.563811000000
