-------------------------------------------------------------
----------------------- !PROPERTIES! ------------------------
-------------------------------------------------------------
# -----------------------------------------------------------
$ SCF_Energy
   description: The SCF energy
   geom. index: 1
   prop. index: 1
        SCF Energy:    -1510.7476945734
# -----------------------------------------------------------
$ DFT_Energy
   description: The DFT energy
   geom. index: 1
   prop. index: 1
   Number of Alpha Electrons                108.0000056725 
   Number of Beta  Electrons                108.0000056725 
   Total number of  Electrons               216.0000113451 
   Exchange energy                         -151.6812218223 
   Correlation energy                        -8.8695817069 
   Correlation energy NL                      0.0000000000 
   Exchange-Correlation energy             -160.5508035292 
   Embedding correction                       0.0000000000 
   Total DFT Energy (No VdW correction)   -1510.7476945734 
# -----------------------------------------------------------
$ Mayer_Pop
   description: The Mayer population analysis
   geom. index: 1
   prop. index: 1
     Number of atoms                     : 47
     Threshold for printing              : 0.1000000
     Number of bond orders printed       : 50
  NA   - Mulliken gross atomic population
  ZA   - Total nuclear charge
  QA   - Mulliken gross atomic charge
  VA   - Mayer's total valence
  BVA  - Mayer's bonded valence
  FA   - Mayer's free valence
  ATOM       NA         ZA         QA         VA         BVA        FA
  0   0     5.9980     6.0000     0.0020     4.1606     4.1606     0.0000
  1   0     5.9570     6.0000     0.0430     3.9266     3.9266    -0.0000
  2   0     5.8766     6.0000     0.1234     4.2965     4.2965    -0.0000
  3   0     8.2490     8.0000    -0.2490     2.2705     2.2705     0.0000
  4   0     7.3594     7.0000    -0.3594     3.1687     3.1687    -0.0000
  5   0     5.8394     6.0000     0.1606     4.0262     4.0262     0.0000
  6   0     5.7819     6.0000     0.2181     3.9798     3.9798     0.0000
  7   0     5.8628     6.0000     0.1372     3.9679     3.9679    -0.0000
  8   0     5.9867     6.0000     0.0133     3.8520     3.8520     0.0000
  9   0     5.9723     6.0000     0.0277     3.8576     3.8576     0.0000
 10   0     6.0474     6.0000    -0.0474     3.7799     3.7799    -0.0000
 11   0     5.6866     6.0000     0.3134     3.8415     3.8415     0.0000
 12   0     6.0393     6.0000    -0.0393     3.8168     3.8168     0.0000
 13   0     6.0079     6.0000    -0.0079     3.7963     3.7963     0.0000
 14   0     9.2168     9.0000    -0.2168     1.1426     1.1426     0.0000
 15   0     7.2030     7.0000    -0.2030     3.1482     3.1482     0.0000
 16   0     5.9247     6.0000     0.0753     4.2530     4.2530     0.0000
 17   0     7.0915     7.0000    -0.0915     3.1381     3.1381     0.0000
 18   0     5.9362     6.0000     0.0638     4.0276     4.0276    -0.0000
 19   0     6.0549     6.0000    -0.0549     3.7635     3.7635    -0.0000
 20   0     5.9072     6.0000     0.0928     3.9903     3.9903    -0.0000
 21   0     7.1315     7.0000    -0.1315     3.1417     3.1417     0.0000
 22   0     5.8650     6.0000     0.1350     4.0045     4.0045    -0.0000
 23   0     7.1233     7.0000    -0.1233     2.9813     2.9813    -0.0000
 24   0     7.1030     7.0000    -0.1030     2.9853     2.9853    -0.0000
 25   0     6.0020     6.0000    -0.0020     3.9828     3.9828    -0.0000
 26   0     8.1373     8.0000    -0.1373     2.4389     2.4389    -0.0000
 27   0     5.4456     6.0000     0.5544     4.1272     4.1272     0.0000
 28   0     9.2198     9.0000    -0.2198     1.1292     1.1292    -0.0000
 29   0     9.2270     9.0000    -0.2270     1.1210     1.1210     0.0000
 30   0     0.9882     1.0000     0.0118     0.9907     0.9907    -0.0000
 31   0     0.9961     1.0000     0.0039     0.9784     0.9784     0.0000
 32   0     0.9667     1.0000     0.0333     0.9939     0.9939    -0.0000
 33   0     0.9557     1.0000     0.0443     0.9912     0.9912    -0.0000
 34   0     0.9940     1.0000     0.0060     0.9705     0.9705     0.0000
 35   0     0.9919     1.0000     0.0081     0.9821     0.9821     0.0000
 36   0     1.0005     1.0000    -0.0005     1.0060     1.0060     0.0000
 37   0     0.9731     1.0000     0.0269     1.0147     1.0147     0.0000
 38   0     0.9993     1.0000     0.0007     1.0059     1.0059    -0.0000
 39   0     1.0281     1.0000    -0.0281     0.9907     0.9907    -0.0000
 40   0     1.0169     1.0000    -0.0169     0.9905     0.9905    -0.0000
 41   0     1.0261     1.0000    -0.0261     0.9916     0.9916    -0.0000
 42   0     1.0270     1.0000    -0.0270     1.0026     1.0026     0.0000
 43   0     0.8625     1.0000     0.1375     1.0162     1.0162     0.0000
 44   0     0.9702     1.0000     0.0298     1.0115     1.0115     0.0000
 45   0     0.9831     1.0000     0.0169     0.9978     0.9978     0.0000
 46   0     0.9674     1.0000     0.0326     1.0057     1.0057     0.0000
      Bond orders larger than 0.1000000
           Atom A     A.N. of A          Atom B    A.N. of B              Bond order
                0             6               1            6                1.110760
                0             6               5            6                1.102753
                0             6              30            1                0.931806
                0             6              31            1                0.934221
                1             6               2            6                1.000886
                1             6              32            1                0.912422
                1             6              33            1                0.915877
                2             6               3            8                2.088306
                2             6               4            7                1.081839
                4             7               5            6                0.965451
                4             7               6            6                0.994528
                5             6              34            1                0.927858
                5             6              35            1                0.945199
                6             6               7            6                1.064383
                6             6              36            1                0.924061
                6             6              37            1                0.916004
                7             6               8            6                0.980584
                7             6              15            7                0.964816
                7             6              38            1                0.893570
                8             6               9            6                1.403373
                8             6              13            6                1.372557
                9             6              10            6                1.340876
                9             6              39            1                0.990956
               10             6              11            6                1.340041
               10             6              40            1                0.996056
               11             6              12            6                1.366100
               11             6              14            9                1.055316
               12             6              13            6                1.338473
               12             6              41            1                1.002195
               13             6              42            1                0.979481
               15             7              16            6                1.146612
               15             7              43            1                0.903124
               16             6              17            7                1.473617
               16             6              21            7                1.420661
               17             7              18            6                1.544911
               18             6              19            6                1.363929
               18             6              44            1                0.975579
               19             6              20            6                1.322898
               19             6              22            6                1.013700
               20             6              21            7                1.550748
               20             6              45            1                0.980651
               22             6              23            7                1.630543
               22             6              26            8                1.202019
               23             7              24            7                1.234342
               24             7              25            6                1.636101
               25             6              26            8                1.166736
               25             6              27            6                0.999959
               27             6              28            9                1.079899
               27             6              29            9                1.071964
               27             6              46            1                0.948328
# -----------------------------------------------------------
$ Calculation_Info
   description: Details of the calculation
   geom. index: 1
   prop. index: 1
     Multiplicity:                          1
     Charge:                                0
     number of atoms:                       47
     number of electrons:                   0
     number of frozen core electrons:       1
     number of correlated electrons:        0
     number of basis functions:             505
     number of aux C basis functions:       0
     number of aux J basis functions:       1657
     number of aux JK basis functions:      0
     number of aux CABS basis functions:    0
     Total Energy                           -1510.747695
# -----------------------------------------------------------
$ SCF_Electric_Properties
   description: The SCF Calculated Electric Properties
   geom. index: 1
   prop. index: 1
       Filename                          : 208.scfp 
       Do Dipole Moment Calculation      : true 
       Do Quadrupole Moment Calculation  : false 
       Do Polarizability Calculation     : true 
** Dipole moment part of electric properties **
        Magnitude of dipole moment (Debye) :        3.2952772604
        Electronic Contribution:
                  0    
      0      48.327068
      1      -8.790810
      2      13.506354
        Nuclear Contribution:
                  0    
      0     -48.904407
      1       9.025202
      2     -14.643229
        Total Dipole moment:
                  0    
      0      -0.577339
      1       0.234391
      2      -1.136875
** Polarizabilities part of electric properties **
        Isotropic polarizability :      253.9955145114
        The raw cartesian tensor (atomic units):
                  0          1          2    
      0     326.215724  -5.451947  10.162018
      1      -5.451947 206.412168 -15.502946
      2      10.162018 -15.502946 229.358652
        Diagonalised polarizability tensor :
                  0    
      0     198.598014
      1     235.703791
      2     327.684738
# -------------------------------------------------------------
----------------------- !GEOMETRIES! ------------------------
# -------------------------------------------------------------
------------------------ !GEOMETRY! -------------------------
    Number of atoms:    47 
    Geometry Index:     1 
    Coordinates:
               0 C     -3.671222000000    2.433343000000   -2.291877000000
               1 C     -4.144167000000    3.165147000000   -1.048883000000
               2 C     -4.279287000000    2.127233000000    0.003073000000
               3 O     -4.679725000000    2.273845000000    1.178527000000
               4 N     -3.849496000000    0.881277000000   -0.602359000000
               5 C     -4.125949000000    0.994135000000   -2.004274000000
               6 C     -3.294940000000   -0.233933000000    0.113641000000
               7 C     -1.812005000000   -0.155360000000    0.303521000000
               8 C     -1.365588000000   -1.376054000000    1.080430000000
               9 C     -1.041839000000   -1.291523000000    2.416777000000
              10 C     -0.642901000000   -2.439363000000    3.065534000000
              11 C     -0.581762000000   -3.630039000000    2.356118000000
              12 C     -0.905535000000   -3.717020000000    1.017728000000
              13 C     -1.304647000000   -2.555567000000    0.379136000000
              14 F     -0.187006000000   -4.758147000000    3.004206000000
              15 N     -1.116466000000   -0.152723000000   -0.953261000000
              16 C      0.325491000000   -0.038029000000   -0.915369000000
              17 N      1.023302000000   -0.029732000000   -2.040267000000
              18 C      2.357079000000    0.076208000000   -2.010204000000
              19 C      3.024167000000    0.177466000000   -0.826865000000
              20 C      2.303014000000    0.169325000000    0.346301000000
              21 N      0.975135000000    0.061318000000    0.254953000000
              22 C      4.489966000000    0.293052000000   -0.816046000000
              23 N      5.292745000000    0.312208000000   -1.876327000000
              24 N      6.545117000000    0.429000000000   -1.431769000000
              25 C      6.499581000000    0.480396000000   -0.104160000000
              26 O      5.242872000000    0.396422000000    0.252049000000
              27 C      7.698317000000    0.611783000000    0.794530000000
              28 F      7.741003000000   -0.471310000000    1.648727000000
              29 F      7.569175000000    1.752878000000    1.578010000000
              30 H     -2.586991000000    2.480384000000   -2.427719000000
              31 H     -4.199587000000    2.807811000000   -3.180357000000
              32 H     -5.118394000000    3.638666000000   -1.272519000000
              33 H     -3.387520000000    3.917813000000   -0.744142000000
              34 H     -5.240003000000    0.982127000000   -2.121878000000
              35 H     -3.621158000000    0.328315000000   -2.678577000000
              36 H     -3.534837000000   -1.207217000000   -0.393772000000
              37 H     -3.740537000000   -0.290010000000    1.135613000000
              38 H     -1.568043000000    0.764859000000    0.896106000000
              39 H     -1.110895000000   -0.333245000000    2.909924000000
              40 H     -0.387923000000   -2.377461000000    4.114287000000
              41 H     -0.845301000000   -4.654483000000    0.506609000000
              42 H     -1.567225000000   -2.603485000000   -0.688262000000
              43 H     -1.538415000000   -0.230558000000   -1.894172000000
              44 H      2.902624000000    0.079814000000   -2.959324000000
              45 H      2.842449000000    0.250711000000    1.291553000000
              46 H      8.617329000000    0.659722000000    0.195378000000
