-------------------------------------------------------------
----------------------- !PROPERTIES! ------------------------
-------------------------------------------------------------
# -----------------------------------------------------------
$ SCF_Energy
   description: The SCF energy
   geom. index: 1
   prop. index: 1
        SCF Energy:     -661.4891290432
# -----------------------------------------------------------
$ DFT_Energy
   description: The DFT energy
   geom. index: 1
   prop. index: 1
   Number of Alpha Electrons                 61.9999312571 
   Number of Beta  Electrons                 61.9999312571 
   Total number of  Electrons               123.9998625142 
   Exchange energy                          -75.5690788271 
   Correlation energy                        -4.8224930473 
   Correlation energy NL                      0.0000000000 
   Exchange-Correlation energy              -80.3915718744 
   Embedding correction                       0.0000000000 
   Total DFT Energy (No VdW correction)    -661.4891290432 
# -----------------------------------------------------------
$ Mayer_Pop
   description: The Mayer population analysis
   geom. index: 1
   prop. index: 1
     Number of atoms                     : 42
     Threshold for printing              : 0.1000000
     Number of bond orders printed       : 43
  NA   - Mulliken gross atomic population
  ZA   - Total nuclear charge
  QA   - Mulliken gross atomic charge
  VA   - Mayer's total valence
  BVA  - Mayer's bonded valence
  FA   - Mayer's free valence
  ATOM       NA         ZA         QA         VA         BVA        FA
  0   0     5.9067     6.0000     0.0933     3.9234     3.9234     0.0000
  1   0     6.0892     6.0000    -0.0892     4.1799     4.1799    -0.0000
  2   0     5.8700     6.0000     0.1300     3.8211     3.8211    -0.0000
  3   0     6.0747     6.0000    -0.0747     4.4071     4.4071     0.0000
  4   0     8.1913     8.0000    -0.1913     2.2671     2.2671     0.0000
  5   0     5.8231     6.0000     0.1769     3.8201     3.8201     0.0000
  6   0     6.1051     6.0000    -0.1051     4.1106     4.1106     0.0000
  7   0     6.2684     6.0000    -0.2684     4.2335     4.2335     0.0000
  8   0     5.8356     6.0000     0.1644     3.9594     3.9594     0.0000
  9   0     6.0943     6.0000    -0.0943     4.1687     4.1687    -0.0000
 10   0     5.9143     6.0000     0.0857     4.0826     4.0826    -0.0000
 11   0     5.8780     6.0000     0.1220     4.0693     4.0693    -0.0000
 12   0     6.0888     6.0000    -0.0888     4.2319     4.2319     0.0000
 13   0     5.9551     6.0000     0.0449     3.9739     3.9739     0.0000
 14   0     5.9521     6.0000     0.0479     3.9519     3.9519     0.0000
 15   0     5.9242     6.0000     0.0758     3.9046     3.9046     0.0000
 16   0     1.0000     1.0000    -0.0000     0.9966     0.9966    -0.0000
 17   0     0.9930     1.0000     0.0070     0.9848     0.9848    -0.0000
 18   0     0.9853     1.0000     0.0147     0.9989     0.9989     0.0000
 19   0     1.0133     1.0000    -0.0133     0.9768     0.9768     0.0000
 20   0     0.9909     1.0000     0.0091     1.0062     1.0062    -0.0000
 21   0     0.9752     1.0000     0.0248     1.0024     1.0024    -0.0000
 22   0     0.9998     1.0000     0.0002     1.0086     1.0086    -0.0000
 23   0     0.9820     1.0000     0.0180     0.9999     0.9999    -0.0000
 24   0     1.0177     1.0000    -0.0177     0.9753     0.9753     0.0000
 25   0     1.0297     1.0000    -0.0297     1.0055     1.0055    -0.0000
 26   0     1.0165     1.0000    -0.0165     1.0012     1.0012     0.0000
 27   0     1.0206     1.0000    -0.0206     0.9704     0.9704     0.0000
 28   0     1.0155     1.0000    -0.0155     0.9846     0.9846    -0.0000
 29   0     1.0055     1.0000    -0.0055     0.9710     0.9710    -0.0000
 30   0     1.0023     1.0000    -0.0023     0.9754     0.9754    -0.0000
 31   0     1.0219     1.0000    -0.0219     0.9849     0.9849     0.0000
 32   0     1.0146     1.0000    -0.0146     0.9659     0.9659     0.0000
 33   0     0.9979     1.0000     0.0021     0.9894     0.9894     0.0000
 34   0     0.9823     1.0000     0.0177     0.9978     0.9978     0.0000
 35   0     0.9964     1.0000     0.0036     0.9842     0.9842     0.0000
 36   0     0.9939     1.0000     0.0061     0.9809     0.9809    -0.0000
 37   0     0.9950     1.0000     0.0050     0.9980     0.9980     0.0000
 38   0     0.9967     1.0000     0.0033     1.0043     1.0043     0.0000
 39   0     0.9905     1.0000     0.0095     0.9997     0.9997     0.0000
 40   0     1.0093     1.0000    -0.0093     1.0057     1.0057     0.0000
 41   0     0.9836     1.0000     0.0164     1.0001     1.0001     0.0000
      Bond orders larger than 0.1000000
           Atom A     A.N. of A          Atom B    A.N. of B              Bond order
                0             6               1            6                1.067968
                0             6              16            1                0.950270
                0             6              17            1                0.948190
                0             6              18            1                0.946984
                1             6               2            6                1.052442
                1             6               7            6                1.028283
                1             6              19            1                0.898200
                2             6               3            6                1.024319
                2             6              20            1                0.896539
                2             6              21            1                0.886314
                3             6               4            8                2.191310
                3             6               5            6                1.011727
                5             6               6            6                1.046693
                5             6              22            1                0.894612
                5             6              23            1                0.894898
                6             6               7            6                0.999811
                6             6              11            6                1.052464
                6             6              24            1                0.889238
                7             6               8            6                1.074840
                7             6              15            6                1.004779
                8             6               9            6                1.073786
                8             6              25            1                0.895410
                8             6              26            1                0.899822
                9             6              10            6                1.059244
                9             6              12            6                1.053292
                9             6              27            1                0.884853
               10             6              11            6                1.151840
               10             6              28            1                0.910954
               10             6              29            1                0.912799
               11             6              30            1                0.910683
               11             6              31            1                0.900381
               12             6              13            6                1.086001
               12             6              14            6                1.070682
               12             6              32            1                0.918610
               13             6              33            1                0.960122
               13             6              34            1                0.952957
               13             6              35            1                0.956923
               14             6              36            1                0.956085
               14             6              37            1                0.958483
               14             6              38            1                0.960010
               15             6              39            1                0.940279
               15             6              40            1                0.949649
               15             6              41            1                0.957162
# -----------------------------------------------------------
$ Calculation_Info
   description: Details of the calculation
   geom. index: 1
   prop. index: 1
     Multiplicity:                          1
     Charge:                                0
     number of atoms:                       42
     number of electrons:                   0
     number of frozen core electrons:       1
     number of correlated electrons:        0
     number of basis functions:             354
     number of aux C basis functions:       0
     number of aux J basis functions:       1070
     number of aux JK basis functions:      0
     number of aux CABS basis functions:    0
     Total Energy                           -661.489129
# -----------------------------------------------------------
$ SCF_Electric_Properties
   description: The SCF Calculated Electric Properties
   geom. index: 1
   prop. index: 1
       Filename                          : 268.scfp 
       Do Dipole Moment Calculation      : true 
       Do Quadrupole Moment Calculation  : false 
       Do Polarizability Calculation     : true 
** Dipole moment part of electric properties **
        Magnitude of dipole moment (Debye) :        3.3330195446
        Electronic Contribution:
                  0    
      0     -15.638575
      1       5.550044
      2       0.190130
        Nuclear Contribution:
                  0    
      0      16.801927
      1      -6.084619
      2       0.093254
        Total Dipole moment:
                  0    
      0       1.163352
      1      -0.534576
      2       0.283383
** Polarizabilities part of electric properties **
        Isotropic polarizability :      154.7635928722
        The raw cartesian tensor (atomic units):
                  0          1          2    
      0     176.363646  -0.518130   1.684686
      1      -0.518130 152.468035   5.610650
      2       1.684686   5.610650 135.459098
        Diagonalised polarizability tensor :
                  0    
      0     133.702256
      1     154.152053
      2     176.436469
# -------------------------------------------------------------
----------------------- !GEOMETRIES! ------------------------
# -------------------------------------------------------------
------------------------ !GEOMETRY! -------------------------
    Number of atoms:    42 
    Geometry Index:     1 
    Coordinates:
               0 C     -1.520847000000   -2.409459000000   -1.045884000000
               1 C     -1.726057000000   -0.960767000000   -0.879318000000
               2 C     -3.166551000000   -0.721146000000   -0.452055000000
               3 C     -3.446060000000    0.667020000000   -0.099520000000
               4 O     -4.486923000000    1.188551000000   -0.430347000000
               5 C     -2.465660000000    1.465781000000    0.668273000000
               6 C     -1.102510000000    1.182885000000    0.018616000000
               7 C     -0.794962000000   -0.278342000000    0.088133000000
               8 C      0.634097000000   -0.491335000000   -0.292905000000
               9 C      1.568997000000    0.181982000000    0.658236000000
              10 C      1.125112000000    1.500823000000    1.164107000000
              11 C     -0.044884000000    2.103705000000    0.480708000000
              12 C      2.981033000000    0.221131000000    0.070381000000
              13 C      3.456229000000   -1.196942000000   -0.179210000000
              14 C      3.064389000000    1.029546000000   -1.174992000000
              15 C     -1.021007000000   -0.882167000000    1.447136000000
              16 H     -2.432283000000   -3.006068000000   -0.760493000000
              17 H     -1.389524000000   -2.628154000000   -2.142250000000
              18 H     -0.682005000000   -2.859477000000   -0.526394000000
              19 H     -1.617270000000   -0.403595000000   -1.856153000000
              20 H     -3.789452000000   -1.043337000000   -1.336892000000
              21 H     -3.435087000000   -1.428684000000    0.357635000000
              22 H     -2.657238000000    2.565076000000    0.576195000000
              23 H     -2.455172000000    1.242341000000    1.743283000000
              24 H     -1.294999000000    1.412442000000   -1.071144000000
              25 H      0.756333000000   -0.162448000000   -1.345965000000
              26 H      0.882218000000   -1.573603000000   -0.281632000000
              27 H      1.670930000000   -0.505904000000    1.550704000000
              28 H      2.006408000000    2.205089000000    1.065130000000
              29 H      0.936534000000    1.497246000000    2.279453000000
              30 H      0.337169000000    2.782860000000   -0.335987000000
              31 H     -0.527541000000    2.831233000000    1.201477000000
              32 H      3.647050000000    0.673824000000    0.834078000000
              33 H      3.467441000000   -1.774147000000    0.768162000000
              34 H      2.818697000000   -1.711305000000   -0.921546000000
              35 H      4.492452000000   -1.122361000000   -0.587059000000
              36 H      4.006044000000    1.650227000000   -1.166477000000
              37 H      3.179193000000    0.370707000000   -2.075456000000
              38 H      2.236758000000    1.716715000000   -1.343704000000
              39 H     -2.058186000000   -0.757360000000    1.818069000000
              40 H     -0.888909000000   -1.993426000000    1.319531000000
              41 H     -0.263960000000   -0.579157000000    2.196073000000
