-------------------------------------------------------------
----------------------- !PROPERTIES! ------------------------
-------------------------------------------------------------
# -----------------------------------------------------------
$ SCF_Energy
   description: The SCF energy
   geom. index: 1
   prop. index: 1
        SCF Energy:    -2154.0359561034
# -----------------------------------------------------------
$ DFT_Energy
   description: The DFT energy
   geom. index: 1
   prop. index: 1
   Number of Alpha Electrons                178.9999811827 
   Number of Beta  Electrons                178.9999811827 
   Total number of  Electrons               357.9999623655 
   Exchange energy                         -232.7363755433 
   Correlation energy                       -14.2549851812 
   Correlation energy NL                      0.0000000000 
   Exchange-Correlation energy             -246.9913607245 
   Embedding correction                       0.0000000000 
   Total DFT Energy (No VdW correction)   -2154.0359561034 
# -----------------------------------------------------------
$ Mayer_Pop
   description: The Mayer population analysis
   geom. index: 1
   prop. index: 1
     Number of atoms                     : 99
     Threshold for printing              : 0.1000000
     Number of bond orders printed       : 104
  NA   - Mulliken gross atomic population
  ZA   - Total nuclear charge
  QA   - Mulliken gross atomic charge
  VA   - Mayer's total valence
  BVA  - Mayer's bonded valence
  FA   - Mayer's free valence
  ATOM       NA         ZA         QA         VA         BVA        FA
  0   0     5.9111     6.0000     0.0889     3.9226     3.9226     0.0000
  1   0     6.2143     6.0000    -0.2143     4.2340     4.2340     0.0000
  2   0     6.1190     6.0000    -0.1190     4.0582     4.0582     0.0000
  3   0     5.8767     6.0000     0.1233     3.9600     3.9600     0.0000
  4   0     5.8825     6.0000     0.1175     4.0037     4.0037     0.0000
  5   0     6.2196     6.0000    -0.2196     4.2709     4.2709     0.0000
  6   0     6.0899     6.0000    -0.0899     3.9831     3.9831    -0.0000
  7   0     5.9419     6.0000     0.0581     3.9711     3.9711     0.0000
  8   0     5.8472     6.0000     0.1528     3.9465     3.9465     0.0000
  9   0     6.0573     6.0000    -0.0573     4.0014     4.0014     0.0000
 10   0     5.9483     6.0000     0.0517     3.7231     3.7231    -0.0000
 11   0     8.1435     8.0000    -0.1435     2.4484     2.4484    -0.0000
 12   0     5.8679     6.0000     0.1321     3.7965     3.7965     0.0000
 13   0     6.1300     6.0000    -0.1300     3.8396     3.8396    -0.0000
 14   0     5.9034     6.0000     0.0966     3.5798     3.5798     0.0000
 15   0     5.8662     6.0000     0.1338     3.9631     3.9631     0.0000
 16   0     6.0265     6.0000    -0.0265     3.7620     3.7620    -0.0000
 17   0     6.0139     6.0000    -0.0139     3.7748     3.7748     0.0000
 18   0     5.7829     6.0000     0.2171     3.8554     3.8554     0.0000
 19   0     6.0851     6.0000    -0.0851     3.7762     3.7762    -0.0000
 20   0     8.3101     8.0000    -0.3101     2.0799     2.0799     0.0000
 21   0     8.2547     8.0000    -0.2547     2.2212     2.2212    -0.0000
 22   0     5.8809     6.0000     0.1191     3.8889     3.8889     0.0000
 23   0     6.0669     6.0000    -0.0669     3.9511     3.9511     0.0000
 24   0     6.0568     6.0000    -0.0568     3.8230     3.8230    -0.0000
 25   0     5.7215     6.0000     0.2785     4.1899     4.1899     0.0000
 26   0     8.2509     8.0000    -0.2509     2.2839     2.2839    -0.0000
 27   0     8.2487     8.0000    -0.2487     2.2133     2.2133    -0.0000
 28   0     5.8969     6.0000     0.1031     4.0088     4.0088    -0.0000
 29   0     5.9124     6.0000     0.0876     3.9438     3.9438    -0.0000
 30   0     6.1473     6.0000    -0.1473     4.0097     4.0097     0.0000
 31   0     6.1392     6.0000    -0.1392     4.1817     4.1817     0.0000
 32   0     5.9000     6.0000     0.1000     3.9276     3.9276     0.0000
 33   0     5.9058     6.0000     0.0942     4.0130     4.0130    -0.0000
 34   0     5.8905     6.0000     0.1095     3.9830     3.9830    -0.0000
 35   0     6.0981     6.0000    -0.0981     4.0011     4.0011    -0.0000
 36   0     6.2405     6.0000    -0.2405     4.2222     4.2222    -0.0000
 37   0     5.9117     6.0000     0.0883     3.9111     3.9111     0.0000
 38   0     5.9125     6.0000     0.0875     3.9418     3.9418     0.0000
 39   0     6.0185     6.0000    -0.0185     3.7281     3.7281     0.0000
 40   0     5.8692     6.0000     0.1308     4.0718     4.0718     0.0000
 41   0     6.0465     6.0000    -0.0465     3.7738     3.7738     0.0000
 42   0     6.0246     6.0000    -0.0246     3.7723     3.7723     0.0000
 43   0     5.7607     6.0000     0.2393     3.8667     3.8667     0.0000
 44   0     6.0356     6.0000    -0.0356     3.7339     3.7339     0.0000
 45   0     8.2718     8.0000    -0.2718     2.1518     2.1518    -0.0000
 46   0     8.2500     8.0000    -0.2500     2.2262     2.2262     0.0000
 47   0     5.8633     6.0000     0.1367     3.9117     3.9117    -0.0000
 48   0     5.9345     6.0000     0.0655     3.9459     3.9459    -0.0000
 49   0     0.9957     1.0000     0.0043     0.9912     0.9912    -0.0000
 50   0     0.9765     1.0000     0.0235     0.9841     0.9841    -0.0000
 51   0     0.9915     1.0000     0.0085     0.9963     0.9963    -0.0000
 52   0     1.0339     1.0000    -0.0339     0.9882     0.9882     0.0000
 53   0     1.0002     1.0000    -0.0002     0.9727     0.9727     0.0000
 54   0     1.0055     1.0000    -0.0055     0.9977     0.9977     0.0000
 55   0     1.0102     1.0000    -0.0102     0.9880     0.9880    -0.0000
 56   0     1.0082     1.0000    -0.0082     0.9787     0.9787    -0.0000
 57   0     1.0202     1.0000    -0.0202     1.0026     1.0026     0.0000
 58   0     1.0188     1.0000    -0.0188     1.0061     1.0061    -0.0000
 59   0     0.9867     1.0000     0.0133     1.0059     1.0059    -0.0000
 60   0     1.0067     1.0000    -0.0067     0.9853     0.9853     0.0000
 61   0     1.0053     1.0000    -0.0053     1.0068     1.0068    -0.0000
 62   0     1.0462     1.0000    -0.0462     0.9924     0.9924    -0.0000
 63   0     1.0282     1.0000    -0.0282     0.9963     0.9963    -0.0000
 64   0     1.0341     1.0000    -0.0341     0.9948     0.9948     0.0000
 65   0     1.0512     1.0000    -0.0512     1.0058     1.0058    -0.0000
 66   0     0.7872     1.0000     0.2128     0.9754     0.9754     0.0000
 67   0     0.7898     1.0000     0.2102     1.0170     1.0170    -0.0000
 68   0     0.9847     1.0000     0.0153     0.9960     0.9960     0.0000
 69   0     1.0120     1.0000    -0.0120     0.9865     0.9865    -0.0000
 70   0     0.9794     1.0000     0.0206     0.9877     0.9877    -0.0000
 71   0     0.9818     1.0000     0.0182     0.9796     0.9796     0.0000
 72   0     0.9703     1.0000     0.0297     1.0124     1.0124     0.0000
 73   0     1.0302     1.0000    -0.0302     0.9957     0.9957    -0.0000
 74   0     0.9935     1.0000     0.0065     1.0145     1.0145    -0.0000
 75   0     0.9908     1.0000     0.0092     0.9849     0.9849     0.0000
 76   0     0.9758     1.0000     0.0242     0.9931     0.9931    -0.0000
 77   0     1.0050     1.0000    -0.0050     0.9760     0.9760    -0.0000
 78   0     1.0180     1.0000    -0.0180     0.9856     0.9856    -0.0000
 79   0     1.0053     1.0000    -0.0053     0.9708     0.9708    -0.0000
 80   0     1.0123     1.0000    -0.0123     1.0012     1.0012    -0.0000
 81   0     1.0351     1.0000    -0.0351     0.9903     0.9903     0.0000
 82   0     0.9730     1.0000     0.0270     0.9896     0.9896    -0.0000
 83   0     0.9818     1.0000     0.0182     0.9923     0.9923     0.0000
 84   0     0.9965     1.0000     0.0035     0.9968     0.9968    -0.0000
 85   0     1.0061     1.0000    -0.0061     0.9932     0.9932     0.0000
 86   0     0.9620     1.0000     0.0380     0.9926     0.9926     0.0000
 87   0     0.9697     1.0000     0.0303     0.9859     0.9859    -0.0000
 88   0     1.0175     1.0000    -0.0175     0.9957     0.9957    -0.0000
 89   0     1.0179     1.0000    -0.0179     0.9930     0.9930    -0.0000
 90   0     1.0648     1.0000    -0.0648     1.0092     1.0092     0.0000
 91   0     0.7961     1.0000     0.2039     0.9863     0.9863    -0.0000
 92   0     0.7816     1.0000     0.2184     1.0052     1.0052    -0.0000
 93   0     0.9872     1.0000     0.0128     0.9792     0.9792    -0.0000
 94   0     0.9764     1.0000     0.0236     0.9912     0.9912    -0.0000
 95   0     0.9918     1.0000     0.0082     1.0064     1.0064    -0.0000
 96   0     1.0024     1.0000    -0.0024     0.9948     0.9948    -0.0000
 97   0     0.9707     1.0000     0.0293     0.9974     0.9974    -0.0000
 98   0     0.9671     1.0000     0.0329     0.9848     0.9848    -0.0000
      Bond orders larger than 0.1000000
           Atom A     A.N. of A          Atom B    A.N. of B              Bond order
                0             6               1            6                1.075768
                0             6              49            1                0.945728
                0             6              50            1                0.952375
                0             6              51            1                0.959925
                1             6               2            6                1.895550
                1             6              48            6                1.089455
                2             6               3            6                1.076627
                2             6              52            1                0.944213
                3             6               4            6                1.074841
                3             6              53            1                0.898170
                3             6              54            1                0.914428
                4             6               5            6                1.054232
                4             6              55            1                0.922095
                4             6              56            1                0.908591
                5             6               6            6                1.921810
                5             6              47            6                1.100192
                6             6               7            6                1.020887
                6             6              57            1                0.946143
                7             6               8            6                1.094365
                7             6              58            1                0.917030
                7             6              59            1                0.911786
                8             6               9            6                1.085282
                8             6              60            1                0.891107
                8             6              61            1                0.906482
                9             6              10            6                1.535299
                9             6              13            6                1.263843
               10             6              11            8                1.127352
               10             6              12            6                0.126589
               10             6              22            6                0.882730
               11             8              12            6                1.212167
               12             6              13            6                1.432495
               12             6              14            6                0.995329
               13             6              62            1                1.018624
               14             6              15            6                1.285473
               14             6              19            6                1.295566
               15             6              16            6                1.304194
               15             6              21            8                1.244689
               16             6              17            6                1.360980
               16             6              63            1                0.995696
               17             6              18            6                1.323539
               17             6              64            1                1.001401
               18             6              19            6                1.354046
               18             6              20            8                1.067754
               19             6              65            1                1.004922
               20             8              66            1                0.935617
               21             8              67            1                0.915451
               22             6              23            6                1.036687
               22             6              27            8                1.071450
               22             6              39            6                0.838976
               23             6              24            6                1.727627
               23             6              68            1                0.964881
               24             6              25            6                0.980936
               24             6              28            6                1.033022
               25             6              26            8                2.081485
               25             6              27            8                1.041550
               28             6              29            6                1.092885
               28             6              69            1                0.917695
               28             6              70            1                0.913616
               29             6              30            6                1.028386
               29             6              71            1                0.906867
               29             6              72            1                0.913103
               30             6              31            6                1.884814
               30             6              73            1                0.952197
               31             6              32            6                1.104092
               31             6              33            6                1.061217
               32             6              74            1                0.931778
               32             6              75            1                0.931981
               32             6              76            1                0.935042
               33             6              34            6                1.091359
               33             6              77            1                0.904736
               33             6              78            1                0.915639
               34             6              35            6                1.051397
               34             6              79            1                0.901389
               34             6              80            1                0.914636
               35             6              36            6                1.906709
               35             6              81            1                0.956794
               36             6              37            6                1.063070
               36             6              38            6                1.085161
               37             6              82            1                0.956417
               37             6              83            1                0.960622
               37             6              84            1                0.951047
               38             6              85            1                0.943037
               38             6              86            1                0.948063
               38             6              87            1                0.948236
               39             6              40            6                1.363438
               39             6              44            6                1.401788
               40             6              41            6                1.335680
               40             6              46            8                1.218887
               41             6              42            6                1.332105
               41             6              44            6                0.100339
               41             6              88            1                0.999106
               42             6              43            6                1.369880
               42             6              89            1                1.004588
               43             6              44            6                1.241659
               43             6              45            8                1.146638
               44             6              90            1                0.963630
               45             8              91            1                0.931916
               46             8              92            1                0.915442
               47             6              93            1                0.927683
               47             6              94            1                0.932150
               47             6              95            1                0.923834
               48             6              96            1                0.945047
               48             6              97            1                0.946186
               48             6              98            1                0.947550
# -----------------------------------------------------------
$ Calculation_Info
   description: Details of the calculation
   geom. index: 1
   prop. index: 1
     Multiplicity:                          1
     Charge:                                0
     number of atoms:                       99
     number of electrons:                   0
     number of frozen core electrons:       1
     number of correlated electrons:        0
     number of basis functions:             936
     number of aux C basis functions:       0
     number of aux J basis functions:       2951
     number of aux JK basis functions:      0
     number of aux CABS basis functions:    0
     Total Energy                           -2154.035956
# -----------------------------------------------------------
$ SCF_Electric_Properties
   description: The SCF Calculated Electric Properties
   geom. index: 1
   prop. index: 1
       Filename                          : 155.scfp 
       Do Dipole Moment Calculation      : true 
       Do Quadrupole Moment Calculation  : false 
       Do Polarizability Calculation     : true 
** Dipole moment part of electric properties **
        Magnitude of dipole moment (Debye) :        5.0844726320
        Electronic Contribution:
                  0    
      0     -33.186196
      1     -56.618782
      2     -69.849877
        Nuclear Contribution:
                  0    
      0      34.399557
      1      57.778782
      2      68.761974
        Total Dipole moment:
                  0    
      0       1.213362
      1       1.160000
      2      -1.087903
** Polarizabilities part of electric properties **
        Isotropic polarizability :      494.0001536421
        The raw cartesian tensor (atomic units):
                  0          1          2    
      0     516.638956   0.829159  80.108577
      1       0.829159 467.280721  84.854608
      2      80.108577  84.854608 498.080784
        Diagonalised polarizability tensor :
                  0    
      0     375.279868
      1     492.787664
      2     613.932929
# -------------------------------------------------------------
----------------------- !GEOMETRIES! ------------------------
# -------------------------------------------------------------
------------------------ !GEOMETRY! -------------------------
    Number of atoms:    99 
    Geometry Index:     1 
    Coordinates:
               0 C     -6.272512000000    2.761928000000    4.360300000000
               1 C     -4.851952000000    2.282256000000    4.419626000000
               2 C     -3.841619000000    3.125948000000    4.269551000000
               3 C     -2.415558000000    2.791630000000    4.307786000000
               4 C     -1.669988000000    3.066156000000    3.037282000000
               5 C     -2.239712000000    2.262061000000    1.916586000000
               6 C     -1.475019000000    1.379946000000    1.310828000000
               7 C     -1.922821000000    0.518998000000    0.189867000000
               8 C     -1.113770000000    0.713512000000   -1.075726000000
               9 C     -1.609056000000   -0.236574000000   -2.104009000000
              10 C     -1.284669000000   -1.523966000000   -2.280186000000
              11 O     -2.017847000000   -2.015514000000   -3.283502000000
              12 C     -2.800495000000   -1.135319000000   -3.779698000000
              13 C     -2.590384000000    0.053556000000   -3.061643000000
              14 C     -3.776901000000   -1.226114000000   -4.888282000000
              15 C     -3.934700000000   -2.422405000000   -5.547853000000
              16 C     -4.860949000000   -2.534367000000   -6.599284000000
              17 C     -5.595866000000   -1.435640000000   -6.949758000000
              18 C     -5.423800000000   -0.237262000000   -6.274526000000
              19 C     -4.515001000000   -0.146673000000   -5.250174000000
              20 O     -6.198740000000    0.825177000000   -6.684400000000
              21 O     -3.240681000000   -3.566092000000   -5.262404000000
              22 C     -0.282808000000   -2.373890000000   -1.551840000000
              23 C      1.094223000000   -1.907110000000   -1.853794000000
              24 C      1.733403000000   -1.600242000000   -0.748657000000
              25 C      0.796111000000   -1.858820000000    0.343325000000
              26 O      1.068621000000   -1.667973000000    1.581088000000
              27 O     -0.385368000000   -2.326670000000   -0.191073000000
              28 C      3.142240000000   -1.150533000000   -0.668927000000
              29 C      3.341357000000    0.243407000000   -0.180917000000
              30 C      4.813852000000    0.488900000000   -0.095681000000
              31 C      5.409776000000    1.443009000000    0.576965000000
              32 C      4.595966000000    2.401522000000    1.347519000000
              33 C      6.873285000000    1.569422000000    0.542066000000
              34 C      7.593676000000    1.451866000000    1.832034000000
              35 C      7.244622000000    2.467085000000    2.859245000000
              36 C      6.761350000000    2.120145000000    4.023420000000
              37 C      6.416320000000    3.128816000000    5.045352000000
              38 C      6.537424000000    0.668917000000    4.344210000000
              39 C     -0.339031000000   -3.775457000000   -2.100139000000
              40 C     -1.498347000000   -4.517060000000   -2.012511000000
              41 C     -1.542293000000   -5.805605000000   -2.574163000000
              42 C     -0.442739000000   -6.330636000000   -3.206180000000
              43 C      0.709442000000   -5.600254000000   -3.294020000000
              44 C      0.738095000000   -4.336740000000   -2.738776000000
              45 O      1.829826000000   -6.137695000000   -3.938070000000
              46 O     -2.590704000000   -3.990592000000   -1.375144000000
              47 C     -3.623132000000    2.477792000000    1.473360000000
              48 C     -4.621695000000    0.838848000000    4.646820000000
              49 H     -6.836205000000    2.000363000000    3.779672000000
              50 H     -6.711137000000    2.765614000000    5.394774000000
              51 H     -6.348584000000    3.756517000000    3.895612000000
              52 H     -4.084414000000    4.193208000000    4.107261000000
              53 H     -1.954232000000    3.455009000000    5.103956000000
              54 H     -2.305347000000    1.719982000000    4.613271000000
              55 H     -0.586751000000    2.885123000000    3.175107000000
              56 H     -1.849008000000    4.143251000000    2.762504000000
              57 H     -0.428226000000    1.293563000000    1.673636000000
              58 H     -2.997857000000    0.834536000000   -0.017288000000
              59 H     -2.015514000000   -0.516863000000    0.524467000000
              60 H     -1.320913000000    1.771208000000   -1.402580000000
              61 H     -0.055391000000    0.619639000000   -0.847261000000
              62 H     -3.064596000000    0.999875000000   -3.192603000000
              63 H     -4.980278000000   -3.481627000000   -7.111680000000
              64 H     -6.307133000000   -1.532055000000   -7.760277000000
              65 H     -4.421221000000    0.812994000000   -4.754252000000
              66 H     -5.838596000000    1.439421000000   -7.413691000000
              67 H     -2.554745000000   -3.777126000000   -4.604734000000
              68 H      1.530453000000   -1.817480000000   -2.877866000000
              69 H      3.599825000000   -1.249542000000   -1.672721000000
              70 H      3.751776000000   -1.811388000000   -0.005012000000
              71 H      2.873011000000    1.005664000000   -0.873597000000
              72 H      2.891319000000    0.406693000000    0.827378000000
              73 H      5.506021000000   -0.194290000000   -0.647492000000
              74 H      5.183828000000    3.206512000000    1.824880000000
              75 H      3.852469000000    2.935838000000    0.707239000000
              76 H      3.998155000000    1.910848000000    2.147997000000
              77 H      7.167174000000    2.570883000000    0.096079000000
              78 H      7.339302000000    0.840737000000   -0.174505000000
              79 H      8.706424000000    1.607446000000    1.663710000000
              80 H      7.537966000000    0.424148000000    2.241822000000
              81 H      7.394064000000    3.537317000000    2.645498000000
              82 H      7.383067000000    3.554649000000    5.408292000000
              83 H      5.826155000000    3.945543000000    4.597715000000
              84 H      5.877469000000    2.647806000000    5.878250000000
              85 H      6.266682000000    0.571899000000    5.420797000000
              86 H      5.704071000000    0.292416000000    3.718642000000
              87 H      7.466527000000    0.094346000000    4.222026000000
              88 H     -2.470807000000   -6.356121000000   -2.485729000000
              89 H     -0.497503000000   -7.329731000000   -3.635493000000
              90 H      1.663912000000   -3.796809000000   -2.825327000000
              91 H      2.674709000000   -5.565800000000   -3.988529000000
              92 H     -2.616550000000   -3.094432000000   -0.931956000000
              93 H     -3.606957000000    2.680936000000    0.352897000000
              94 H     -4.242769000000    1.593885000000    1.617400000000
              95 H     -4.083676000000    3.419215000000    1.876198000000
              96 H     -5.522694000000    0.269143000000    4.300964000000
              97 H     -3.784334000000    0.477234000000    4.053010000000
              98 H     -4.430376000000    0.618107000000    5.735643000000
