-------------------------------------------------------------
----------------------- !PROPERTIES! ------------------------
-------------------------------------------------------------
# -----------------------------------------------------------
$ SCF_Energy
   description: The SCF energy
   geom. index: 1
   prop. index: 1
        SCF Energy:    -1813.1300316184
# -----------------------------------------------------------
$ DFT_Energy
   description: The DFT energy
   geom. index: 1
   prop. index: 1
   Number of Alpha Electrons                106.0000090230 
   Number of Beta  Electrons                106.0000090230 
   Total number of  Electrons               212.0000180461 
   Exchange energy                         -159.6618201348 
   Correlation energy                        -8.8767684667 
   Correlation energy NL                      0.0000000000 
   Exchange-Correlation energy             -168.5385886015 
   Embedding correction                       0.0000000000 
   Total DFT Energy (No VdW correction)   -1813.1300316184 
# -----------------------------------------------------------
$ Mayer_Pop
   description: The Mayer population analysis
   geom. index: 1
   prop. index: 1
     Number of atoms                     : 42
     Threshold for printing              : 0.1000000
     Number of bond orders printed       : 45
  NA   - Mulliken gross atomic population
  ZA   - Total nuclear charge
  QA   - Mulliken gross atomic charge
  VA   - Mayer's total valence
  BVA  - Mayer's bonded valence
  FA   - Mayer's free valence
  ATOM       NA         ZA         QA         VA         BVA        FA
  0   0     6.0324     6.0000    -0.0324     3.8527     3.8527     0.0000
  1   0    15.3205    16.0000     0.6795     5.0668     5.0668    -0.0000
  2   0     8.5124     8.0000    -0.5124     1.8472     1.8472     0.0000
  3   0     8.5123     8.0000    -0.5123     1.8587     1.8587     0.0000
  4   0     5.9905     6.0000     0.0095     3.8002     3.8002    -0.0000
  5   0     5.8959     6.0000     0.1041     3.9005     3.9005     0.0000
  6   0     6.0407     6.0000    -0.0407     3.8381     3.8381     0.0000
  7   0     5.9904     6.0000     0.0096     3.8472     3.8472    -0.0000
  8   0     6.0569     6.0000    -0.0569     3.8098     3.8098     0.0000
  9   0     5.6821     6.0000     0.3179     3.8607     3.8607     0.0000
 10   0     6.0535     6.0000    -0.0535     3.7965     3.7965     0.0000
 11   0     5.9796     6.0000     0.0204     3.8179     3.8179     0.0000
 12   0     9.1919     9.0000    -0.1919     1.1782     1.1782     0.0000
 13   0     7.1700     7.0000    -0.1700     3.1782     3.1782     0.0000
 14   0     5.9164     6.0000     0.0836     4.2280     4.2280    -0.0000
 15   0     7.1177     7.0000    -0.1177     3.1208     3.1208     0.0000
 16   0     5.8978     6.0000     0.1022     4.0147     4.0147    -0.0000
 17   0     6.0680     6.0000    -0.0680     3.7902     3.7902    -0.0000
 18   0     5.8972     6.0000     0.1028     3.9951     3.9951    -0.0000
 19   0     7.1529     7.0000    -0.1529     3.1272     3.1272     0.0000
 20   0     5.8734     6.0000     0.1266     3.9909     3.9909    -0.0000
 21   0     7.1246     7.0000    -0.1246     2.9735     2.9735     0.0000
 22   0     7.1187     7.0000    -0.1187     2.9750     2.9750    -0.0000
 23   0     5.9930     6.0000     0.0070     3.9495     3.9495    -0.0000
 24   0     8.1264     8.0000    -0.1264     2.4377     2.4377     0.0000
 25   0     5.4363     6.0000     0.5637     4.1463     4.1463    -0.0000
 26   0     9.2078     9.0000    -0.2078     1.1461     1.1461    -0.0000
 27   0     9.2162     9.0000    -0.2162     1.1363     1.1363     0.0000
 28   0     0.9152     1.0000     0.0848     0.9987     0.9987    -0.0000
 29   0     0.9004     1.0000     0.0996     1.0049     1.0049    -0.0000
 30   0     0.9440     1.0000     0.0560     1.0021     1.0021    -0.0000
 31   0     0.9555     1.0000     0.0445     1.0009     1.0009    -0.0000
 32   0     0.9072     1.0000     0.0928     1.0440     1.0440    -0.0000
 33   0     0.9471     1.0000     0.0529     1.0417     1.0417     0.0000
 34   0     1.0280     1.0000    -0.0280     0.9904     0.9904     0.0000
 35   0     1.0053     1.0000    -0.0053     0.9898     0.9898     0.0000
 36   0     1.0013     1.0000    -0.0013     0.9908     0.9908     0.0000
 37   0     1.0105     1.0000    -0.0105     0.9921     0.9921     0.0000
 38   0     0.8604     1.0000     0.1396     1.0071     1.0071     0.0000
 39   0     0.9730     1.0000     0.0270     1.0163     1.0163     0.0000
 40   0     0.9911     1.0000     0.0089     0.9999     0.9999    -0.0000
 41   0     0.9853     1.0000     0.0147     0.9932     0.9932    -0.0000
      Bond orders larger than 0.1000000
           Atom A     A.N. of A          Atom B    A.N. of B              Bond order
                0             6               1           16                0.890203
                0             6              28            1                0.938142
                0             6              29            1                0.934510
                0             6              30            1                0.937780
                1            16               2            8                1.590926
                1            16               3            8                1.572589
                1            16               4            6                0.866495
                4             6               5            6                1.001504
                4             6              31            1                0.895500
                4             6              32            1                0.876382
                5             6               6            6                0.985807
                5             6              13            7                0.975387
                5             6              33            1                0.888281
                6             6               7            6                1.399255
                6             6              11            6                1.357607
                7             6               8            6                1.355501
                7             6              34            1                0.979334
                8             6               9            6                1.345214
                8             6              35            1                0.988875
                9             6              10            6                1.337250
                9             6              12            9                1.096459
               10             6              11            6                1.368002
               10             6              36            1                0.990331
               11             6              37            1                0.999013
               13             7              14            6                1.166981
               13             7              38            1                0.910537
               14             6              15            7                1.467633
               14             6              19            7                1.378147
               15             7              16            6                1.530728
               16             6              17            6                1.367787
               16             6              39            1                0.972604
               17             6              18            6                1.334108
               17             6              20            6                1.011786
               18             6              19            7                1.543056
               18             6              40            1                0.984801
               20             6              21            7                1.593352
               20             6              23            6                0.103871
               20             6              24            8                1.215995
               21             7              22            7                1.256688
               22             7              23            6                1.607227
               23             6              24            8                1.148019
               23             6              25            6                1.001439
               25             6              26            9                1.095653
               25             6              27            9                1.086839
               25             6              41            1                0.938261
# -----------------------------------------------------------
$ Calculation_Info
   description: Details of the calculation
   geom. index: 1
   prop. index: 1
     Multiplicity:                          1
     Charge:                                0
     number of atoms:                       42
     number of electrons:                   0
     number of frozen core electrons:       1
     number of correlated electrons:        0
     number of basis functions:             466
     number of aux C basis functions:       0
     number of aux J basis functions:       1528
     number of aux JK basis functions:      0
     number of aux CABS basis functions:    0
     Total Energy                           -1813.130032
# -----------------------------------------------------------
$ SCF_Electric_Properties
   description: The SCF Calculated Electric Properties
   geom. index: 1
   prop. index: 1
       Filename                          : 235.scfp 
       Do Dipole Moment Calculation      : true 
       Do Quadrupole Moment Calculation  : false 
       Do Polarizability Calculation     : true 
** Dipole moment part of electric properties **
        Magnitude of dipole moment (Debye) :        6.4638514405
        Electronic Contribution:
                  0    
      0      33.748534
      1      -4.254098
      2       5.910894
        Nuclear Contribution:
                  0    
      0     -36.267800
      1       3.936743
      2      -5.771076
        Total Dipole moment:
                  0    
      0      -2.519267
      1      -0.317355
      2       0.139818
** Polarizabilities part of electric properties **
        Isotropic polarizability :      246.9944416389
        The raw cartesian tensor (atomic units):
                  0          1          2    
      0     389.894396  -0.315709   0.543498
      1      -0.315709 178.954971 -19.936095
      2       0.543498 -19.936095 172.133957
        Diagonalised polarizability tensor :
                  0    
      0     155.318560
      1     195.768373
      2     389.896392
# -------------------------------------------------------------
----------------------- !GEOMETRIES! ------------------------
# -------------------------------------------------------------
------------------------ !GEOMETRY! -------------------------
    Number of atoms:    42 
    Geometry Index:     1 
    Coordinates:
               0 C     -3.599825000000    2.508966000000   -1.447474000000
               1 S     -1.908110000000    2.159961000000   -1.747761000000
               2 O     -1.483138000000    2.746754000000   -3.097511000000
               3 O     -1.105363000000    2.902049000000   -0.694305000000
               4 C     -1.482803000000    0.467210000000   -1.663284000000
               5 C     -1.728900000000   -0.170336000000   -0.361563000000
               6 C     -3.085016000000   -0.275508000000    0.150247000000
               7 C     -4.205688000000   -0.363280000000   -0.634298000000
               8 C     -5.451921000000   -0.463266000000   -0.075746000000
               9 C     -5.635648000000   -0.480260000000    1.299691000000
              10 C     -4.516537000000   -0.392745000000    2.107336000000
              11 C     -3.266269000000   -0.292361000000    1.540201000000
              12 F     -6.885270000000   -0.580431000000    1.801538000000
              13 N     -0.900142000000   -1.340810000000   -0.069634000000
              14 C      0.510723000000   -1.261501000000   -0.000501000000
              15 N      1.251196000000   -2.340265000000    0.266122000000
              16 C      2.602079000000   -2.322809000000    0.345698000000
              17 C      3.259496000000   -1.130707000000    0.141895000000
              18 C      2.518353000000   -0.004914000000   -0.134405000000
              19 N      1.184857000000   -0.104014000000   -0.196180000000
              20 C      4.732350000000   -1.076504000000    0.221445000000
              21 N      5.540137000000   -2.115474000000    0.484038000000
              22 N      6.788172000000   -1.635331000000    0.462478000000
              23 C      6.743611000000   -0.317451000000    0.189714000000
              24 O      5.471092000000   -0.024066000000    0.051279000000
              25 C      7.907645000000    0.611918000000    0.070940000000
              26 F      8.748600000000    0.148023000000   -0.924103000000
              27 F      8.536674000000    0.646197000000    1.306307000000
              28 H     -3.901398000000    2.408965000000   -0.398694000000
              29 H     -3.745903000000    3.614643000000   -1.693055000000
              30 H     -4.252515000000    1.983588000000   -2.177286000000
              31 H     -1.981425000000   -0.042991000000   -2.525676000000
              32 H     -0.382027000000    0.363699000000   -1.915445000000
              33 H     -1.236839000000    0.602311000000    0.385718000000
              34 H     -4.092142000000   -0.354655000000   -1.715061000000
              35 H     -6.297029000000   -0.529202000000   -0.766512000000
              36 H     -4.663912000000   -0.406373000000    3.183885000000
              37 H     -2.418461000000   -0.226141000000    2.206831000000
              38 H     -1.365203000000   -2.246968000000    0.089300000000
              39 H      3.194945000000   -3.198674000000    0.561659000000
              40 H      3.060145000000    0.911115000000   -0.288753000000
              41 H      7.541409000000    1.621639000000   -0.158437000000
