-------------------------------------------------------------
----------------------- !PROPERTIES! ------------------------
-------------------------------------------------------------
# -----------------------------------------------------------
$ SCF_Energy
   description: The SCF energy
   geom. index: 1
   prop. index: 1
        SCF Energy:    -1485.3326683907
# -----------------------------------------------------------
$ DFT_Energy
   description: The DFT energy
   geom. index: 1
   prop. index: 1
   Number of Alpha Electrons                105.0000920458 
   Number of Beta  Electrons                105.0000920458 
   Total number of  Electrons               210.0001840916 
   Exchange energy                         -147.7509879955 
   Correlation energy                        -8.6438908662 
   Correlation energy NL                      0.0000000000 
   Exchange-Correlation energy             -156.3948788617 
   Embedding correction                       0.0000000000 
   Total DFT Energy (No VdW correction)   -1485.3326683907 
# -----------------------------------------------------------
$ Mayer_Pop
   description: The Mayer population analysis
   geom. index: 1
   prop. index: 1
     Number of atoms                     : 48
     Threshold for printing              : 0.1000000
     Number of bond orders printed       : 50
  NA   - Mulliken gross atomic population
  ZA   - Total nuclear charge
  QA   - Mulliken gross atomic charge
  VA   - Mayer's total valence
  BVA  - Mayer's bonded valence
  FA   - Mayer's free valence
  ATOM       NA         ZA         QA         VA         BVA        FA
  0   0     5.9237     6.0000     0.0763     3.9983     3.9983    -0.0000
  1   0     5.9748     6.0000     0.0252     3.9235     3.9235    -0.0000
  2   0     5.8133     6.0000     0.1867     4.2823     4.2823     0.0000
  3   0     8.2268     8.0000    -0.2268     2.2820     2.2820     0.0000
  4   0     8.3144     8.0000    -0.3144     2.1625     2.1625     0.0000
  5   0     5.9600     6.0000     0.0400     4.1600     4.1600    -0.0000
  6   0     5.7835     6.0000     0.2165     3.8593     3.8593     0.0000
  7   0     6.0392     6.0000    -0.0392     3.9313     3.9313     0.0000
  8   0     6.0918     6.0000    -0.0918     3.7805     3.7805     0.0000
  9   0     5.8316     6.0000     0.1684     4.0185     4.0185     0.0000
 10   0     5.9050     6.0000     0.0950     3.9546     3.9546     0.0000
 11   0     5.7682     6.0000     0.2318     3.7511     3.7511    -0.0000
 12   0     6.0957     6.0000    -0.0957     3.7869     3.7869    -0.0000
 13   0     8.3389     8.0000    -0.3389     2.1475     2.1475    -0.0000
 14   0     5.6254     6.0000     0.3746     4.0912     4.0912    -0.0000
 15   0     5.9392     6.0000     0.0608     4.0723     4.0723    -0.0000
 16   0     5.8751     6.0000     0.1249     4.0237     4.0237    -0.0000
 17   0     5.8166     6.0000     0.1834     4.0666     4.0666    -0.0000
 18   0     5.8266     6.0000     0.1734     3.8247     3.8247    -0.0000
 19   0     8.3256     8.0000    -0.3256     2.0857     2.0857    -0.0000
 20   0     5.8000     6.0000     0.2000     4.2739     4.2739    -0.0000
 21   0     8.2387     8.0000    -0.2387     2.2384     2.2384    -0.0000
 22   0     8.2406     8.0000    -0.2406     2.2016     2.2016    -0.0000
 23   0     8.2558     8.0000    -0.2558     2.1711     2.1711     0.0000
 24   0     8.2998     8.0000    -0.2998     2.1137     2.1137     0.0000
 25   0     8.2886     8.0000    -0.2886     2.0923     2.0923     0.0000
 26   0     8.2670     8.0000    -0.2670     2.1963     2.1963    -0.0000
 27   0     8.2680     8.0000    -0.2680     2.1926     2.1926    -0.0000
 28   0     0.9891     1.0000     0.0109     0.9896     0.9896     0.0000
 29   0     0.9926     1.0000     0.0074     0.9831     0.9831     0.0000
 30   0     0.9578     1.0000     0.0422     0.9915     0.9915    -0.0000
 31   0     0.9520     1.0000     0.0480     0.9939     0.9939    -0.0000
 32   0     1.0000     1.0000    -0.0000     0.9860     0.9860     0.0000
 33   0     1.0049     1.0000    -0.0049     0.9921     0.9921     0.0000
 34   0     1.0043     1.0000    -0.0043     0.9984     0.9984     0.0000
 35   0     1.0490     1.0000    -0.0490     1.0018     1.0018     0.0000
 36   0     1.0574     1.0000    -0.0574     1.0120     1.0120    -0.0000
 37   0     1.0081     1.0000    -0.0081     1.0103     1.0103    -0.0000
 38   0     1.0224     1.0000    -0.0224     1.0104     1.0104     0.0000
 39   0     1.0022     1.0000    -0.0022     1.0187     1.0187     0.0000
 40   0     1.0233     1.0000    -0.0233     1.0083     1.0083    -0.0000
 41   0     0.9914     1.0000     0.0086     1.0169     1.0169     0.0000
 42   0     0.7685     1.0000     0.2315     0.9858     0.9858    -0.0000
 43   0     0.8219     1.0000     0.1781     1.0186     1.0186    -0.0000
 44   0     0.8250     1.0000     0.1750     1.0179     1.0179    -0.0000
 45   0     0.8138     1.0000     0.1862     1.0006     1.0006    -0.0000
 46   0     0.7930     1.0000     0.2070     1.0046     1.0046     0.0000
 47   0     0.7893     1.0000     0.2107     0.9948     0.9948    -0.0000
      Bond orders larger than 0.1000000
           Atom A     A.N. of A          Atom B    A.N. of B              Bond order
                0             6               1            6                1.083757
                0             6               5            6                1.053331
                0             6              28            1                0.920000
                0             6              29            1                0.926023
                1             6               2            6                0.979319
                1             6              30            1                0.916002
                1             6              31            1                0.933901
                2             6               3            8                2.143587
                2             6               4            8                1.084863
                4             8               5            6                0.928234
                5             6               6            6                1.070840
                5             6              32            1                0.925151
                6             6               7            6                1.038757
                6             6              33            1                0.897211
                6             6              34            1                0.902941
                7             6               8            6                1.370714
                7             6              12            6                1.337468
                8             6               9            6                1.309496
                8             6              35            1                1.009933
                9             6              10            6                1.354231
                9             6              27            8                1.201929
               10             6              11            6                1.296765
               10             6              26            8                1.218717
               11             6              12            6                1.311284
               11             6              13            8                1.010022
               12             6              36            1                0.999711
               13             8              14            6                1.009022
               14             6              15            6                0.981678
               14             6              19            8                1.030662
               14             6              37            1                0.894217
               15             6              16            6                1.021709
               15             6              25            8                1.086889
               15             6              38            1                0.889095
               16             6              17            6                0.977366
               16             6              24            8                1.076389
               16             6              39            1                0.882525
               17             6              18            6                0.966482
               17             6              23            8                1.164771
               17             6              40            1                0.891414
               18             6              19            8                0.963795
               18             6              20            6                0.905695
               18             6              41            1                0.874956
               20             6              21            8                2.078475
               20             6              22            8                1.237607
               22             8              42            1                0.905018
               23             8              43            1                0.957080
               24             8              44            1                0.959239
               25             8              45            1                0.959440
               26             8              46            1                0.920595
               27             8              47            1                0.923784
# -----------------------------------------------------------
$ Calculation_Info
   description: Details of the calculation
   geom. index: 1
   prop. index: 1
     Multiplicity:                          1
     Charge:                                0
     number of atoms:                       48
     number of electrons:                   0
     number of frozen core electrons:       1
     number of correlated electrons:        0
     number of basis functions:             492
     number of aux C basis functions:       0
     number of aux J basis functions:       1592
     number of aux JK basis functions:      0
     number of aux CABS basis functions:    0
     Total Energy                           -1485.332668
# -----------------------------------------------------------
$ SCF_Electric_Properties
   description: The SCF Calculated Electric Properties
   geom. index: 1
   prop. index: 1
       Filename                          : 100.scfp 
       Do Dipole Moment Calculation      : true 
       Do Quadrupole Moment Calculation  : false 
       Do Polarizability Calculation     : true 
** Dipole moment part of electric properties **
        Magnitude of dipole moment (Debye) :        6.0179935079
        Electronic Contribution:
                  0    
      0      -7.726769
      1      -6.174788
      2       8.867447
        Nuclear Contribution:
                  0    
      0       8.229846
      1       5.043576
      2     -10.885581
        Total Dipole moment:
                  0    
      0       0.503076
      1      -1.131212
      2      -2.018134
** Polarizabilities part of electric properties **
        Isotropic polarizability :      211.0508682171
        The raw cartesian tensor (atomic units):
                  0          1          2    
      0     230.464227   0.283609 -16.071928
      1       0.283609 224.252091  17.654576
      2     -16.071928  17.654576 178.436287
        Diagonalised polarizability tensor :
                  0    
      0     168.611409
      1     227.106160
      2     237.435036
# -------------------------------------------------------------
----------------------- !GEOMETRIES! ------------------------
# -------------------------------------------------------------
------------------------ !GEOMETRY! -------------------------
    Number of atoms:    48 
    Geometry Index:     1 
    Coordinates:
               0 C      4.565890000000    2.136842000000   -0.826743000000
               1 C      4.823744000000    2.619864000000    0.600156000000
               2 C      3.543148000000    2.249068000000    1.257623000000
               3 O      3.218890000000    2.640136000000    2.400171000000
               4 O      2.798310000000    1.417802000000    0.401015000000
               5 C      3.731322000000    0.923192000000   -0.566616000000
               6 C      3.014816000000    0.411272000000   -1.789283000000
               7 C      2.235802000000   -0.784093000000   -1.376088000000
               8 C      2.738336000000   -2.063868000000   -1.411688000000
               9 C      2.001793000000   -3.162510000000   -1.024543000000
              10 C      0.711716000000   -3.034890000000   -0.577528000000
              11 C      0.176654000000   -1.742215000000   -0.531749000000
              12 C      0.926856000000   -0.652818000000   -0.922738000000
              13 O     -1.120662000000   -1.649200000000   -0.078248000000
              14 C     -1.882829000000   -0.479607000000    0.062585000000
              15 C     -3.147317000000   -0.634364000000   -0.756214000000
              16 C     -4.218887000000    0.335028000000   -0.377828000000
              17 C     -4.250067000000    0.684230000000    1.075925000000
              18 C     -2.834219000000    0.898576000000    1.547586000000
              19 O     -2.181312000000   -0.341409000000    1.426898000000
              20 C     -2.745353000000    1.355401000000    2.941502000000
              21 O     -3.270123000000    2.450342000000    3.260283000000
              22 O     -2.096305000000    0.605730000000    3.910199000000
              23 O     -5.052334000000    1.803519000000    1.237304000000
              24 O     -5.444390000000   -0.205106000000   -0.798019000000
              25 O     -2.826862000000   -0.421538000000   -2.099082000000
              26 O     -0.055064000000   -4.132618000000   -0.179669000000
              27 O      2.595726000000   -4.417169000000   -1.095660000000
              28 H      3.928986000000    2.899931000000   -1.311768000000
              29 H      5.500101000000    1.928974000000   -1.365234000000
              30 H      5.614583000000    1.983245000000    1.040983000000
              31 H      5.035956000000    3.696660000000    0.644484000000
              32 H      4.319306000000    0.137682000000   -0.096115000000
              33 H      3.796022000000    0.100845000000   -2.513568000000
              34 H      2.406079000000    1.176449000000   -2.269389000000
              35 H      3.771285000000   -2.156216000000   -1.770711000000
              36 H      0.517362000000    0.344813000000   -0.888639000000
              37 H     -1.371826000000    0.453531000000   -0.225276000000
              38 H     -3.528967000000   -1.671143000000   -0.587458000000
              39 H     -4.045201000000    1.280152000000   -0.965930000000
              40 H     -4.744965000000   -0.148319000000    1.618335000000
              41 H     -2.345039000000    1.591199000000    0.821235000000
              42 H     -1.753134000000    1.049984000000    4.768122000000
              43 H     -5.564507000000    2.048838000000    0.434848000000
              44 H     -5.362514000000   -1.195173000000   -0.904260000000
              45 H     -3.223089000000   -1.103114000000   -2.695907000000
              46 H     -0.988417000000   -3.981133000000    0.137086000000
              47 H      2.080700000000   -5.246802000000   -0.818028000000
