-------------------------------------------------------------
----------------------- !PROPERTIES! ------------------------
-------------------------------------------------------------
# -------------------------------------------------------------
----------------------- !GEOMETRIES! ------------------------
# -------------------------------------------------------------
------------------------ !GEOMETRY! -------------------------
    Number of atoms:    90 
    Geometry Index:     1 
    Coordinates:
               0  C     10.200371000000    2.489790000000    0.708387000000
               1  C      9.537797000000    1.358448000000    1.414180000000
               2  C      8.497925000000    0.781517000000    0.820063000000
               3  C      7.998514000000    1.227331000000   -0.489251000000
               4  C      6.638358000000    1.829253000000   -0.498077000000
               5  C      5.571565000000    0.942030000000   -0.009150000000
               6  C      4.561504000000    0.557717000000   -0.809174000000
               7  C      3.493618000000   -0.336351000000   -0.312248000000
               8  C      2.156995000000    0.354177000000   -0.339944000000
               9  C      1.047385000000   -0.592436000000    0.186831000000
              10  C      0.473351000000   -0.190997000000    1.248264000000
              11  C     -0.562695000000   -0.647098000000    2.115557000000
              12  C     -1.434107000000   -1.758052000000    1.769392000000
              13  C     -2.577070000000   -1.582270000000    0.978841000000
              14  C     -3.392732000000   -2.652861000000    0.684643000000
              15  C     -3.135279000000   -3.918699000000    1.135813000000
              16  C     -2.006401000000   -4.101507000000    1.920087000000
              17  C     -1.180098000000   -3.055953000000    2.229927000000
              18  O     -1.684374000000   -5.357288000000    2.413548000000
              19  C     -4.639327000000   -2.332287000000   -0.071295000000
              20  C     -5.565137000000   -3.316173000000   -0.230276000000
              21  C     -6.818246000000   -2.955589000000   -0.763844000000
              22  C     -7.097017000000   -1.669865000000   -1.107795000000
              23  C     -6.141964000000   -0.685155000000   -0.940626000000
              24  C     -4.885217000000   -1.013289000000   -0.419420000000
              25  C     -3.877762000000    0.064791000000   -0.342140000000
              26  O     -2.818040000000   -0.287832000000    0.534059000000
              27  C     -4.699513000000    1.249771000000    0.234517000000
              28  C     -5.699322000000    1.686608000000   -0.788063000000
              29  O     -6.451982000000    0.616256000000   -1.282588000000
              30  C     -4.958147000000    2.195696000000   -2.049429000000
              31  C     -4.275557000000    0.954394000000   -2.641606000000
              32  C     -3.262918000000    0.545796000000   -1.591251000000
              33  C     -2.160699000000   -0.205925000000   -2.184101000000
              34  C     -0.978179000000    0.360683000000   -2.357609000000
              35  C     -2.343707000000   -1.600173000000   -2.639535000000
              36  C     -6.501622000000    2.801858000000   -0.264861000000
              37  O     -7.779378000000    2.777216000000   -0.277205000000
              38  O     -5.932750000000    3.949324000000    0.274221000000
              39  C     -6.750779000000    5.007639000000    0.769982000000
              40  O     -5.353625000000   -4.631352000000    0.093794000000
              41  C      0.880245000000   -1.753265000000   -0.620979000000
              42  O      0.068524000000   -2.655050000000   -0.376204000000
              43  O      1.638445000000   -1.977925000000   -1.795193000000
              44  C      5.561880000000    0.506657000000    1.409677000000
              45  C     10.005713000000    0.881666000000    2.737799000000
              46  H     11.007342000000    2.900877000000    1.377332000000
              47  H     10.704978000000    2.164772000000   -0.236550000000
              48  H      9.453817000000    3.283356000000    0.503697000000
              49  H      8.027945000000   -0.076819000000    1.330428000000
              50  H      8.772364000000    1.931416000000   -0.905316000000
              51  H      8.062332000000    0.346293000000   -1.207739000000
              52  H      6.648707000000    2.733173000000    0.180954000000
              53  H      6.375919000000    2.270368000000   -1.498115000000
              54  H      4.570194000000    0.931773000000   -1.826138000000
              55  H      3.526781000000   -1.278227000000   -0.894750000000
              56  H      3.759179000000   -0.668090000000    0.734510000000
              57  H      1.873795000000    0.506644000000   -1.400927000000
              58  H      2.155206000000    1.278761000000    0.257030000000
              59  H      0.927034000000    0.838102000000    1.600795000000
              60  H     -1.197208000000    0.232562000000    2.514774000000
              61  H     -0.038522000000   -0.973620000000    3.090759000000
              62  H     -3.708874000000   -4.769608000000    0.941709000000
              63  H     -0.305927000000   -3.223140000000    2.844768000000
              64  H     -0.879852000000   -5.519469000000    2.979166000000
              65  H     -7.547037000000   -3.743656000000   -0.887621000000
              66  H     -8.070362000000   -1.383813000000   -1.520646000000
              67  H     -3.995772000000    2.041010000000    0.525949000000
              68  H     -5.232123000000    0.842127000000    1.104836000000
              69  H     -5.725990000000    2.529807000000   -2.743944000000
              70  H     -4.227848000000    2.930560000000   -1.769063000000
              71  H     -4.974516000000    0.173847000000   -2.931176000000
              72  H     -3.749089000000    1.306337000000   -3.550875000000
              73  H     -2.792853000000    1.563813000000   -1.298702000000
              74  H     -0.824670000000    1.388128000000   -2.058046000000
              75  H     -0.133029000000   -0.152387000000   -2.797061000000
              76  H     -3.357284000000   -1.744656000000   -3.120815000000
              77  H     -1.632452000000   -1.833454000000   -3.494609000000
              78  H     -2.194898000000   -2.344661000000   -1.854635000000
              79  H     -6.502209000000    5.285020000000    1.807676000000
              80  H     -6.508435000000    5.895684000000    0.138601000000
              81  H     -7.834018000000    4.803642000000    0.607526000000
              82  H     -6.029861000000   -5.365328000000   -0.020528000000
              83  H      1.312704000000   -2.672674000000   -2.475215000000
              84  H      4.547402000000    0.738468000000    1.865547000000
              85  H      6.241095000000    1.145990000000    2.036571000000
              86  H      5.725009000000   -0.574472000000    1.533869000000
              87  H      9.332033000000    0.095794000000    3.091484000000
              88  H      9.994660000000    1.757148000000    3.428036000000
              89  H     11.075789000000    0.547373000000    2.712056000000
