-------------------------------------------------------------
----------------------- !PROPERTIES! ------------------------
-------------------------------------------------------------
# -----------------------------------------------------------
$ SCF_Energy
   description: The SCF energy
   geom. index: 1
   prop. index: 1
        SCF Energy:    -1296.9744758220
# -----------------------------------------------------------
$ DFT_Energy
   description: The DFT energy
   geom. index: 1
   prop. index: 1
   Number of Alpha Electrons                 94.0000605363 
   Number of Beta  Electrons                 94.0000605363 
   Total number of  Electrons               188.0001210727 
   Exchange energy                         -130.5997153708 
   Correlation energy                        -7.7089972982 
   Correlation energy NL                      0.0000000000 
   Exchange-Correlation energy             -138.3087126690 
   Embedding correction                       0.0000000000 
   Total DFT Energy (No VdW correction)   -1296.9744758220 
# -----------------------------------------------------------
$ Mayer_Pop
   description: The Mayer population analysis
   geom. index: 1
   prop. index: 1
     Number of atoms                     : 45
     Threshold for printing              : 0.1000000
     Number of bond orders printed       : 47
  NA   - Mulliken gross atomic population
  ZA   - Total nuclear charge
  QA   - Mulliken gross atomic charge
  VA   - Mayer's total valence
  BVA  - Mayer's bonded valence
  FA   - Mayer's free valence
  ATOM       NA         ZA         QA         VA         BVA        FA
  0   0     5.9449     6.0000     0.0551     3.9305     3.9305     0.0000
  1   0     5.9359     6.0000     0.0641     4.1845     4.1845    -0.0000
  2   0     5.8540     6.0000     0.1460     3.8951     3.8951     0.0000
  3   0     6.0803     6.0000    -0.0803     3.9877     3.9877    -0.0000
  4   0     5.8400     6.0000     0.1600     3.9991     3.9991    -0.0000
  5   0     6.0409     6.0000    -0.0409     3.7272     3.7272     0.0000
  6   0     6.0645     6.0000    -0.0645     3.7522     3.7522     0.0000
  7   0     5.7611     6.0000     0.2389     3.8977     3.8977     0.0000
  8   0     6.0544     6.0000    -0.0544     3.6686     3.6686    -0.0000
  9   0     5.7716     6.0000     0.2284     4.2255     4.2255    -0.0000
 10   0     8.2004     8.0000    -0.2004     2.3050     2.3050     0.0000
 11   0     8.3348     8.0000    -0.3348     2.1337     2.1337    -0.0000
 12   0     8.2700     8.0000    -0.2700     2.2064     2.2064     0.0000
 13   0     5.6021     6.0000     0.3979     4.0253     4.0253     0.0000
 14   0     5.9716     6.0000     0.0284     4.0509     4.0509     0.0000
 15   0     5.8715     6.0000     0.1285     4.1507     4.1507    -0.0000
 16   0     5.9112     6.0000     0.0888     4.0356     4.0356    -0.0000
 17   0     5.7865     6.0000     0.2135     3.9691     3.9691     0.0000
 18   0     8.3029     8.0000    -0.3029     2.1544     2.1544     0.0000
 19   0     5.7788     6.0000     0.2212     4.0691     4.0691     0.0000
 20   0     8.3078     8.0000    -0.3078     2.0949     2.0949     0.0000
 21   0     8.2645     8.0000    -0.2645     2.1006     2.1006     0.0000
 22   0     8.2592     8.0000    -0.2592     2.1387     2.1387     0.0000
 23   0     8.2543     8.0000    -0.2543     2.1168     2.1168     0.0000
 24   0     8.2657     8.0000    -0.2657     2.1732     2.1732    -0.0000
 25   0     0.9809     1.0000     0.0191     0.9877     0.9877     0.0000
 26   0     0.9815     1.0000     0.0185     0.9945     0.9945     0.0000
 27   0     0.9684     1.0000     0.0316     1.0141     1.0141     0.0000
 28   0     0.9967     1.0000     0.0033     0.9694     0.9694     0.0000
 29   0     0.9809     1.0000     0.0191     1.0046     1.0046     0.0000
 30   0     0.9820     1.0000     0.0180     0.9944     0.9944     0.0000
 31   0     1.0406     1.0000    -0.0406     0.9905     0.9905     0.0000
 32   0     1.0399     1.0000    -0.0399     0.9938     0.9938    -0.0000
 33   0     1.0272     1.0000    -0.0272     1.0213     1.0213    -0.0000
 34   0     1.0133     1.0000    -0.0133     0.9951     0.9951     0.0000
 35   0     1.0620     1.0000    -0.0620     0.9845     0.9845    -0.0000
 36   0     1.0095     1.0000    -0.0095     0.9995     0.9995     0.0000
 37   0     1.0268     1.0000    -0.0268     1.0078     1.0078     0.0000
 38   0     1.0152     1.0000    -0.0152     0.9650     0.9650     0.0000
 39   0     1.0190     1.0000    -0.0190     0.9860     0.9860     0.0000
 40   0     0.8303     1.0000     0.1697     1.0062     1.0062    -0.0000
 41   0     0.8430     1.0000     0.1570     1.0195     1.0195    -0.0000
 42   0     0.8181     1.0000     0.1819     1.0301     1.0301    -0.0000
 43   0     0.8351     1.0000     0.1649     1.0177     1.0177    -0.0000
 44   0     0.8009     1.0000     0.1991     0.9910     0.9910    -0.0000
      Bond orders larger than 0.1000000
           Atom A     A.N. of A          Atom B    A.N. of B              Bond order
                0             6               1            6                1.083801
                0             6              25            1                0.958145
                0             6              26            1                0.956780
                0             6              27            1                0.955366
                1             6               2            6                1.068897
                1             6              11            8                0.923433
                1             6              28            1                0.930457
                2             6               3            6                1.059604
                2             6              29            1                0.907862
                2             6              30            1                0.873559
                3             6               4            6                1.369112
                3             6               8            6                1.396517
                4             6               5            6                1.346905
                4             6              24            8                1.171394
                5             6               6            6                1.286963
                5             6              31            1                0.990794
                6             6               7            6                1.331644
                6             6              32            1                1.008186
                7             6               8            6                1.281359
                7             6              12            8                1.145058
                8             6               9            6                0.953937
                9             6              10            8                2.116667
                9             6              11            8                1.086284
               12             8              13            6                0.985176
               13             6              14            6                0.949791
               13             6              18            8                1.068796
               13             6              33            1                0.891712
               14             6              15            6                1.011209
               14             6              23            8                1.112702
               14             6              34            1                0.928957
               15             6              16            6                0.971564
               15             6              22            8                1.138598
               15             6              35            1                0.896845
               16             6              17            6                0.978974
               16             6              21            8                1.083593
               16             6              36            1                0.925503
               17             6              18            8                1.012463
               17             6              19            6                1.038094
               17             6              37            1                0.877534
               19             6              20            8                1.091676
               19             6              38            1                0.933675
               19             6              39            1                0.928581
               20             8              40            1                0.963252
               21             8              41            1                0.972875
               22             8              42            1                0.947386
               23             8              43            1                0.964345
               24             8              44            1                0.930955
# -----------------------------------------------------------
$ Calculation_Info
   description: Details of the calculation
   geom. index: 1
   prop. index: 1
     Multiplicity:                          1
     Charge:                                0
     number of atoms:                       45
     number of electrons:                   0
     number of frozen core electrons:       1
     number of correlated electrons:        0
     number of basis functions:             450
     number of aux C basis functions:       0
     number of aux J basis functions:       1445
     number of aux JK basis functions:      0
     number of aux CABS basis functions:    0
     Total Energy                           -1296.974476
# -----------------------------------------------------------
$ SCF_Electric_Properties
   description: The SCF Calculated Electric Properties
   geom. index: 1
   prop. index: 1
       Filename                          : 84.scfp 
       Do Dipole Moment Calculation      : true 
       Do Quadrupole Moment Calculation  : false 
       Do Polarizability Calculation     : true 
** Dipole moment part of electric properties **
        Magnitude of dipole moment (Debye) :        5.1877780231
        Electronic Contribution:
                  0    
      0      -0.425702
      1      -1.655903
      2      -1.373866
        Nuclear Contribution:
                  0    
      0      -0.351586
      1       0.604020
      2      -0.192977
        Total Dipole moment:
                  0    
      0      -0.777288
      1      -1.051883
      2      -1.566843
** Polarizabilities part of electric properties **
        Isotropic polarizability :      201.6785181152
        The raw cartesian tensor (atomic units):
                  0          1          2    
      0     256.967242  16.302560 -12.708523
      1      16.302560 175.821134  26.771187
      2     -12.708523  26.771187 172.247178
        Diagonalised polarizability tensor :
                  0    
      0     143.522688
      1     200.702706
      2     260.810161
# -------------------------------------------------------------
----------------------- !GEOMETRIES! ------------------------
# -------------------------------------------------------------
------------------------ !GEOMETRY! -------------------------
    Number of atoms:    45 
    Geometry Index:     1 
    Coordinates:
               0 C     -5.482203000000    1.106075000000    2.281481000000
               1 C     -4.363007000000    0.824842000000    1.309250000000
               2 C     -4.416671000000   -0.603329000000    0.876734000000
               3 C     -3.201884000000   -1.015590000000    0.131888000000
               4 C     -3.251490000000   -2.042404000000   -0.800343000000
               5 C     -2.098927000000   -2.396584000000   -1.456574000000
               6 C     -0.908008000000   -1.754123000000   -1.205169000000
               7 C     -0.831466000000   -0.739341000000   -0.292027000000
               8 C     -2.007849000000   -0.379383000000    0.376046000000
               9 C     -1.956064000000    0.711143000000    1.348139000000
              10 O     -0.870818000000    1.280300000000    1.563407000000
              11 O     -3.137878000000    1.095951000000    2.022407000000
              12 O      0.309436000000   -0.041399000000    0.024818000000
              13 C      1.588064000000   -0.197339000000   -0.484511000000
              14 C      1.956804000000    1.113641000000   -1.192254000000
              15 C      3.063436000000    1.773364000000   -0.398190000000
              16 C      4.253000000000    0.822153000000   -0.436491000000
              17 C      3.783012000000   -0.477613000000    0.179992000000
              18 O      2.466091000000   -0.438037000000    0.571151000000
              19 C      4.626112000000   -0.709194000000    1.416671000000
              20 O      4.390640000000    0.354665000000    2.293612000000
              21 O      4.591105000000    0.659089000000   -1.771754000000
              22 O      2.692862000000    2.068217000000    0.899820000000
              23 O      2.432639000000    0.842407000000   -2.454735000000
              24 O     -4.480839000000   -2.662733000000   -1.020360000000
              25 H     -5.650516000000    2.217828000000    2.259947000000
              26 H     -6.411929000000    0.559294000000    2.022831000000
              27 H     -5.129840000000    0.867563000000    3.294630000000
              28 H     -4.437977000000    1.457802000000    0.402377000000
              29 H     -5.331296000000   -0.737306000000    0.269146000000
              30 H     -4.445249000000   -1.239816000000    1.803916000000
              31 H     -2.177482000000   -3.211676000000   -2.185370000000
              32 H     -0.039816000000   -2.057420000000   -1.732905000000
              33 H      1.604086000000   -1.005565000000   -1.233822000000
              34 H      1.108279000000    1.807328000000   -1.232956000000
              35 H      3.308430000000    2.722924000000   -0.934335000000
              36 H      5.115654000000    1.260623000000    0.082744000000
              37 H      4.013260000000   -1.298097000000   -0.524465000000
              38 H      5.697517000000   -0.816900000000    1.190109000000
              39 H      4.267846000000   -1.624790000000    1.951753000000
              40 H      4.726126000000    0.170731000000    3.207892000000
              41 H      5.231457000000    1.378467000000   -2.009553000000
              42 H      1.722165000000    2.116159000000    1.045079000000
              43 H      2.304961000000    1.644608000000   -3.032711000000
              44 H     -4.621770000000   -3.406536000000   -1.665609000000
