-------------------------------------------------------------
----------------------- !PROPERTIES! ------------------------
-------------------------------------------------------------
# -----------------------------------------------------------
$ SCF_Energy
   description: The SCF energy
   geom. index: 1
   prop. index: 1
        SCF Energy:    -1224.8233547475
# -----------------------------------------------------------
$ DFT_Energy
   description: The DFT energy
   geom. index: 1
   prop. index: 1
   Number of Alpha Electrons                 95.9999869654 
   Number of Beta  Electrons                 95.9999869654 
   Total number of  Electrons               191.9999739309 
   Exchange energy                         -129.0461122637 
   Correlation energy                        -7.7596053167 
   Correlation energy NL                      0.0000000000 
   Exchange-Correlation energy             -136.8057175803 
   Embedding correction                       0.0000000000 
   Total DFT Energy (No VdW correction)   -1224.8233547475 
# -----------------------------------------------------------
$ Mayer_Pop
   description: The Mayer population analysis
   geom. index: 1
   prop. index: 1
     Number of atoms                     : 47
     Threshold for printing              : 0.1000000
     Number of bond orders printed       : 50
  NA   - Mulliken gross atomic population
  ZA   - Total nuclear charge
  QA   - Mulliken gross atomic charge
  VA   - Mayer's total valence
  BVA  - Mayer's bonded valence
  FA   - Mayer's free valence
  ATOM       NA         ZA         QA         VA         BVA        FA
  0   0     5.9202     6.0000     0.0798     3.9070     3.9070    -0.0000
  1   0     6.0249     6.0000    -0.0249     3.8513     3.8513    -0.0000
  2   0     6.0514     6.0000    -0.0514     3.7765     3.7765    -0.0000
  3   0     5.7847     6.0000     0.2153     3.8586     3.8586     0.0000
  4   0     6.0487     6.0000    -0.0487     3.7648     3.7648     0.0000
  5   0     5.7976     6.0000     0.2024     3.9100     3.9100    -0.0000
  6   0     6.0409     6.0000    -0.0409     3.8079     3.8079    -0.0000
  7   0     8.2942     8.0000    -0.2942     2.1908     2.1908     0.0000
  8   0     5.7954     6.0000     0.2046     3.9321     3.9321     0.0000
  9   0     5.9487     6.0000     0.0513     3.7259     3.7259     0.0000
 10   0     6.1705     6.0000    -0.1705     4.2062     4.2062     0.0000
 11   0     6.0913     6.0000    -0.0913     3.7046     3.7046     0.0000
 12   0     5.7620     6.0000     0.2380     3.8968     3.8968     0.0000
 13   0     6.1199     6.0000    -0.1199     3.6966     3.6966     0.0000
 14   0     8.2719     8.0000    -0.2719     2.1623     2.1623     0.0000
 15   0     5.8259     6.0000     0.1741     3.8616     3.8616    -0.0000
 16   0     5.7189     6.0000     0.2811     3.8502     3.8502     0.0000
 17   0     6.0092     6.0000    -0.0092     3.8974     3.8974    -0.0000
 18   0     6.1227     6.0000    -0.1227     4.0390     4.0390     0.0000
 19   0     5.5991     6.0000     0.4009     3.8522     3.8522     0.0000
 20   0     8.3709     8.0000    -0.3709     2.1192     2.1192     0.0000
 21   0     6.0594     6.0000    -0.0594     3.7558     3.7558    -0.0000
 22   0     5.9602     6.0000     0.0398     3.8020     3.8020     0.0000
 23   0     6.0549     6.0000    -0.0549     3.7800     3.7800     0.0000
 24   0     5.8846     6.0000     0.1154     3.9290     3.9290    -0.0000
 25   0     8.2623     8.0000    -0.2623     2.1862     2.1862     0.0000
 26   0     8.3115     8.0000    -0.3115     2.0769     2.0769     0.0000
 27   0     0.9956     1.0000     0.0044     0.9954     0.9954     0.0000
 28   0     0.9657     1.0000     0.0343     0.9873     0.9873     0.0000
 29   0     0.9789     1.0000     0.0211     0.9939     0.9939    -0.0000
 30   0     1.0502     1.0000    -0.0502     1.0031     1.0031     0.0000
 31   0     1.0665     1.0000    -0.0665     1.0343     1.0343     0.0000
 32   0     1.0430     1.0000    -0.0430     0.9993     0.9993    -0.0000
 33   0     1.0780     1.0000    -0.0780     0.9970     0.9970     0.0000
 34   0     1.0264     1.0000    -0.0264     1.0101     1.0101     0.0000
 35   0     0.7963     1.0000     0.2037     0.9851     0.9851    -0.0000
 36   0     0.9964     1.0000     0.0036     1.0074     1.0074    -0.0000
 37   0     1.0174     1.0000    -0.0174     0.9806     0.9806    -0.0000
 38   0     0.9704     1.0000     0.0296     1.0082     1.0082     0.0000
 39   0     1.0096     1.0000    -0.0096     0.9930     0.9930     0.0000
 40   0     0.9984     1.0000     0.0016     0.9865     0.9865     0.0000
 41   0     1.0091     1.0000    -0.0091     0.9818     0.9818     0.0000
 42   0     1.0398     1.0000    -0.0398     0.9835     0.9835    -0.0000
 43   0     1.0277     1.0000    -0.0277     0.9766     0.9766     0.0000
 44   0     1.0474     1.0000    -0.0474     0.9881     0.9881     0.0000
 45   0     0.7922     1.0000     0.2078     0.9833     0.9833     0.0000
 46   0     0.7889     1.0000     0.2111     0.9796     0.9796     0.0000
      Bond orders larger than 0.1000000
           Atom A     A.N. of A          Atom B    A.N. of B              Bond order
                0             6               1            6                1.040205
                0             6              27            1                0.958483
                0             6              28            1                0.954596
                0             6              29            1                0.961041
                1             6               2            6                1.345513
                1             6               6            6                1.326359
                2             6               3            6                1.341623
                2             6              30            1                1.008863
                3             6               4            6                1.332538
                3             6              26            8                1.048561
                4             6               5            6                1.321380
                4             6              31            1                1.008060
                5             6               6            6                1.386102
                5             6               7            8                0.989494
                6             6              32            1                1.012412
                7             8               8            6                1.059426
                8             6               9            6                1.351193
                8             6              13            6                1.314619
                9             6              10            6                1.435943
                9             6              16            6                0.960380
               10             6              11            6                1.322638
               10             6              15            6                1.130015
               11             6              12            6                1.312563
               11             6              33            1                0.995823
               12             6              13            6                1.289423
               12             6              14            8                1.146997
               13             6              34            1                1.003743
               14             8              35            1                0.933823
               15             6              36            1                0.921102
               15             6              37            1                0.934357
               15             6              38            1                0.921702
               16             6              17            6                0.978013
               16             6              20            8                1.015460
               16             6              39            1                0.801249
               17             6              18            6                1.442365
               17             6              24            6                1.353953
               18             6              19            6                1.018178
               18             6              21            6                1.378466
               19             6              20            8                0.996739
               19             6              40            1                0.925070
               19             6              41            1                0.887609
               21             6              22            6                1.320220
               21             6              42            1                1.006707
               22             6              23            6                1.398173
               22             6              43            1                0.983329
               23             6              24            6                1.305132
               23             6              44            1                0.983633
               24             6              25            8                1.166630
               25             8              45            1                0.917519
               26             8              46            1                0.938396
# -----------------------------------------------------------
$ Calculation_Info
   description: Details of the calculation
   geom. index: 1
   prop. index: 1
     Multiplicity:                          1
     Charge:                                0
     number of atoms:                       47
     number of electrons:                   0
     number of frozen core electrons:       1
     number of correlated electrons:        0
     number of basis functions:             478
     number of aux C basis functions:       0
     number of aux J basis functions:       1543
     number of aux JK basis functions:      0
     number of aux CABS basis functions:    0
     Total Energy                           -1224.823355
# -----------------------------------------------------------
$ SCF_Electric_Properties
   description: The SCF Calculated Electric Properties
   geom. index: 1
   prop. index: 1
       Filename                          : 80.scfp 
       Do Dipole Moment Calculation      : true 
       Do Quadrupole Moment Calculation  : false 
       Do Polarizability Calculation     : true 
** Dipole moment part of electric properties **
        Magnitude of dipole moment (Debye) :        2.2426274101
        Electronic Contribution:
                  0    
      0      -1.171656
      1      -2.702957
      2      -3.799849
        Nuclear Contribution:
                  0    
      0       1.119848
      1       2.534444
      2       2.935342
        Total Dipole moment:
                  0    
      0      -0.051808
      1      -0.168513
      2      -0.864507
** Polarizabilities part of electric properties **
        Isotropic polarizability :      248.8155068216
        The raw cartesian tensor (atomic units):
                  0          1          2    
      0     302.574897  -7.291867 -18.418434
      1      -7.291867 236.851837   4.954390
      2     -18.418434   4.954390 207.019787
        Diagonalised polarizability tensor :
                  0    
      0     203.213504
      1     236.298796
      2     306.934221
# -------------------------------------------------------------
----------------------- !GEOMETRIES! ------------------------
# -------------------------------------------------------------
------------------------ !GEOMETRY! -------------------------
    Number of atoms:    47 
    Geometry Index:     1 
    Coordinates:
               0 C      5.508002000000   -0.249028000000    2.144865000000
               1 C      4.420991000000   -0.765810000000    1.255008000000
               2 C      4.691547000000   -1.757367000000    0.359574000000
               3 C      3.678291000000   -2.210022000000   -0.440048000000
               4 C      2.413997000000   -1.659761000000   -0.326144000000
               5 C      2.153087000000   -0.647431000000    0.593349000000
               6 C      3.188185000000   -0.202212000000    1.393002000000
               7 O      0.884565000000   -0.147391000000    0.656205000000
               8 C      0.380932000000    0.908445000000   -0.068639000000
               9 C     -0.938125000000    1.281890000000    0.128218000000
              10 C     -1.409135000000    2.344079000000   -0.612956000000
              11 C     -0.591442000000    3.016033000000   -1.524439000000
              12 C      0.716321000000    2.614411000000   -1.692630000000
              13 C      1.217034000000    1.555413000000   -0.965998000000
              14 O      1.582108000000    3.241035000000   -2.583791000000
              15 C     -2.790703000000    2.795771000000   -0.464699000000
              16 C     -1.829524000000    0.603590000000    1.057333000000
              17 C     -2.532280000000   -0.574795000000    0.563244000000
              18 C     -3.695342000000   -0.659940000000    1.306887000000
              19 C     -3.679871000000    0.501973000000    2.253537000000
              20 O     -2.786968000000    1.415251000000    1.664013000000
              21 C     -4.611524000000   -1.666934000000    1.109041000000
              22 C     -4.355725000000   -2.618161000000    0.136364000000
              23 C     -3.198950000000   -2.534216000000   -0.604403000000
              24 C     -2.287027000000   -1.513065000000   -0.391641000000
              25 O     -1.145723000000   -1.510488000000   -1.190683000000
              26 O      3.957747000000   -3.215509000000   -1.346394000000
              27 H      6.289481000000   -1.027914000000    2.245952000000
              28 H      5.999426000000    0.641641000000    1.714762000000
              29 H      5.074388000000   -0.072757000000    3.141264000000
              30 H      5.692108000000   -2.180512000000    0.281663000000
              31 H      1.651200000000   -2.057903000000   -0.985119000000
              32 H      2.955249000000    0.587129000000    2.099521000000
              33 H     -0.966374000000    3.849199000000   -2.103331000000
              34 H      2.257015000000    1.244460000000   -1.106640000000
              35 H      1.199879000000    4.029345000000   -3.120677000000
              36 H     -3.548784000000    1.988831000000   -0.456778000000
              37 H     -3.087614000000    3.441715000000   -1.344052000000
              38 H     -2.905960000000    3.406263000000    0.457225000000
              39 H     -1.193941000000    0.242043000000    1.931463000000
              40 H     -4.671414000000    0.997992000000    2.283690000000
              41 H     -3.402572000000    0.221298000000    3.268056000000
              42 H     -5.527148000000   -1.723105000000    1.703788000000
              43 H     -5.032615000000   -3.437645000000   -0.072781000000
              44 H     -3.013516000000   -3.298017000000   -1.371705000000
              45 H     -0.974868000000   -2.210848000000   -1.895038000000
              46 H      4.265594000000   -2.986977000000   -2.275848000000
