-------------------------------------------------------------
----------------------- !PROPERTIES! ------------------------
-------------------------------------------------------------
# -----------------------------------------------------------
$ SCF_Energy
   description: The SCF energy
   geom. index: 1
   prop. index: 1
        SCF Energy:    -2712.7222809126
# -----------------------------------------------------------
$ DFT_Energy
   description: The DFT energy
   geom. index: 1
   prop. index: 1
   Number of Alpha Electrons                177.0003189167 
   Number of Beta  Electrons                177.0003189167 
   Total number of  Electrons               354.0006378334 
   Exchange energy                         -248.0423932994 
   Correlation energy                       -14.3915002260 
   Correlation energy NL                      0.0000000000 
   Exchange-Correlation energy             -262.4338935253 
   Embedding correction                       0.0000000000 
   Total DFT Energy (No VdW correction)   -2712.7222809126 
# -----------------------------------------------------------
$ Mayer_Pop
   description: The Mayer population analysis
   geom. index: 1
   prop. index: 1
     Number of atoms                     : 92
     Threshold for printing              : 0.1000000
     Number of bond orders printed       : 97
  NA   - Mulliken gross atomic population
  ZA   - Total nuclear charge
  QA   - Mulliken gross atomic charge
  VA   - Mayer's total valence
  BVA  - Mayer's bonded valence
  FA   - Mayer's free valence
  ATOM       NA         ZA         QA         VA         BVA        FA
  0   0     5.9114     6.0000     0.0886     3.9282     3.9282    -0.0000
  1   0     6.1036     6.0000    -0.1036     4.0515     4.0515    -0.0000
  2   0     6.0473     6.0000    -0.0473     3.8569     3.8569    -0.0000
  3   0     6.2160     6.0000    -0.2160     4.3537     4.3537    -0.0000
  4   0     5.7445     6.0000     0.2555     3.7740     3.7740    -0.0000
  5   0     6.1860     6.0000    -0.1860     4.2518     4.2518     0.0000
  6   0     7.0784     7.0000    -0.0784     3.1039     3.1039     0.0000
  7   0     6.1454     6.0000    -0.1454     4.0671     4.0671     0.0000
  8   0     5.9608     6.0000     0.0392     4.0778     4.0778     0.0000
  9   0     8.2372     8.0000    -0.2372     2.2623     2.2623     0.0000
 10   0     6.0910     6.0000    -0.0910     4.0393     4.0393    -0.0000
 11   0     6.0595     6.0000    -0.0595     3.8938     3.8938    -0.0000
 12   0    15.9345    16.0000     0.0655     2.3887     2.3887    -0.0000
 13   0     5.8120     6.0000     0.1880     3.9388     3.9388     0.0000
 14   0     5.9666     6.0000     0.0334     3.9692     3.9692     0.0000
 15   0     6.0096     6.0000    -0.0096     3.9772     3.9772    -0.0000
 16   0     6.0611     6.0000    -0.0611     3.8669     3.8669     0.0000
 17   0     6.1332     6.0000    -0.1332     4.1814     4.1814     0.0000
 18   0     7.0973     7.0000    -0.0973     3.1158     3.1158     0.0000
 19   0     6.1983     6.0000    -0.1983     4.1125     4.1125    -0.0000
 20   0     5.9424     6.0000     0.0576     4.0679     4.0679     0.0000
 21   0     8.2699     8.0000    -0.2699     2.2291     2.2291    -0.0000
 22   0     5.8702     6.0000     0.1298     3.8915     3.8915    -0.0000
 23   0     5.8602     6.0000     0.1398     3.8888     3.8888    -0.0000
 24   0     5.8024     6.0000     0.1976     3.7826     3.7826    -0.0000
 25   0     6.1405     6.0000    -0.1405     4.3075     4.3075    -0.0000
 26   0     6.0327     6.0000    -0.0327     3.8547     3.8547    -0.0000
 27   0     6.1460     6.0000    -0.1460     4.0830     4.0830    -0.0000
 28   0     5.9270     6.0000     0.0730     4.1199     4.1199     0.0000
 29   0     8.2179     8.0000    -0.2179     2.2917     2.2917     0.0000
 30   0     6.2281     6.0000    -0.2281     4.1718     4.1718    -0.0000
 31   0     7.1516     7.0000    -0.1516     3.1245     3.1245     0.0000
 32   0     5.8721     6.0000     0.1279     3.8706     3.8706    -0.0000
 33   0     5.8921     6.0000     0.1079     3.9577     3.9577    -0.0000
 34   0     5.8837     6.0000     0.1163     3.9259     3.9259     0.0000
 35   0    15.9790    16.0000     0.0210     2.4141     2.4141    -0.0000
 36   0     5.8810     6.0000     0.1190     3.8577     3.8577    -0.0000
 37   0     5.8986     6.0000     0.1014     3.9191     3.9191     0.0000
 38   0     5.9020     6.0000     0.0980     3.9204     3.9204     0.0000
 39   0     7.1716     7.0000    -0.1716     3.1342     3.1342     0.0000
 40   0     6.1694     6.0000    -0.1694     4.1275     4.1275    -0.0000
 41   0     5.9340     6.0000     0.0660     4.1333     4.1333    -0.0000
 42   0     8.2389     8.0000    -0.2389     2.2615     2.2615     0.0000
 43   0     5.9098     6.0000     0.0902     3.9664     3.9664    -0.0000
 44   0     5.8751     6.0000     0.1249     3.9270     3.9270     0.0000
 45   0     5.8771     6.0000     0.1229     3.8318     3.8318    -0.0000
 46   0     0.9598     1.0000     0.0402     0.9901     0.9901     0.0000
 47   0     0.9679     1.0000     0.0321     1.0119     1.0119     0.0000
 48   0     0.9767     1.0000     0.0233     0.9986     0.9986    -0.0000
 49   0     0.9948     1.0000     0.0052     1.0269     1.0269     0.0000
 50   0     0.9840     1.0000     0.0160     0.9948     0.9948     0.0000
 51   0     1.0002     1.0000    -0.0002     1.0036     1.0036    -0.0000
 52   0     0.9642     1.0000     0.0358     1.0149     1.0149     0.0000
 53   0     0.9431     1.0000     0.0569     1.0203     1.0203    -0.0000
 54   0     0.9859     1.0000     0.0141     0.9993     0.9993    -0.0000
 55   0     0.9639     1.0000     0.0361     1.0182     1.0182     0.0000
 56   0     0.9931     1.0000     0.0069     1.0073     1.0073     0.0000
 57   0     0.9871     1.0000     0.0129     1.0041     1.0041     0.0000
 58   0     0.9925     1.0000     0.0075     1.0026     1.0026     0.0000
 59   0     0.9628     1.0000     0.0372     1.0306     1.0306     0.0000
 60   0     0.9861     1.0000     0.0139     1.0028     1.0028     0.0000
 61   0     0.9774     1.0000     0.0226     1.0013     1.0013    -0.0000
 62   0     0.9813     1.0000     0.0187     1.0221     1.0221    -0.0000
 63   0     0.8848     1.0000     0.1152     1.0070     1.0070     0.0000
 64   0     0.9954     1.0000     0.0046     0.9982     0.9982    -0.0000
 65   0     0.9858     1.0000     0.0142     1.0133     1.0133    -0.0000
 66   0     0.9889     1.0000     0.0111     0.9940     0.9940    -0.0000
 67   0     0.9792     1.0000     0.0208     1.0046     1.0046    -0.0000
 68   0     1.0037     1.0000    -0.0037     0.9920     0.9920    -0.0000
 69   0     0.9909     1.0000     0.0091     1.0078     1.0078    -0.0000
 70   0     0.9644     1.0000     0.0356     0.9955     0.9955    -0.0000
 71   0     0.9793     1.0000     0.0207     0.9934     0.9934    -0.0000
 72   0     0.9629     1.0000     0.0371     1.0066     1.0066     0.0000
 73   0     0.9867     1.0000     0.0133     1.0099     1.0099     0.0000
 74   0     0.9855     1.0000     0.0145     0.9985     0.9985     0.0000
 75   0     0.9910     1.0000     0.0090     1.0050     1.0050     0.0000
 76   0     0.9589     1.0000     0.0411     1.0286     1.0286     0.0000
 77   0     0.9834     1.0000     0.0166     0.9970     0.9970    -0.0000
 78   0     0.9991     1.0000     0.0009     0.9935     0.9935     0.0000
 79   0     0.9778     1.0000     0.0222     0.9972     0.9972     0.0000
 80   0     0.9569     1.0000     0.0431     1.0275     1.0275    -0.0000
 81   0     0.9912     1.0000     0.0088     0.9948     0.9948     0.0000
 82   0     0.8903     1.0000     0.1097     1.0025     1.0025     0.0000
 83   0     0.9707     1.0000     0.0293     1.0045     1.0045    -0.0000
 84   0     0.9992     1.0000     0.0008     0.9971     0.9971     0.0000
 85   0     0.9926     1.0000     0.0074     0.9987     0.9987    -0.0000
 86   0     0.9841     1.0000     0.0159     1.0005     1.0005    -0.0000
 87   0     0.9945     1.0000     0.0055     0.9987     0.9987    -0.0000
 88   0     0.9851     1.0000     0.0149     1.0037     1.0037     0.0000
 89   0     0.9705     1.0000     0.0295     1.0140     1.0140     0.0000
 90   0     0.9743     1.0000     0.0257     1.0223     1.0223    -0.0000
 91   0     0.9844     1.0000     0.0156     0.9983     0.9983    -0.0000
      Bond orders larger than 0.1000000
           Atom A     A.N. of A          Atom B    A.N. of B              Bond order
                0             6               1            6                1.097509
                0             6              46            1                0.945954
                0             6              47            1                0.934239
                0             6              48            1                0.937673
                1             6               2            6                1.759170
                1             6              41            6                1.051764
                2             6               3            6                0.944538
                2             6              12           16                1.001169
                3             6               4            6                1.012651
                3             6              39            7                1.134882
                3             6              45            6                1.043199
                4             6               5            6                1.059380
                4             6              49            1                0.893144
                4             6              50            1                0.887973
                5             6               6            7                1.930951
                5             6              11            6                1.026012
                6             7               7            6                0.998864
                7             6               8            6                0.896993
                7             6              37            6                1.040842
                7             6              38            6                1.033514
                8             6               9            8                1.998990
                8             6              10            6                1.080286
               10             6              11            6                1.705044
               10             6              13            6                1.060502
               11             6              12           16                1.008938
               13             6              14            6                1.066543
               13             6              51            1                0.891995
               13             6              52            1                0.887171
               14             6              15            6                1.069311
               14             6              53            1                0.865445
               14             6              54            1                0.892787
               15             6              16            6                1.662767
               15             6              20            6                1.088339
               16             6              17            6                1.046977
               16             6              35           16                1.010921
               17             6              18            7                1.908600
               17             6              24            6                1.035209
               18             7              19            6                1.026916
               19             6              20            6                0.902459
               19             6              22            6                1.026361
               19             6              23            6                1.042991
               20             6              21            8                2.000188
               22             6              55            1                0.955129
               22             6              56            1                0.955751
               22             6              57            1                0.952548
               23             6              58            1                0.949444
               23             6              59            1                0.949415
               23             6              60            1                0.956392
               24             6              25            6                1.024104
               24             6              61            1                0.893626
               24             6              62            1                0.890299
               25             6              26            6                0.931351
               25             6              31            7                1.088848
               25             6              36            6                1.058482
               26             6              27            6                1.787974
               26             6              35           16                1.003291
               27             6              28            6                1.021608
               27             6              34            6                1.107592
               28             6              29            8                2.143487
               28             6              30            6                0.905288
               30             6              31            7                1.080776
               30             6              32            6                1.025623
               30             6              33            6                1.072721
               31             7              63            1                0.917305
               32             6              64            1                0.949610
               32             6              65            1                0.950460
               32             6              66            1                0.951987
               33             6              67            1                0.958024
               33             6              68            1                0.957474
               33             6              69            1                0.945671
               34             6              70            1                0.935093
               34             6              71            1                0.937200
               34             6              72            1                0.940976
               36             6              73            1                0.944307
               36             6              74            1                0.933877
               36             6              75            1                0.949298
               37             6              76            1                0.945730
               37             6              77            1                0.955983
               37             6              78            1                0.954210
               38             6              79            1                0.956302
               38             6              80            1                0.947413
               38             6              81            1                0.954425
               39             7              40            6                1.056586
               39             7              82            1                0.923015
               40             6              41            6                0.899491
               40             6              43            6                1.063971
               40             6              44            6                1.050099
               41             6              42            8                2.108947
               43             6              83            1                0.958783
               43             6              84            1                0.959895
               43             6              85            1                0.950346
               44             6              86            1                0.951935
               44             6              87            1                0.943877
               44             6              88            1                0.951008
               45             6              89            1                0.933328
               45             6              90            1                0.937732
               45             6              91            1                0.948115
# -----------------------------------------------------------
$ Calculation_Info
   description: Details of the calculation
   geom. index: 1
   prop. index: 1
     Multiplicity:                          1
     Charge:                                0
     number of atoms:                       92
     number of electrons:                   0
     number of frozen core electrons:       1
     number of correlated electrons:        0
     number of basis functions:             882
     number of aux C basis functions:       0
     number of aux J basis functions:       2764
     number of aux JK basis functions:      0
     number of aux CABS basis functions:    0
     Total Energy                           -2712.722281
# -----------------------------------------------------------
$ SCF_Electric_Properties
   description: The SCF Calculated Electric Properties
   geom. index: 1
   prop. index: 1
       Filename                          : 166.scfp 
       Do Dipole Moment Calculation      : true 
       Do Quadrupole Moment Calculation  : false 
       Do Polarizability Calculation     : true 
** Dipole moment part of electric properties **
        Magnitude of dipole moment (Debye) :        1.8884623316
        Electronic Contribution:
                  0    
      0       1.034940
      1      -3.500449
      2       1.188737
        Nuclear Contribution:
                  0    
      0      -0.617235
      1       3.756518
      2      -1.747258
        Total Dipole moment:
                  0    
      0       0.417705
      1       0.256070
      2      -0.558521
** Polarizabilities part of electric properties **
        Isotropic polarizability :      489.5388235175
        The raw cartesian tensor (atomic units):
                  0          1          2    
      0     511.058917 -17.402937  -2.837501
      1     -17.402937 524.387863  93.541122
      2      -2.837501  93.541122 433.169690
        Diagonalised polarizability tensor :
                  0    
      0     374.367727
      1     507.880346
      2     586.368398
# -------------------------------------------------------------
----------------------- !GEOMETRIES! ------------------------
# -------------------------------------------------------------
------------------------ !GEOMETRY! -------------------------
    Number of atoms:    92 
    Geometry Index:     1 
    Coordinates:
               0 C     -2.719436000000    1.440615000000    3.395869000000
               1 C     -3.850844000000    1.456178000000    2.403668000000
               2 C     -3.705665000000    0.947406000000    1.200190000000
               3 C     -4.820447000000    0.960148000000    0.217265000000
               4 C     -4.254680000000    1.252877000000   -1.165003000000
               5 C     -3.514608000000    0.093595000000   -1.721593000000
               6 N     -3.771025000000   -0.390042000000   -2.883618000000
               7 C     -3.092704000000   -1.500458000000   -3.468861000000
               8 C     -2.011858000000   -2.069098000000   -2.629323000000
               9 O     -1.357904000000   -3.034368000000   -3.085388000000
              10 C     -1.724550000000   -1.528853000000   -1.331897000000
              11 C     -2.456786000000   -0.495696000000   -0.918929000000
              12 S     -2.123975000000    0.211236000000    0.711838000000
              13 C     -0.637882000000   -2.104291000000   -0.459879000000
              14 C      0.648352000000   -1.823834000000   -1.177238000000
              15 C      1.870379000000   -2.292423000000   -0.552014000000
              16 C      2.752259000000   -1.380040000000   -0.128018000000
              17 C      3.990131000000   -1.736197000000    0.499590000000
              18 N      4.267748000000   -2.982216000000    0.661124000000
              19 C      3.486614000000   -4.081953000000    0.291553000000
              20 C      2.217127000000   -3.685873000000   -0.351144000000
              21 O      1.388212000000   -4.588562000000   -0.748983000000
              22 C      3.158310000000   -4.836174000000    1.611480000000
              23 C      4.236105000000   -5.067589000000   -0.607838000000
              24 C      4.947361000000   -0.711655000000    0.979345000000
              25 C      4.989094000000    0.580145000000    0.232288000000
              26 C      3.673560000000    1.264789000000    0.262156000000
              27 C      3.449069000000    2.480602000000    0.702284000000
              28 C      4.582613000000    3.251949000000    1.215668000000
              29 O      4.455254000000    4.252076000000    1.940408000000
              30 C      5.922613000000    2.756692000000    0.809787000000
              31 N      6.066408000000    1.356909000000    0.751022000000
              32 C      6.317340000000    3.481131000000   -0.480645000000
              33 C      6.908735000000    3.277617000000    1.867568000000
              34 C      2.114116000000    3.131828000000    0.716727000000
              35 S      2.304681000000    0.312592000000   -0.352085000000
              36 C      5.289473000000    0.275035000000   -1.219741000000
              37 C     -2.439095000000   -1.133937000000   -4.794755000000
              38 C     -4.050914000000   -2.664340000000   -3.751899000000
              39 N     -5.815167000000    1.960645000000    0.458137000000
              40 C     -6.254708000000    2.097717000000    1.807989000000
              41 C     -5.126988000000    2.041812000000    2.771868000000
              42 O     -5.321889000000    2.520306000000    3.916366000000
              43 C     -6.907050000000    3.473622000000    1.927845000000
              44 C     -7.323947000000    1.096037000000    2.207872000000
              45 C     -5.458683000000   -0.428446000000    0.124850000000
              46 H     -2.211284000000    2.440959000000    3.430870000000
              47 H     -3.165562000000    1.308788000000    4.403260000000
              48 H     -2.024037000000    0.613017000000    3.222226000000
              49 H     -5.071308000000    1.562938000000   -1.849433000000
              50 H     -3.511492000000    2.083644000000   -1.071294000000
              51 H     -0.646636000000   -1.536308000000    0.491986000000
              52 H     -0.839316000000   -3.149142000000   -0.233105000000
              53 H      0.641244000000   -2.250614000000   -2.222325000000
              54 H      0.681836000000   -0.730722000000   -1.349044000000
              55 H      2.155734000000   -5.270756000000    1.583129000000
              56 H      3.215220000000   -4.137453000000    2.464424000000
              57 H      3.981358000000   -5.558906000000    1.744752000000
              58 H      4.797523000000   -5.741084000000    0.074980000000
              59 H      3.491226000000   -5.649499000000   -1.147077000000
              60 H      4.909632000000   -4.483939000000   -1.258642000000
              61 H      4.755816000000   -0.540532000000    2.068846000000
              62 H      5.969935000000   -1.197344000000    0.940937000000
              63 H      6.572415000000    0.916571000000    1.548231000000
              64 H      5.446351000000    3.504786000000   -1.142728000000
              65 H      7.206505000000    2.982588000000   -0.890601000000
              66 H      6.605393000000    4.538075000000   -0.267801000000
              67 H      7.181775000000    4.323573000000    1.654613000000
              68 H      7.824443000000    2.653311000000    1.861451000000
              69 H      6.430652000000    3.147904000000    2.869003000000
              70 H      1.586469000000    2.758812000000    1.635204000000
              71 H      1.517882000000    2.758780000000   -0.139118000000
              72 H      2.214600000000    4.224637000000    0.709079000000
              73 H      5.359150000000    1.202778000000   -1.843252000000
              74 H      4.446884000000   -0.302919000000   -1.703018000000
              75 H      6.203236000000   -0.331087000000   -1.337903000000
              76 H     -1.689280000000   -1.946705000000   -5.010416000000
              77 H     -3.155714000000   -1.053833000000   -5.619659000000
              78 H     -1.837657000000   -0.213000000000   -4.644245000000
              79 H     -4.694556000000   -2.428567000000   -4.618257000000
              80 H     -3.411328000000   -3.558732000000   -3.917278000000
              81 H     -4.634497000000   -2.858361000000   -2.829062000000
              82 H     -5.692493000000    2.837710000000   -0.071523000000
              83 H     -7.619035000000    3.487782000000    2.778979000000
              84 H     -7.512547000000    3.617833000000    1.007200000000
              85 H     -6.155484000000    4.275973000000    1.975643000000
              86 H     -7.847350000000    1.540733000000    3.081046000000
              87 H     -6.877040000000    0.143159000000    2.554450000000
              88 H     -8.081315000000    0.964457000000    1.423440000000
              89 H     -5.090923000000   -0.983238000000   -0.764409000000
              90 H     -6.558657000000   -0.366722000000    0.027985000000
              91 H     -5.162514000000   -1.036858000000    1.013639000000
