-------------------------------------------------------------
----------------------- !PROPERTIES! ------------------------
-------------------------------------------------------------
# -----------------------------------------------------------
$ SCF_Energy
   description: The SCF energy
   geom. index: 1
   prop. index: 1
        SCF Energy:    -1886.5984003833
# -----------------------------------------------------------
$ DFT_Energy
   description: The DFT energy
   geom. index: 1
   prop. index: 1
   Number of Alpha Electrons                128.0000271132 
   Number of Beta  Electrons                128.0000271132 
   Total number of  Electrons               256.0000542264 
   Exchange energy                         -184.1713941656 
   Correlation energy                       -10.6088951147 
   Correlation energy NL                      0.0000000000 
   Exchange-Correlation energy             -194.7802892802 
   Embedding correction                       0.0000000000 
   Total DFT Energy (No VdW correction)   -1886.5984003833 
# -----------------------------------------------------------
$ Mayer_Pop
   description: The Mayer population analysis
   geom. index: 1
   prop. index: 1
     Number of atoms                     : 53
     Threshold for printing              : 0.1000000
     Number of bond orders printed       : 56
  NA   - Mulliken gross atomic population
  ZA   - Total nuclear charge
  QA   - Mulliken gross atomic charge
  VA   - Mayer's total valence
  BVA  - Mayer's bonded valence
  FA   - Mayer's free valence
  ATOM       NA         ZA         QA         VA         BVA        FA
  0   0     6.1078     6.0000    -0.1078     3.9513     3.9513     0.0000
  1   0     6.0058     6.0000    -0.0058     3.8990     3.8990     0.0000
  2   0     6.0324     6.0000    -0.0324     3.9025     3.9025    -0.0000
  3   0     5.7704     6.0000     0.2296     4.2120     4.2120    -0.0000
  4   0     8.3613     8.0000    -0.3613     2.1233     2.1233     0.0000
  5   0     7.3076     7.0000    -0.3076     3.1668     3.1668     0.0000
  6   0     5.7839     6.0000     0.2161     3.9550     3.9550    -0.0000
  7   0     5.8780     6.0000     0.1220     4.0356     4.0356     0.0000
  8   0     5.9588     6.0000     0.0412     3.7910     3.7910     0.0000
  9   0     5.9875     6.0000     0.0125     3.8784     3.8784    -0.0000
 10   0     6.0518     6.0000    -0.0518     3.8100     3.8100    -0.0000
 11   0     5.6827     6.0000     0.3173     3.8485     3.8485     0.0000
 12   0     6.0546     6.0000    -0.0546     3.8175     3.8175    -0.0000
 13   0     6.0058     6.0000    -0.0058     3.8501     3.8501     0.0000
 14   0     9.2185     9.0000    -0.2185     1.1420     1.1420     0.0000
 15   0     7.1510     7.0000    -0.1510     3.1848     3.1848     0.0000
 16   0     5.9423     6.0000     0.0577     4.2710     4.2710    -0.0000
 17   0     7.1455     7.0000    -0.1455     3.1150     3.1150    -0.0000
 18   0     5.8994     6.0000     0.1006     4.0125     4.0125    -0.0000
 19   0     6.0471     6.0000    -0.0471     3.7493     3.7493    -0.0000
 20   0     5.9293     6.0000     0.0707     3.9859     3.9859    -0.0000
 21   0     7.0986     7.0000    -0.0986     3.1365     3.1365    -0.0000
 22   0     5.8713     6.0000     0.1287     4.0158     4.0158    -0.0000
 23   0     7.1308     7.0000    -0.1308     2.9806     2.9806    -0.0000
 24   0     7.1020     7.0000    -0.1020     2.9832     2.9832    -0.0000
 25   0     6.0123     6.0000    -0.0123     3.9829     3.9829     0.0000
 26   0     8.1299     8.0000    -0.1299     2.4479     2.4479     0.0000
 27   0     5.4302     6.0000     0.5698     4.1230     4.1230    -0.0000
 28   0     9.2168     9.0000    -0.2168     1.1334     1.1334     0.0000
 29   0     9.2278     9.0000    -0.2278     1.1206     1.1206    -0.0000
 30   0     5.9317     6.0000     0.0683     3.9254     3.9254    -0.0000
 31   0     5.4437     6.0000     0.5563     4.3547     4.3547    -0.0000
 32   0     9.2090     9.0000    -0.2090     1.1508     1.1508     0.0000
 33   0     9.1894     9.0000    -0.1894     1.1686     1.1686    -0.0000
 34   0     9.1701     9.0000    -0.1701     1.1924     1.1924     0.0000
 35   0     0.9446     1.0000     0.0554     0.9791     0.9791    -0.0000
 36   0     0.9511     1.0000     0.0489     0.9889     0.9889     0.0000
 37   0     0.9717     1.0000     0.0283     0.9955     0.9955    -0.0000
 38   0     0.9498     1.0000     0.0502     0.9779     0.9779     0.0000
 39   0     0.9385     1.0000     0.0615     1.0061     1.0061    -0.0000
 40   0     0.9799     1.0000     0.0201     1.0255     1.0255    -0.0000
 41   0     0.9610     1.0000     0.0390     1.0427     1.0427    -0.0000
 42   0     1.0166     1.0000    -0.0166     1.0042     1.0042     0.0000
 43   0     1.0457     1.0000    -0.0457     0.9885     0.9885    -0.0000
 44   0     1.0203     1.0000    -0.0203     0.9898     0.9898    -0.0000
 45   0     1.0165     1.0000    -0.0165     0.9896     0.9896    -0.0000
 46   0     1.0272     1.0000    -0.0272     0.9995     0.9995     0.0000
 47   0     0.8574     1.0000     0.1426     1.0290     1.0290     0.0000
 48   0     0.9777     1.0000     0.0223     1.0137     1.0137    -0.0000
 49   0     0.9820     1.0000     0.0180     0.9983     0.9983    -0.0000
 50   0     0.9735     1.0000     0.0265     1.0080     1.0080    -0.0000
 51   0     0.9567     1.0000     0.0433     1.0061     1.0061    -0.0000
 52   0     0.9446     1.0000     0.0554     1.0079     1.0079     0.0000
      Bond orders larger than 0.1000000
           Atom A     A.N. of A          Atom B    A.N. of B              Bond order
                0             6               1            6                1.026726
                0             6               2            6                0.915297
                0             6              35            1                0.953171
                0             6              36            1                0.965511
                1             6               2            6                0.949073
                1             6              37            1                0.951180
                1             6              38            1                0.933833
                2             6               3            6                1.089186
                2             6              39            1                0.909514
                3             6               4            8                1.829537
                3             6               5            7                1.139618
                5             7               6            6                0.930968
                5             7              30            6                0.997197
                6             6               7            6                1.100511
                6             6              40            1                0.912893
                6             6              41            1                0.888731
                7             6               8            6                0.973647
                7             6              15            7                1.007524
                7             6              42            1                0.873779
                8             6               9            6                1.368618
                8             6              13            6                1.382305
                9             6              10            6                1.361762
                9             6              43            1                0.993706
               10             6              11            6                1.349981
               10             6              44            1                0.993187
               11             6              12            6                1.362879
               11             6              14            9                1.060430
               12             6              13            6                1.348976
               12             6              45            1                0.997799
               13             6              46            1                0.994292
               15             7              16            6                1.172969
               15             7              47            1                0.896164
               16             6              17            7                1.408785
               16             6              21            7                1.476829
               17             7              18            6                1.536043
               18             6              19            6                1.360275
               18             6              48            1                0.976010
               19             6              20            6                1.318797
               19             6              22            6                1.015255
               20             6              21            7                1.536908
               20             6              49            1                0.987082
               22             6              23            7                1.613871
               22             6              26            8                1.225891
               23             7              24            7                1.248497
               24             7              25            6                1.624100
               25             6              26            8                1.153021
               25             6              27            6                1.008061
               27             6              28            9                1.080209
               27             6              29            9                1.066119
               27             6              50            1                0.944324
               30             6              31            6                1.015105
               30             6              51            1                0.926899
               30             6              52            1                0.910238
               31             6              32            9                1.057346
               31             6              33            9                1.102285
               31             6              34            9                1.126893
# -----------------------------------------------------------
$ Calculation_Info
   description: Details of the calculation
   geom. index: 1
   prop. index: 1
     Multiplicity:                          1
     Charge:                                0
     number of atoms:                       53
     number of electrons:                   0
     number of frozen core electrons:       1
     number of correlated electrons:        0
     number of basis functions:             580
     number of aux C basis functions:       0
     number of aux J basis functions:       1913
     number of aux JK basis functions:      0
     number of aux CABS basis functions:    0
     Total Energy                           -1886.598400
# -----------------------------------------------------------
$ SCF_Electric_Properties
   description: The SCF Calculated Electric Properties
   geom. index: 1
   prop. index: 1
       Filename                          : 219.scfp 
       Do Dipole Moment Calculation      : true 
       Do Quadrupole Moment Calculation  : false 
       Do Polarizability Calculation     : true 
** Dipole moment part of electric properties **
        Magnitude of dipole moment (Debye) :        5.5233993817
        Electronic Contribution:
                  0    
      0      25.112636
      1      -2.286209
      2      -4.908686
        Nuclear Contribution:
                  0    
      0     -25.914458
      1       2.889965
      2       6.836019
        Total Dipole moment:
                  0    
      0      -0.801822
      1       0.603756
      2       1.927333
** Polarizabilities part of electric properties **
        Isotropic polarizability :      278.2096626731
        The raw cartesian tensor (atomic units):
                  0          1          2    
      0     350.522184  19.668225 -23.196422
      1      19.668225 263.408726  16.895119
      2     -23.196422  16.895119 220.698078
        Diagonalised polarizability tensor :
                  0    
      0     209.052616
      1     268.053291
      2     357.523080
# -------------------------------------------------------------
----------------------- !GEOMETRIES! ------------------------
# -------------------------------------------------------------
------------------------ !GEOMETRY! -------------------------
    Number of atoms:    53 
    Geometry Index:     1 
    Coordinates:
               0 C     -3.786617000000    2.202329000000    2.676315000000
               1 C     -5.130042000000    1.507198000000    2.689389000000
               2 C     -4.508851000000    1.740107000000    1.402146000000
               3 C     -3.803980000000    0.834267000000    0.520088000000
               4 O     -3.683440000000    1.298285000000   -0.709041000000
               5 N     -3.229862000000   -0.431750000000    0.729864000000
               6 C     -2.467591000000   -1.104392000000   -0.323280000000
               7 C     -0.997912000000   -0.898024000000   -0.267998000000
               8 C     -0.406216000000   -1.642650000000   -1.406404000000
               9 C      0.075606000000   -2.909006000000   -1.213309000000
              10 C      0.634295000000   -3.625027000000   -2.266141000000
              11 C      0.696870000000   -3.041957000000   -3.509607000000
              12 C      0.223624000000   -1.780832000000   -3.728639000000
              13 C     -0.335654000000   -1.078225000000   -2.650654000000
              14 F      1.239541000000   -3.723620000000   -4.555712000000
              15 N     -0.493309000000    0.423311000000   -0.290583000000
              16 C      0.905660000000    0.646318000000   -0.259497000000
              17 N      1.723462000000   -0.416580000000   -0.208834000000
              18 C      3.065973000000   -0.285699000000   -0.176740000000
              19 C      3.594691000000    0.968181000000   -0.196840000000
              20 C      2.762973000000    2.063184000000   -0.248748000000
              21 N      1.424482000000    1.866230000000   -0.278935000000
              22 C      5.047525000000    1.185661000000   -0.164188000000
              23 N      5.962820000000    0.216714000000   -0.113511000000
              24 N      7.154386000000    0.783560000000   -0.097309000000
              25 C      6.972151000000    2.108958000000   -0.138226000000
              26 O      5.672202000000    2.319850000000   -0.178477000000
              27 C      8.046633000000    3.150596000000   -0.138055000000
              28 F      7.862282000000    3.961185000000    0.961008000000
              29 F      7.927972000000    3.862438000000   -1.326230000000
              30 C     -3.373642000000   -1.144134000000    1.961661000000
              31 C     -4.605786000000   -2.038844000000    1.887177000000
              32 F     -4.402314000000   -2.939500000000    0.834518000000
              33 F     -4.735808000000   -2.765100000000    3.053552000000
              34 F     -5.742005000000   -1.354837000000    1.562149000000
              35 H     -3.842244000000    3.280238000000    2.961455000000
              36 H     -2.871058000000    1.708760000000    2.990592000000
              37 H     -5.172114000000    0.600120000000    3.281540000000
              38 H     -6.036859000000    2.164179000000    2.922860000000
              39 H     -4.883805000000    2.671039000000    0.859208000000
              40 H     -2.636776000000   -2.198669000000   -0.346683000000
              41 H     -2.869778000000   -0.748583000000   -1.319709000000
              42 H     -0.645579000000   -1.418493000000    0.701923000000
              43 H      0.044498000000   -3.394807000000   -0.262644000000
              44 H      1.016397000000   -4.627103000000   -2.116721000000
              45 H      0.267452000000   -1.309471000000   -4.706427000000
              46 H     -0.694040000000   -0.095410000000   -2.863652000000
              47 H     -1.101649000000    1.247949000000   -0.326215000000
              48 H      3.717949000000   -1.149002000000   -0.135915000000
              49 H      3.150764000000    3.080022000000   -0.266132000000
              50 H      9.015465000000    2.653754000000   -0.098780000000
              51 H     -3.290955000000   -0.579350000000    2.882173000000
              52 H     -2.457786000000   -1.843368000000    2.012219000000
