-------------------------------------------------------------
----------------------- !PROPERTIES! ------------------------
-------------------------------------------------------------
# -----------------------------------------------------------
$ SCF_Energy
   description: The SCF energy
   geom. index: 1
   prop. index: 1
        SCF Energy:     -904.8359981420
# -----------------------------------------------------------
$ DFT_Energy
   description: The DFT energy
   geom. index: 1
   prop. index: 1
   Number of Alpha Electrons                 77.9996771504 
   Number of Beta  Electrons                 77.9996771504 
   Total number of  Electrons               155.9993543008 
   Exchange energy                          -99.6031952927 
   Correlation energy                        -6.2003418783 
   Correlation energy NL                      0.0000000000 
   Exchange-Correlation energy             -105.8035371710 
   Embedding correction                       0.0000000000 
   Total DFT Energy (No VdW correction)    -904.8359981420 
# -----------------------------------------------------------
$ Mayer_Pop
   description: The Mayer population analysis
   geom. index: 1
   prop. index: 1
     Number of atoms                     : 46
     Threshold for printing              : 0.1000000
     Number of bond orders printed       : 49
  NA   - Mulliken gross atomic population
  ZA   - Total nuclear charge
  QA   - Mulliken gross atomic charge
  VA   - Mayer's total valence
  BVA  - Mayer's bonded valence
  FA   - Mayer's free valence
  ATOM       NA         ZA         QA         VA         BVA        FA
  0   0     5.9482     6.0000     0.0518     3.9644     3.9644     0.0000
  1   0     6.1345     6.0000    -0.1345     4.2875     4.2875    -0.0000
  2   0     5.9476     6.0000     0.0524     4.0822     4.0822    -0.0000
  3   0     5.8133     6.0000     0.1867     3.9819     3.9819    -0.0000
  4   0     6.0994     6.0000    -0.0994     4.3140     4.3140    -0.0000
  5   0     5.8948     6.0000     0.1052     4.1150     4.1150     0.0000
  6   0     5.7629     6.0000     0.2371     3.7795     3.7795     0.0000
  7   0     6.0222     6.0000    -0.0222     3.9524     3.9524    -0.0000
  8   0     5.9473     6.0000     0.0527     3.7995     3.7995     0.0000
  9   0     6.2828     6.0000    -0.2828     4.0032     4.0032     0.0000
 10   0     5.8213     6.0000     0.1787     3.9784     3.9784    -0.0000
 11   0     5.8687     6.0000     0.1313     4.0538     4.0538    -0.0000
 12   0     5.7766     6.0000     0.2234     4.0367     4.0367    -0.0000
 13   0     7.3212     7.0000    -0.3212     3.2457     3.2457     0.0000
 14   0     5.8419     6.0000     0.1581     3.9490     3.9490     0.0000
 15   0     6.0867     6.0000    -0.0867     3.7232     3.7232    -0.0000
 16   0     5.7832     6.0000     0.2168     3.8930     3.8930     0.0000
 17   0     6.0278     6.0000    -0.0278     3.7929     3.7929     0.0000
 18   0     6.0549     6.0000    -0.0549     3.7668     3.7668    -0.0000
 19   0     8.3304     8.0000    -0.3304     2.0625     2.0625     0.0000
 20   0     8.2542     8.0000    -0.2542     2.1573     2.1573     0.0000
 21   0     0.9948     1.0000     0.0052     0.9834     0.9834    -0.0000
 22   0     0.9982     1.0000     0.0018     0.9964     0.9964    -0.0000
 23   0     0.9939     1.0000     0.0061     0.9944     0.9944     0.0000
 24   0     1.0198     1.0000    -0.0198     0.9612     0.9612    -0.0000
 25   0     1.0121     1.0000    -0.0121     0.9826     0.9826     0.0000
 26   0     1.0116     1.0000    -0.0116     0.9971     0.9971     0.0000
 27   0     1.0162     1.0000    -0.0162     0.9881     0.9881    -0.0000
 28   0     1.0085     1.0000    -0.0085     0.9857     0.9857    -0.0000
 29   0     1.0292     1.0000    -0.0292     0.9931     0.9931     0.0000
 30   0     1.0017     1.0000    -0.0017     0.9890     0.9890    -0.0000
 31   0     1.0201     1.0000    -0.0201     0.9989     0.9989     0.0000
 32   0     0.9899     1.0000     0.0101     1.0003     1.0003     0.0000
 33   0     1.0194     1.0000    -0.0194     0.9819     0.9819    -0.0000
 34   0     1.0140     1.0000    -0.0140     0.9920     0.9920    -0.0000
 35   0     1.0264     1.0000    -0.0264     0.9892     0.9892    -0.0000
 36   0     1.0254     1.0000    -0.0254     0.9776     0.9776    -0.0000
 37   0     1.0352     1.0000    -0.0352     0.9685     0.9685     0.0000
 38   0     1.0104     1.0000    -0.0104     0.9743     0.9743     0.0000
 39   0     1.0009     1.0000    -0.0009     0.9967     0.9967     0.0000
 40   0     0.9964     1.0000     0.0036     0.9904     0.9904    -0.0000
 41   0     1.0475     1.0000    -0.0475     1.0151     1.0151    -0.0000
 42   0     1.0453     1.0000    -0.0453     0.9948     0.9948     0.0000
 43   0     1.0449     1.0000    -0.0449     0.9843     0.9843     0.0000
 44   0     0.7827     1.0000     0.2173     0.9725     0.9725     0.0000
 45   0     0.8359     1.0000     0.1641     1.0358     1.0358    -0.0000
      Bond orders larger than 0.1000000
           Atom A     A.N. of A          Atom B    A.N. of B              Bond order
                0             6               1            6                1.074489
                0             6              21            1                0.965140
                0             6              22            1                0.958365
                0             6              23            1                0.962528
                1             6               2            6                1.052258
                1             6              10            6                1.129480
                1             6              24            1                0.898906
                2             6               3            6                1.123100
                2             6              25            1                0.926312
                2             6              26            1                0.903010
                3             6               4            6                1.066523
                3             6              27            1                0.897677
                3             6              28            1                0.896046
                4             6               5            6                0.970451
                4             6               9            6                0.981557
                4             6              20            8                1.109936
                5             6               6            6                1.038611
                5             6              13            7                1.074444
                5             6              29            1                0.873983
                6             6               7            6                1.009385
                6             6              30            1                0.891565
                6             6              31            1                0.880481
                7             6               8            6                1.490017
                7             6              18            6                1.315659
                8             6               9            6                0.902879
                8             6              15            6                1.282275
                9             6              10            6                1.037067
                9             6              11            6                1.046570
               10             6              32            1                0.898149
               10             6              33            1                0.879830
               11             6              12            6                1.093421
               11             6              34            1                0.904030
               11             6              35            1                0.912639
               12             6              13            7                1.065922
               12             6              36            1                0.912314
               12             6              37            1                0.900793
               13             7              14            6                1.036073
               14             6              38            1                0.963125
               14             6              39            1                0.957699
               14             6              40            1                0.956794
               15             6              16            6                1.344963
               15             6              41            1                0.991442
               16             6              17            6                1.364251
               16             6              19            8                1.064915
               17             6              18            6                1.346152
               17             6              42            1                0.995639
               18             6              43            1                0.993384
               19             8              44            1                0.930252
               20             8              45            1                0.957293
# -----------------------------------------------------------
$ Calculation_Info
   description: Details of the calculation
   geom. index: 1
   prop. index: 1
     Multiplicity:                          1
     Charge:                                0
     number of atoms:                       46
     number of electrons:                   0
     number of frozen core electrons:       1
     number of correlated electrons:        0
     number of basis functions:             419
     number of aux C basis functions:       0
     number of aux J basis functions:       1304
     number of aux JK basis functions:      0
     number of aux CABS basis functions:    0
     Total Energy                           -904.835998
# -----------------------------------------------------------
$ SCF_Electric_Properties
   description: The SCF Calculated Electric Properties
   geom. index: 1
   prop. index: 1
       Filename                          : 118.scfp 
       Do Dipole Moment Calculation      : true 
       Do Quadrupole Moment Calculation  : false 
       Do Polarizability Calculation     : true 
** Dipole moment part of electric properties **
        Magnitude of dipole moment (Debye) :        1.3877697611
        Electronic Contribution:
                  0    
      0      -9.975678
      1       6.922838
      2       2.157895
        Nuclear Contribution:
                  0    
      0       9.848013
      1      -6.988379
      2      -2.684678
        Total Dipole moment:
                  0    
      0      -0.127664
      1      -0.065542
      2      -0.526782
** Polarizabilities part of electric properties **
        Isotropic polarizability :      193.5142793909
        The raw cartesian tensor (atomic units):
                  0          1          2    
      0     196.985998 -12.835622 -14.114511
      1     -12.835622 208.837714  -8.736649
      2     -14.114511  -8.736649 174.719126
        Diagonalised polarizability tensor :
                  0    
      0     163.721661
      1     199.769947
      2     217.051230
# -------------------------------------------------------------
----------------------- !GEOMETRIES! ------------------------
# -------------------------------------------------------------
------------------------ !GEOMETRY! -------------------------
    Number of atoms:    46 
    Geometry Index:     1 
    Coordinates:
               0 C      3.707495000000    1.676556000000   -0.389724000000
               1 C      2.778090000000    0.479499000000   -0.644322000000
               2 C      2.946465000000   -0.452598000000    0.496171000000
               3 C      1.669506000000   -0.743853000000    1.256272000000
               4 C      0.664907000000   -1.149290000000    0.225443000000
               5 C     -0.598524000000   -1.731011000000    0.795832000000
               6 C     -1.239166000000   -0.834189000000    1.825475000000
               7 C     -1.455563000000    0.491868000000    1.218450000000
               8 C     -0.754692000000    0.885804000000    0.135437000000
               9 C      0.288047000000    0.075266000000   -0.566275000000
              10 C      1.411347000000    0.966133000000   -0.908738000000
              11 C     -0.441526000000   -0.481914000000   -1.799409000000
              12 C     -1.570289000000   -1.364045000000   -1.400732000000
              13 N     -1.469738000000   -2.093406000000   -0.230112000000
              14 C     -2.105669000000   -3.353595000000   -0.150102000000
              15 C     -0.999660000000    2.150436000000   -0.399172000000
              16 C     -1.934301000000    3.010135000000    0.143270000000
              17 C     -2.639908000000    2.599886000000    1.242542000000
              18 C     -2.392917000000    1.339394000000    1.772022000000
              19 O     -2.168564000000    4.280255000000   -0.407499000000
              20 O      1.230067000000   -2.132198000000   -0.568695000000
              21 H      4.678654000000    1.555512000000   -0.864286000000
              22 H      3.220439000000    2.624738000000   -0.687686000000
              23 H      3.899971000000    1.776643000000    0.712886000000
              24 H      3.199239000000    0.014009000000   -1.584456000000
              25 H      3.734219000000   -0.122645000000    1.234248000000
              26 H      3.318035000000   -1.458014000000    0.139805000000
              27 H      1.895994000000   -1.619754000000    1.915141000000
              28 H      1.376754000000    0.137435000000    1.848901000000
              29 H     -0.286232000000   -2.662782000000    1.355529000000
              30 H     -0.686084000000   -0.782877000000    2.768782000000
              31 H     -2.237160000000   -1.286393000000    2.060608000000
              32 H      1.310486000000    1.981508000000   -0.420054000000
              33 H      1.335819000000    1.206779000000   -2.011091000000
              34 H     -0.849348000000    0.436885000000   -2.312193000000
              35 H      0.265042000000   -0.923178000000   -2.524640000000
              36 H     -1.755166000000   -2.069054000000   -2.266850000000
              37 H     -2.518284000000   -0.747377000000   -1.370411000000
              38 H     -3.140551000000   -3.194650000000    0.260211000000
              39 H     -1.568784000000   -3.965375000000    0.627364000000
              40 H     -2.101021000000   -3.947838000000   -1.063493000000
              41 H     -0.465717000000    2.513165000000   -1.265640000000
              42 H     -3.372466000000    3.277773000000    1.665054000000
              43 H     -2.977862000000    1.060229000000    2.643635000000
              44 H     -2.880074000000    4.401839000000   -1.140275000000
              45 H      1.678691000000   -1.825709000000   -1.367221000000
