-------------------------------------------------------------
----------------------- !PROPERTIES! ------------------------
-------------------------------------------------------------
# -----------------------------------------------------------
$ SCF_Energy
   description: The SCF energy
   geom. index: 1
   prop. index: 1
        SCF Energy:    -1549.9703806342
# -----------------------------------------------------------
$ DFT_Energy
   description: The DFT energy
   geom. index: 1
   prop. index: 1
   Number of Alpha Electrons                111.9998592933 
   Number of Beta  Electrons                111.9998592933 
   Total number of  Electrons               223.9997185867 
   Exchange energy                         -156.2828997452 
   Correlation energy                        -9.1685272654 
   Correlation energy NL                      0.0000000000 
   Exchange-Correlation energy             -165.4514270106 
   Embedding correction                       0.0000000000 
   Total DFT Energy (No VdW correction)   -1549.9703806342 
# -----------------------------------------------------------
$ Mayer_Pop
   description: The Mayer population analysis
   geom. index: 1
   prop. index: 1
     Number of atoms                     : 50
     Threshold for printing              : 0.1000000
     Number of bond orders printed       : 54
  NA   - Mulliken gross atomic population
  ZA   - Total nuclear charge
  QA   - Mulliken gross atomic charge
  VA   - Mayer's total valence
  BVA  - Mayer's bonded valence
  FA   - Mayer's free valence
  ATOM       NA         ZA         QA         VA         BVA        FA
  0   0     5.8993     6.0000     0.1007     3.9547     3.9547    -0.0000
  1   0     7.3328     7.0000    -0.3328     3.1966     3.1966    -0.0000
  2   0     5.7975     6.0000     0.2025     4.0029     4.0029     0.0000
  3   0     5.8470     6.0000     0.1530     3.9625     3.9625     0.0000
  4   0     5.9848     6.0000     0.0152     3.8885     3.8885    -0.0000
  5   0     5.9960     6.0000     0.0040     3.8530     3.8530    -0.0000
  6   0     6.0414     6.0000    -0.0414     3.7911     3.7911     0.0000
  7   0     5.6868     6.0000     0.3132     3.8515     3.8515     0.0000
  8   0     6.0392     6.0000    -0.0392     3.7769     3.7769    -0.0000
  9   0     5.9995     6.0000     0.0005     3.8466     3.8466    -0.0000
 10   0     9.2136     9.0000    -0.2136     1.1483     1.1483    -0.0000
 11   0     7.1859     7.0000    -0.1859     3.1600     3.1600    -0.0000
 12   0     5.9326     6.0000     0.0674     4.2680     4.2680    -0.0000
 13   0     7.1181     7.0000    -0.1181     3.1359     3.1359     0.0000
 14   0     5.9217     6.0000     0.0783     3.9994     3.9994     0.0000
 15   0     6.0547     6.0000    -0.0547     3.7652     3.7652    -0.0000
 16   0     5.8989     6.0000     0.1011     4.0181     4.0181    -0.0000
 17   0     7.1389     7.0000    -0.1389     3.1079     3.1079    -0.0000
 18   0     5.8586     6.0000     0.1414     3.9775     3.9775    -0.0000
 19   0     7.1284     7.0000    -0.1284     2.9853     2.9853    -0.0000
 20   0     7.1064     7.0000    -0.1064     2.9524     2.9524    -0.0000
 21   0     5.9923     6.0000     0.0077     3.9289     3.9289    -0.0000
 22   0     8.1395     8.0000    -0.1395     2.4217     2.4217    -0.0000
 23   0     5.4546     6.0000     0.5454     4.1624     4.1624     0.0000
 24   0     9.1984     9.0000    -0.1984     1.1560     1.1560     0.0000
 25   0     9.2249     9.0000    -0.2249     1.1258     1.1258    -0.0000
 26   0     5.7772     6.0000     0.2228     4.2080     4.2080     0.0000
 27   0     8.2998     8.0000    -0.2998     2.2244     2.2244    -0.0000
 28   0     6.1000     6.0000    -0.1000     3.8980     3.8980    -0.0000
 29   0     6.0379     6.0000    -0.0379     3.9817     3.9817    -0.0000
 30   0     6.0087     6.0000    -0.0087     3.9903     3.9903    -0.0000
 31   0     0.9610     1.0000     0.0390     0.9774     0.9774     0.0000
 32   0     0.9547     1.0000     0.0453     0.9820     0.9820    -0.0000
 33   0     0.9639     1.0000     0.0361     0.9940     0.9940     0.0000
 34   0     0.9680     1.0000     0.0320     1.0210     1.0210     0.0000
 35   0     1.0044     1.0000    -0.0044     0.9974     0.9974    -0.0000
 36   0     0.9859     1.0000     0.0141     1.0163     1.0163     0.0000
 37   0     1.0126     1.0000    -0.0126     0.9907     0.9907    -0.0000
 38   0     1.0173     1.0000    -0.0173     0.9920     0.9920    -0.0000
 39   0     1.0197     1.0000    -0.0197     0.9895     0.9895    -0.0000
 40   0     1.0420     1.0000    -0.0420     0.9978     0.9978    -0.0000
 41   0     0.8679     1.0000     0.1321     1.0270     1.0270     0.0000
 42   0     1.0016     1.0000    -0.0016     0.9979     0.9979    -0.0000
 43   0     0.9697     1.0000     0.0303     1.0153     1.0153    -0.0000
 44   0     0.9885     1.0000     0.0115     0.9905     0.9905    -0.0000
 45   0     0.9995     1.0000     0.0005     0.9917     0.9917    -0.0000
 46   0     0.9672     1.0000     0.0328     0.9779     0.9779    -0.0000
 47   0     0.9428     1.0000     0.0572     1.0013     1.0013    -0.0000
 48   0     0.9717     1.0000     0.0283     0.9773     0.9773    -0.0000
 49   0     0.9462     1.0000     0.0538     0.9963     0.9963    -0.0000
      Bond orders larger than 0.1000000
           Atom A     A.N. of A          Atom B    A.N. of B              Bond order
                0             6               1            7                0.987666
                0             6              31            1                0.959321
                0             6              32            1                0.960019
                0             6              33            1                0.956899
                1             7               2            6                0.981230
                1             7              26            6                1.130313
                2             6               3            6                1.076674
                2             6              34            1                0.911357
                2             6              35            1                0.921506
                3             6               4            6                0.996039
                3             6              11            7                0.955878
                3             6              36            1                0.885423
                4             6               5            6                1.390545
                4             6               9            6                1.390332
                5             6               6            6                1.342081
                5             6              37            1                0.984187
                6             6               7            6                1.360464
                6             6              38            1                0.994187
                7             6               8            6                1.339700
                7             6              10            9                1.065276
                8             6               9            6                1.351492
                8             6              39            1                0.998323
                9             6              40            1                0.978947
               11             7              12            6                1.179529
               11             7              41            1                0.897012
               12             6              13            7                1.440563
               12             6              17            7                1.427164
               13             7              14            6                1.565355
               14             6              15            6                1.314066
               14             6              42            1                0.988837
               15             6              16            6                1.369718
               15             6              18            6                1.016797
               16             6              17            7                1.523895
               16             6              43            1                0.972546
               18             6              19            7                1.602753
               18             6              21            6                0.103740
               18             6              22            8                1.195073
               19             7              20            7                1.258247
               20             7              21            6                1.582981
               21             6              22            8                1.152287
               21             6              23            6                1.006831
               23             6              24            9                1.110350
               23             6              25            9                1.083043
               23             6              44            1                0.937436
               26             6              27            8                1.990138
               26             6              28            6                0.998445
               28             6              29            6                0.956800
               28             6              30            6                0.981128
               28             6              45            1                0.922816
               29             6              30            6                1.050464
               29             6              46            1                0.956255
               29             6              47            1                0.950095
               30             6              48            1                0.949917
               30             6              49            1                0.945603
# -----------------------------------------------------------
$ Calculation_Info
   description: Details of the calculation
   geom. index: 1
   prop. index: 1
     Multiplicity:                          1
     Charge:                                0
     number of atoms:                       50
     number of electrons:                   0
     number of frozen core electrons:       1
     number of correlated electrons:        0
     number of basis functions:             529
     number of aux C basis functions:       0
     number of aux J basis functions:       1728
     number of aux JK basis functions:      0
     number of aux CABS basis functions:    0
     Total Energy                           -1549.970381
# -----------------------------------------------------------
$ SCF_Electric_Properties
   description: The SCF Calculated Electric Properties
   geom. index: 1
   prop. index: 1
       Filename                          : 220.scfp 
       Do Dipole Moment Calculation      : true 
       Do Quadrupole Moment Calculation  : false 
       Do Polarizability Calculation     : true 
** Dipole moment part of electric properties **
        Magnitude of dipole moment (Debye) :        9.0136339949
        Electronic Contribution:
                  0    
      0      63.316532
      1     -13.344094
      2      -0.404256
        Nuclear Contribution:
                  0    
      0     -65.062148
      1      15.974983
      2      -1.210220
        Total Dipole moment:
                  0    
      0      -1.745616
      1       2.630889
      2      -1.614476
** Polarizabilities part of electric properties **
        Isotropic polarizability :      272.0663183238
        The raw cartesian tensor (atomic units):
                  0          1          2    
      0     359.399376  -4.504042  -0.881198
      1      -4.504042 251.866301  -2.108572
      2      -0.881198  -2.108572 204.933278
        Diagonalised polarizability tensor :
                  0    
      0     204.831140
      1     251.776056
      2     359.591759
# -------------------------------------------------------------
----------------------- !GEOMETRIES! ------------------------
# -------------------------------------------------------------
------------------------ !GEOMETRY! -------------------------
    Number of atoms:    50 
    Geometry Index:     1 
    Coordinates:
               0 C     -3.326764000000    1.936017000000   -1.289327000000
               1 N     -3.410411000000    0.835501000000   -0.358302000000
               2 C     -2.915675000000   -0.492342000000   -0.663344000000
               3 C     -1.488127000000   -0.699040000000   -0.254174000000
               4 C     -0.972534000000   -2.039406000000   -0.557660000000
               5 C     -1.002869000000   -3.061547000000    0.388188000000
               6 C     -0.517820000000   -4.322136000000    0.102389000000
               7 C      0.005908000000   -4.560409000000   -1.152599000000
               8 C      0.046513000000   -3.568909000000   -2.101175000000
               9 C     -0.437569000000   -2.315850000000   -1.811718000000
              10 F      0.494034000000   -5.786324000000   -1.476149000000
              11 N     -0.601471000000    0.354857000000   -0.706925000000
              12 C      0.778634000000    0.309382000000   -0.405338000000
              13 N      1.601668000000    1.279471000000   -0.820722000000
              14 C      2.919795000000    1.287040000000   -0.563051000000
              15 C      3.471619000000    0.256853000000    0.161684000000
              16 C      2.637428000000   -0.744066000000    0.593250000000
              17 N      1.310694000000   -0.691004000000    0.297672000000
              18 C      4.905400000000    0.207718000000    0.476269000000
              19 N      5.507526000000   -0.758934000000    1.173036000000
              20 N      6.804678000000   -0.476671000000    1.262637000000
              21 C      6.995938000000    0.692899000000    0.602602000000
              22 O      5.822482000000    1.080348000000    0.137876000000
              23 C      8.311446000000    1.361377000000    0.465336000000
              24 F      8.885613000000    1.578896000000    1.691432000000
              25 F      9.184619000000    0.537043000000   -0.244831000000
              26 C     -3.999768000000    1.039900000000    0.904433000000
              27 O     -4.109640000000    0.125739000000    1.760351000000
              28 C     -4.513985000000    2.380606000000    1.249586000000
              29 C     -5.812003000000    2.425799000000    2.005837000000
              30 C     -4.520813000000    2.857658000000    2.652947000000
              31 H     -2.704797000000    2.765357000000   -0.967297000000
              32 H     -4.380669000000    2.338444000000   -1.368918000000
              33 H     -3.028237000000    1.620993000000   -2.309227000000
              34 H     -3.570224000000   -1.273443000000   -0.220922000000
              35 H     -3.053719000000   -0.630271000000   -1.776883000000
              36 H     -1.488078000000   -0.616580000000    0.875600000000
              37 H     -1.420406000000   -2.863831000000    1.382158000000
              38 H     -0.526982000000   -5.135372000000    0.813309000000
              39 H      0.449700000000   -3.714113000000   -3.099573000000
              40 H     -0.432113000000   -1.496987000000   -2.517077000000
              41 H     -0.938527000000    1.170024000000   -1.260221000000
              42 H      3.536709000000    2.090758000000   -0.920134000000
              43 H      3.062862000000   -1.563825000000    1.167232000000
              44 H      8.150322000000    2.286422000000   -0.118929000000
              45 H     -4.398048000000    3.163236000000    0.479930000000
              46 H     -6.566079000000    3.162080000000    1.705062000000
              47 H     -6.237421000000    1.499345000000    2.436948000000
              48 H     -4.444650000000    3.940987000000    2.838249000000
              49 H     -4.064188000000    2.226310000000    3.440307000000
