-------------------------------------------------------------
----------------------- !PROPERTIES! ------------------------
-------------------------------------------------------------
# -----------------------------------------------------------
$ SCF_Energy
   description: The SCF energy
   geom. index: 1
   prop. index: 1
        SCF Energy:    -2321.5670494856
# -----------------------------------------------------------
$ DFT_Energy
   description: The DFT energy
   geom. index: 1
   prop. index: 1
   Number of Alpha Electrons                136.9999842322 
   Number of Beta  Electrons                136.9999842322 
   Total number of  Electrons               273.9999684644 
   Exchange energy                         -206.5321113810 
   Correlation energy                       -11.5033658072 
   Correlation energy NL                      0.0000000000 
   Exchange-Correlation energy             -218.0354771881 
   Embedding correction                       0.0000000000 
   Total DFT Energy (No VdW correction)   -2321.5670494856 
# -----------------------------------------------------------
$ Mayer_Pop
   description: The Mayer population analysis
   geom. index: 1
   prop. index: 1
     Number of atoms                     : 54
     Threshold for printing              : 0.1000000
     Number of bond orders printed       : 58
  NA   - Mulliken gross atomic population
  ZA   - Total nuclear charge
  QA   - Mulliken gross atomic charge
  VA   - Mayer's total valence
  BVA  - Mayer's bonded valence
  FA   - Mayer's free valence
  ATOM       NA         ZA         QA         VA         BVA        FA
  0   0     6.0657     6.0000    -0.0657     3.9241     3.9241    -0.0000
  1   0     6.0434     6.0000    -0.0434     3.9210     3.9210     0.0000
  2   0     6.0958     6.0000    -0.0958     3.9256     3.9256     0.0000
  3   0    15.1451    16.0000     0.8549     5.1372     5.1372    -0.0000
  4   0     8.4756     8.0000    -0.4756     1.9039     1.9039    -0.0000
  5   0     8.4787     8.0000    -0.4787     1.9077     1.9077    -0.0000
  6   0     7.4338     7.0000    -0.4338     2.9974     2.9974     0.0000
  7   0     5.8504     6.0000     0.1496     3.9156     3.9156    -0.0000
  8   0     5.8161     6.0000     0.1839     3.9410     3.9410    -0.0000
  9   0     5.9874     6.0000     0.0126     3.8870     3.8870     0.0000
 10   0     5.9943     6.0000     0.0057     3.8773     3.8773     0.0000
 11   0     6.0393     6.0000    -0.0393     3.8324     3.8324    -0.0000
 12   0     5.6911     6.0000     0.3089     3.8879     3.8879    -0.0000
 13   0     6.0287     6.0000    -0.0287     3.8080     3.8080     0.0000
 14   0     5.9908     6.0000     0.0092     3.8565     3.8565    -0.0000
 15   0     9.2124     9.0000    -0.2124     1.1545     1.1545    -0.0000
 16   0     7.1804     7.0000    -0.1804     3.1999     3.1999    -0.0000
 17   0     5.9235     6.0000     0.0765     4.2466     4.2466    -0.0000
 18   0     7.1126     7.0000    -0.1126     3.1340     3.1340    -0.0000
 19   0     5.9098     6.0000     0.0902     4.0064     4.0064    -0.0000
 20   0     6.0512     6.0000    -0.0512     3.7567     3.7567    -0.0000
 21   0     5.9187     6.0000     0.0813     4.0194     4.0194    -0.0000
 22   0     7.1547     7.0000    -0.1547     3.1292     3.1292     0.0000
 23   0     5.8708     6.0000     0.1292     3.9963     3.9963    -0.0000
 24   0     7.1262     7.0000    -0.1262     2.9618     2.9618    -0.0000
 25   0     7.1161     7.0000    -0.1161     2.9787     2.9787     0.0000
 26   0     5.9898     6.0000     0.0102     3.9463     3.9463    -0.0000
 27   0     8.1201     8.0000    -0.1201     2.4446     2.4446     0.0000
 28   0     5.4533     6.0000     0.5467     4.1487     4.1487     0.0000
 29   0     9.2243     9.0000    -0.2243     1.1268     1.1268    -0.0000
 30   0     9.2011     9.0000    -0.2011     1.1531     1.1531    -0.0000
 31   0     5.8979     6.0000     0.1021     3.8810     3.8810     0.0000
 32   0     5.4609     6.0000     0.5391     4.4022     4.4022    -0.0000
 33   0     9.1581     9.0000    -0.1581     1.2094     1.2094    -0.0000
 34   0     9.2199     9.0000    -0.2199     1.1315     1.1315     0.0000
 35   0     9.1935     9.0000    -0.1935     1.1644     1.1644     0.0000
 36   0     0.9423     1.0000     0.0577     1.0018     1.0018    -0.0000
 37   0     0.9309     1.0000     0.0691     0.9797     0.9797    -0.0000
 38   0     0.9395     1.0000     0.0605     0.9813     0.9813    -0.0000
 39   0     0.9474     1.0000     0.0526     0.9913     0.9913    -0.0000
 40   0     0.8822     1.0000     0.1178     0.9887     0.9887     0.0000
 41   0     0.9728     1.0000     0.0272     1.0282     1.0282     0.0000
 42   0     0.9655     1.0000     0.0345     1.0431     1.0431     0.0000
 43   0     0.9943     1.0000     0.0057     1.0018     1.0018    -0.0000
 44   0     1.0298     1.0000    -0.0298     0.9868     0.9868     0.0000
 45   0     1.0224     1.0000    -0.0224     0.9903     0.9903    -0.0000
 46   0     1.0121     1.0000    -0.0121     0.9914     0.9914     0.0000
 47   0     1.0389     1.0000    -0.0389     1.0206     1.0206    -0.0000
 48   0     0.8470     1.0000     0.1530     1.0103     1.0103     0.0000
 49   0     0.9976     1.0000     0.0024     0.9998     0.9998    -0.0000
 50   0     0.9812     1.0000     0.0188     1.0115     1.0115     0.0000
 51   0     0.9787     1.0000     0.0213     0.9919     0.9919     0.0000
 52   0     0.9467     1.0000     0.0533     1.0293     1.0293     0.0000
 53   0     0.9394     1.0000     0.0606     1.0080     1.0080    -0.0000
      Bond orders larger than 0.1000000
           Atom A     A.N. of A          Atom B    A.N. of B              Bond order
                0             6               1            6                0.985599
                0             6               2            6                0.958454
                0             6              36            1                0.953256
                0             6              37            1                0.949182
                1             6               2            6                0.958184
                1             6              38            1                0.946286
                1             6              39            1                0.961278
                2             6               3           16                0.867610
                2             6              40            1                0.910380
                3            16               4            8                1.588447
                3            16               5            8                1.617893
                3            16               6            7                0.928976
                6             7               7            6                0.945273
                6             7              31            6                0.948412
                7             6               8            6                1.043191
                7             6              41            1                0.901731
                7             6              42            1                0.911895
                8             6               9            6                0.988183
                8             6              16            7                0.973703
                8             6              43            1                0.897242
                9             6              10            6                1.393505
                9             6              14            6                1.390639
               10             6              11            6                1.378111
               10             6              44            1                0.974392
               11             6              12            6                1.347243
               11             6              45            1                0.990017
               12             6              13            6                1.371738
               12             6              15            9                1.078348
               13             6              14            6                1.340957
               13             6              46            1                0.983478
               14             6              47            1                0.988679
               16             7              17            6                1.198530
               16             7              48            1                0.902476
               17             6              18            7                1.441482
               17             6              22            7                1.381396
               18             7              19            6                1.557401
               19             6              20            6                1.332850
               19             6              49            1                0.985100
               20             6              21            6                1.340586
               20             6              23            6                1.023679
               21             6              22            7                1.551191
               21             6              50            1                0.980771
               23             6              24            7                1.578240
               23             6              26            6                0.106239
               23             6              27            8                1.227827
               24             7              25            7                1.263005
               25             7              26            6                1.602891
               26             6              27            8                1.145346
               26             6              28            6                1.008387
               28             6              29            9                1.078365
               28             6              30            9                1.101514
               28             6              51            1                0.936298
               31             6              32            6                1.022445
               31             6              52            1                0.906929
               31             6              53            1                0.912248
               32             6              33            9                1.156407
               32             6              34            9                1.069190
               32             6              35            9                1.082166
# -----------------------------------------------------------
$ Calculation_Info
   description: Details of the calculation
   geom. index: 1
   prop. index: 1
     Multiplicity:                          1
     Charge:                                0
     number of atoms:                       54
     number of electrons:                   0
     number of frozen core electrons:       1
     number of correlated electrons:        0
     number of basis functions:             598
     number of aux C basis functions:       0
     number of aux J basis functions:       1964
     number of aux JK basis functions:      0
     number of aux CABS basis functions:    0
     Total Energy                           -2321.567049
# -----------------------------------------------------------
$ SCF_Electric_Properties
   description: The SCF Calculated Electric Properties
   geom. index: 1
   prop. index: 1
       Filename                          : 228.scfp 
       Do Dipole Moment Calculation      : true 
       Do Quadrupole Moment Calculation  : false 
       Do Polarizability Calculation     : true 
** Dipole moment part of electric properties **
        Magnitude of dipole moment (Debye) :        3.7415575367
        Electronic Contribution:
                  0    
      0      25.389930
      1      -1.357604
      2      27.983444
        Nuclear Contribution:
                  0    
      0     -24.695368
      1       2.381485
      2     -28.780985
        Total Dipole moment:
                  0    
      0       0.694562
      1       1.023881
      2      -0.797541
** Polarizabilities part of electric properties **
        Isotropic polarizability :      294.8502937011
        The raw cartesian tensor (atomic units):
                  0          1          2    
      0     339.113888  89.909969  73.364805
      1      89.909969 289.037873  26.793880
      2      73.364805  26.793880 256.399120
        Diagonalised polarizability tensor :
                  0    
      0     201.604339
      1     244.525994
      2     438.420548
# -------------------------------------------------------------
----------------------- !GEOMETRIES! ------------------------
# -------------------------------------------------------------
------------------------ !GEOMETRY! -------------------------
    Number of atoms:    54 
    Geometry Index:     1 
    Coordinates:
               0 C     -3.191917000000    2.247901000000   -2.451852000000
               1 C     -3.787742000000    2.894309000000   -1.202751000000
               2 C     -4.150849000000    1.503322000000   -1.563965000000
               3 S     -3.671506000000    0.112670000000   -0.656142000000
               4 O     -3.927359000000   -1.113499000000   -1.524715000000
               5 O     -4.634828000000   -0.072856000000    0.515545000000
               6 N     -2.102982000000    0.007968000000   -0.070547000000
               7 C     -1.074053000000   -0.027320000000   -1.067753000000
               8 C     -0.337711000000   -1.339269000000   -1.198846000000
               9 C     -1.178495000000   -2.489016000000   -1.530290000000
              10 C     -1.399484000000   -2.797638000000   -2.858922000000
              11 C     -2.168001000000   -3.850623000000   -3.288545000000
              12 C     -2.765157000000   -4.662338000000   -2.333482000000
              13 C     -2.545733000000   -4.356744000000   -1.009151000000
              14 C     -1.774459000000   -3.300103000000   -0.580666000000
              15 F     -3.538685000000   -5.718544000000   -2.734812000000
              16 N      0.573035000000   -1.615385000000   -0.114842000000
              17 C      1.641114000000   -0.759030000000    0.253699000000
              18 N      2.473540000000   -1.045490000000    1.267760000000
              19 C      3.486511000000   -0.256035000000    1.652517000000
              20 C      3.699905000000    0.917242000000    0.982747000000
              21 C      2.852527000000    1.220228000000   -0.059128000000
              22 N      1.861005000000    0.390001000000   -0.393492000000
              23 C      4.777137000000    1.826452000000    1.355673000000
              24 N      5.041581000000    3.001935000000    0.733928000000
              25 N      6.088129000000    3.509728000000    1.378689000000
              26 C      6.458001000000    2.673503000000    2.366804000000
              27 O      5.629948000000    1.659003000000    2.315993000000
              28 C      7.575804000000    2.852756000000    3.327666000000
              29 F      7.284762000000    3.954118000000    4.141336000000
              30 F      8.733736000000    3.051396000000    2.611292000000
              31 C     -1.774628000000    0.713021000000    1.106731000000
              32 C     -1.941732000000   -0.138884000000    2.328832000000
              33 F     -3.221008000000   -0.601079000000    2.520896000000
              34 F     -1.614654000000    0.589476000000    3.488814000000
              35 F     -1.120528000000   -1.246165000000    2.368377000000
              36 H     -2.112098000000    2.177068000000   -2.407708000000
              37 H     -3.571358000000    2.608343000000   -3.448724000000
              38 H     -4.516353000000    3.698393000000   -1.448246000000
              39 H     -3.124626000000    3.177087000000   -0.387628000000
              40 H     -5.216837000000    1.431470000000   -1.975468000000
              41 H     -1.648439000000    0.031453000000   -2.056615000000
              42 H     -0.364749000000    0.787015000000   -1.076749000000
              43 H      0.336000000000   -1.180134000000   -2.109700000000
              44 H     -0.952880000000   -2.191483000000   -3.654763000000
              45 H     -2.332766000000   -4.080987000000   -4.327713000000
              46 H     -3.014579000000   -4.992887000000   -0.262067000000
              47 H     -1.604009000000   -3.065583000000    0.449948000000
              48 H      0.449824000000   -2.489680000000    0.435563000000
              49 H      4.147942000000   -0.494149000000    2.465718000000
              50 H      2.955504000000    2.124386000000   -0.635215000000
              51 H      7.639880000000    1.940277000000    3.973394000000
              52 H     -2.528760000000    1.549344000000    1.213559000000
              53 H     -0.796922000000    1.235053000000    1.077255000000
