-------------------------------------------------------------
----------------------- !PROPERTIES! ------------------------
-------------------------------------------------------------
# -----------------------------------------------------------
$ SCF_Energy
   description: The SCF energy
   geom. index: 1
   prop. index: 1
        SCF Energy:    -1484.8456022465
# -----------------------------------------------------------
$ DFT_Energy
   description: The DFT energy
   geom. index: 1
   prop. index: 1
   Number of Alpha Electrons                107.0001715569 
   Number of Beta  Electrons                107.0001715569 
   Total number of  Electrons               214.0003431138 
   Exchange energy                         -149.9172604528 
   Correlation energy                        -8.7862222288 
   Correlation energy NL                      0.0000000000 
   Exchange-Correlation energy             -158.7034826816 
   Embedding correction                       0.0000000000 
   Total DFT Energy (No VdW correction)   -1484.8456022465 
# -----------------------------------------------------------
$ Mayer_Pop
   description: The Mayer population analysis
   geom. index: 1
   prop. index: 1
     Number of atoms                     : 46
     Threshold for printing              : 0.1000000
     Number of bond orders printed       : 48
  NA   - Mulliken gross atomic population
  ZA   - Total nuclear charge
  QA   - Mulliken gross atomic charge
  VA   - Mayer's total valence
  BVA  - Mayer's bonded valence
  FA   - Mayer's free valence
  ATOM       NA         ZA         QA         VA         BVA        FA
  0   0     5.8064     6.0000     0.1936     3.8599     3.8599    -0.0000
  1   0     6.1053     6.0000    -0.1053     4.0521     4.0521     0.0000
  2   0     6.1009     6.0000    -0.1009     3.7503     3.7503     0.0000
  3   0     5.7212     6.0000     0.2788     3.7638     3.7638    -0.0000
  4   0     6.1029     6.0000    -0.1029     3.7414     3.7414    -0.0000
  5   0     5.8371     6.0000     0.1629     4.0064     4.0064     0.0000
  6   0     5.9694     6.0000     0.0306     3.5152     3.5152     0.0000
  7   0     5.8004     6.0000     0.1996     4.1536     4.1536     0.0000
  8   0     8.2822     8.0000    -0.2822     2.2018     2.2018     0.0000
  9   0     8.3110     8.0000    -0.3110     2.1549     2.1549    -0.0000
 10   0     5.9403     6.0000     0.0597     3.8651     3.8651    -0.0000
 11   0     5.8899     6.0000     0.1101     3.9805     3.9805    -0.0000
 12   0     8.2342     8.0000    -0.2342     2.2553     2.2553     0.0000
 13   0     6.0932     6.0000    -0.0932     3.7246     3.7246    -0.0000
 14   0     5.8174     6.0000     0.1826     3.7823     3.7823    -0.0000
 15   0     6.0951     6.0000    -0.0951     3.7939     3.7939    -0.0000
 16   0     5.7571     6.0000     0.2429     3.7988     3.7988     0.0000
 17   0     8.2467     8.0000    -0.2467     2.3050     2.3050     0.0000
 18   0     5.8240     6.0000     0.1760     3.8873     3.8873     0.0000
 19   0     6.0302     6.0000    -0.0302     3.7049     3.7049     0.0000
 20   0     5.9143     6.0000     0.0857     4.0934     4.0934     0.0000
 21   0     8.1690     8.0000    -0.1690     2.3368     2.3368     0.0000
 22   0     5.9570     6.0000     0.0430     3.8150     3.8150    -0.0000
 23   0     6.0370     6.0000    -0.0370     3.7710     3.7710    -0.0000
 24   0     5.8154     6.0000     0.1846     4.3137     4.3137     0.0000
 25   0     8.2636     8.0000    -0.2636     2.1912     2.1912    -0.0000
 26   0     8.2229     8.0000    -0.2229     2.2055     2.2055     0.0000
 27   0     5.9245     6.0000     0.0755     3.9116     3.9116    -0.0000
 28   0     8.2295     8.0000    -0.2295     2.2460     2.2460     0.0000
 29   0     8.3126     8.0000    -0.3126     2.0812     2.0812    -0.0000
 30   0     0.9681     1.0000     0.0319     1.0221     1.0221     0.0000
 31   0     0.9721     1.0000     0.0279     1.0175     1.0175     0.0000
 32   0     1.0175     1.0000    -0.0175     0.9878     0.9878    -0.0000
 33   0     1.0416     1.0000    -0.0416     1.0056     1.0056     0.0000
 34   0     1.0341     1.0000    -0.0341     1.0144     1.0144     0.0000
 35   0     1.0208     1.0000    -0.0208     1.0056     1.0056    -0.0000
 36   0     1.0046     1.0000    -0.0046     0.9930     0.9930     0.0000
 37   0     0.9612     1.0000     0.0388     1.0190     1.0190     0.0000
 38   0     0.9757     1.0000     0.0243     0.9856     0.9856    -0.0000
 39   0     0.9541     1.0000     0.0459     0.9978     0.9978    -0.0000
 40   0     0.7758     1.0000     0.2242     0.9939     0.9939    -0.0000
 41   0     0.9707     1.0000     0.0293     1.0014     1.0014    -0.0000
 42   0     0.9506     1.0000     0.0494     1.0140     1.0140     0.0000
 43   0     0.9551     1.0000     0.0449     1.0030     1.0030     0.0000
 44   0     0.8038     1.0000     0.1962     1.0411     1.0411    -0.0000
 45   0     0.7834     1.0000     0.2166     0.9763     0.9763    -0.0000
      Bond orders larger than 0.1000000
           Atom A     A.N. of A          Atom B    A.N. of B              Bond order
                0             6               1            6                1.103762
                0             6              30            1                0.930831
                0             6              31            1                0.934694
                0             6              32            1                0.935331
                1             6               2            6                1.376569
                1             6               6            6                1.323731
                2             6               3            6                1.266082
                2             6              33            1                1.010381
                3             6               4            6                1.335176
                3             6              29            8                1.067690
                4             6               5            6                1.276585
                4             6              34            1                1.017307
                5             6               6            6                1.260261
                5             6              28            8                1.272480
                6             6               7            6                0.993540
                7             6               8            8                1.947927
                7             6               9            8                1.071066
                9             8              10            6                0.970427
               10             6              11            6                0.851672
               10             6              20            6                0.902460
               10             6              27            6                1.059363
               11             6              12            8                2.037321
               11             6              13            6                1.027175
               13             6              14            6                1.538409
               13             6              35            1                0.993345
               14             6              15            6                1.090737
               14             6              19            6                1.061949
               15             6              16            6                1.544897
               15             6              36            1                0.982487
               16             6              17            8                1.075285
               16             6              22            6                1.089715
               17             8              18            6                1.083622
               18             6              19            6                1.679932
               18             6              37            1                0.954339
               19             6              20            6                0.942177
               20             6              21            8                2.200884
               22             6              23            6                1.675190
               22             6              38            1                0.949318
               23             6              24            6                1.043750
               23             6              39            1                0.941368
               24             6              25            8                1.987292
               24             6              26            8                1.241923
               26             8              40            1                0.909390
               27             6              41            1                0.951088
               27             6              42            1                0.945141
               27             6              43            1                0.941668
               28             8              44            1                0.911965
               29             8              45            1                0.937849
# -----------------------------------------------------------
$ Calculation_Info
   description: Details of the calculation
   geom. index: 1
   prop. index: 1
     Multiplicity:                          1
     Charge:                                0
     number of atoms:                       46
     number of electrons:                   0
     number of frozen core electrons:       1
     number of correlated electrons:        0
     number of basis functions:             500
     number of aux C basis functions:       0
     number of aux J basis functions:       1646
     number of aux JK basis functions:      0
     number of aux CABS basis functions:    0
     Total Energy                           -1484.845602
# -----------------------------------------------------------
$ SCF_Electric_Properties
   description: The SCF Calculated Electric Properties
   geom. index: 1
   prop. index: 1
       Filename                          : 267.scfp 
       Do Dipole Moment Calculation      : true 
       Do Quadrupole Moment Calculation  : false 
       Do Polarizability Calculation     : true 
** Dipole moment part of electric properties **
        Magnitude of dipole moment (Debye) :        3.1039498024
        Electronic Contribution:
                  0    
      0       8.875249
      1       6.572586
      2      -2.392947
        Nuclear Contribution:
                  0    
      0      -7.832282
      1      -7.120719
      2       2.071995
        Total Dipole moment:
                  0    
      0       1.042967
      1      -0.548133
      2      -0.320952
** Polarizabilities part of electric properties **
        Isotropic polarizability :      291.2337494677
        The raw cartesian tensor (atomic units):
                  0          1          2    
      0     483.964834  20.243335   5.724305
      1      20.243335 251.319005   5.130108
      2       5.724305   5.130108 138.417409
        Diagonalised polarizability tensor :
                  0    
      0     138.117404
      1     249.762000
      2     485.821845
# -------------------------------------------------------------
----------------------- !GEOMETRIES! ------------------------
# -------------------------------------------------------------
------------------------ !GEOMETRY! -------------------------
    Number of atoms:    46 
    Geometry Index:     1 
    Coordinates:
               0 C     -3.716976000000   -1.322274000000   -0.829696000000
               1 C     -4.483354000000   -0.045935000000   -0.600910000000
               2 C     -5.810798000000    0.050045000000   -0.938199000000
               3 C     -6.516876000000    1.209694000000   -0.730254000000
               4 C     -5.846753000000    2.265739000000   -0.174062000000
               5 C     -4.486461000000    2.204755000000    0.184577000000
               6 C     -3.811312000000    1.028313000000   -0.037941000000
               7 C     -2.399660000000    0.916407000000    0.315486000000
               8 O     -1.708686000000    1.828192000000    0.825651000000
               9 O     -1.642256000000   -0.239054000000    0.122515000000
              10 C     -0.314539000000   -0.419889000000    0.417415000000
              11 C      0.029597000000   -1.856322000000    0.064998000000
              12 O     -0.874391000000   -2.691969000000   -0.201261000000
              13 C      1.385820000000   -2.323606000000    0.019642000000
              14 C      2.372910000000   -1.428459000000   -0.104249000000
              15 C      3.755279000000   -1.851837000000   -0.154910000000
              16 C      4.781132000000   -0.979384000000   -0.277917000000
              17 O      4.395931000000    0.330897000000   -0.349635000000
              18 C      3.095287000000    0.809147000000   -0.307624000000
              19 C      2.054443000000    0.000643000000   -0.188181000000
              20 C      0.680190000000    0.477332000000   -0.139675000000
              21 O      0.423889000000    1.598331000000   -0.565072000000
              22 C      6.120242000000   -1.497442000000   -0.319203000000
              23 C      7.228781000000   -0.844114000000   -0.431295000000
              24 C      7.494982000000    0.553998000000   -0.547576000000
              25 O      8.689540000000    0.972286000000   -0.647794000000
              26 O      6.523226000000    1.508316000000   -0.559258000000
              27 C     -0.168333000000   -0.367640000000    1.946376000000
              28 O     -3.931142000000    3.342383000000    0.737240000000
              29 O     -7.876927000000    1.296912000000   -1.079719000000
              30 H     -3.414631000000   -1.749470000000    0.147478000000
              31 H     -2.912279000000   -1.209965000000   -1.555472000000
              32 H     -4.478136000000   -2.053449000000   -1.233402000000
              33 H     -6.300437000000   -0.825356000000   -1.380851000000
              34 H     -6.370041000000    3.200726000000    0.006489000000
              35 H      1.647447000000   -3.375022000000    0.081620000000
              36 H      3.959440000000   -2.926065000000   -0.089571000000
              37 H      2.924513000000    1.878865000000   -0.374731000000
              38 H      6.223875000000   -2.598120000000   -0.246033000000
              39 H      8.179218000000   -1.466279000000   -0.442273000000
              40 H      6.696590000000    2.388178000000   -1.036913000000
              41 H      0.653637000000   -1.025653000000    2.252530000000
              42 H      0.023953000000    0.706493000000    2.230637000000
              43 H     -1.139716000000   -0.625165000000    2.423399000000
              44 H     -3.047203000000    3.542076000000    1.054000000000
              45 H     -8.089015000000    1.612742000000   -2.016054000000
