-------------------------------------------------------------
----------------------- !PROPERTIES! ------------------------
-------------------------------------------------------------
# -----------------------------------------------------------
$ SCF_Energy
   description: The SCF energy
   geom. index: 1
   prop. index: 1
        SCF Energy:    -1014.4596073831
# -----------------------------------------------------------
$ DFT_Energy
   description: The DFT energy
   geom. index: 1
   prop. index: 1
   Number of Alpha Electrons                 81.9999675904 
   Number of Beta  Electrons                 81.9999675904 
   Total number of  Electrons               163.9999351808 
   Exchange energy                         -108.6081440820 
   Correlation energy                        -6.5948619226 
   Correlation energy NL                      0.0000000000 
   Exchange-Correlation energy             -115.2030060046 
   Embedding correction                       0.0000000000 
   Total DFT Energy (No VdW correction)   -1014.4596073831 
# -----------------------------------------------------------
$ Mayer_Pop
   description: The Mayer population analysis
   geom. index: 1
   prop. index: 1
     Number of atoms                     : 42
     Threshold for printing              : 0.1000000
     Number of bond orders printed       : 45
  NA   - Mulliken gross atomic population
  ZA   - Total nuclear charge
  QA   - Mulliken gross atomic charge
  VA   - Mayer's total valence
  BVA  - Mayer's bonded valence
  FA   - Mayer's free valence
  ATOM       NA         ZA         QA         VA         BVA        FA
  0   0     5.9128     6.0000     0.0872     3.9757     3.9757    -0.0000
  1   0     5.9195     6.0000     0.0805     4.0204     4.0204    -0.0000
  2   0     5.9681     6.0000     0.0319     3.8652     3.8652    -0.0000
  3   0     6.0740     6.0000    -0.0740     3.6527     3.6527    -0.0000
  4   0     5.7585     6.0000     0.2415     3.9093     3.9093    -0.0000
  5   0     6.1037     6.0000    -0.1037     3.8656     3.8656     0.0000
  6   0     5.9195     6.0000     0.0805     3.9311     3.9311    -0.0000
  7   0     6.9764     7.0000     0.0236     3.3224     3.3224     0.0000
  8   0     6.0053     6.0000    -0.0053     4.3752     4.3752     0.0000
  9   0     8.3126     8.0000    -0.3126     2.2387     2.2387     0.0000
 10   0     5.9032     6.0000     0.0968     3.7903     3.7903     0.0000
 11   0     6.0436     6.0000    -0.0436     3.8553     3.8553    -0.0000
 12   0     5.9786     6.0000     0.0214     3.8494     3.8494     0.0000
 13   0     5.9884     6.0000     0.0116     3.8626     3.8626    -0.0000
 14   0     5.9596     6.0000     0.0404     3.8145     3.8145    -0.0000
 15   0     5.9789     6.0000     0.0211     3.8253     3.8253    -0.0000
 16   0     8.3301     8.0000    -0.3301     2.1329     2.1329     0.0000
 17   0     5.9805     6.0000     0.0195     4.0484     4.0484     0.0000
 18   0     6.0542     6.0000    -0.0542     3.8053     3.8053     0.0000
 19   0     6.1486     6.0000    -0.1486     4.0845     4.0845    -0.0000
 20   0     5.6857     6.0000     0.3143     3.9102     3.9102    -0.0000
 21   0     8.3108     8.0000    -0.3108     2.0829     2.0829    -0.0000
 22   0     5.8572     6.0000     0.1428     3.8618     3.8618    -0.0000
 23   0     0.9898     1.0000     0.0102     0.9935     0.9935    -0.0000
 24   0     0.9939     1.0000     0.0061     0.9915     0.9915    -0.0000
 25   0     0.9850     1.0000     0.0150     1.0061     1.0061    -0.0000
 26   0     0.9913     1.0000     0.0087     1.0013     1.0013    -0.0000
 27   0     1.0090     1.0000    -0.0090     1.0066     1.0066     0.0000
 28   0     1.0048     1.0000    -0.0048     1.0052     1.0052     0.0000
 29   0     0.8534     1.0000     0.1466     1.0078     1.0078     0.0000
 30   0     1.0290     1.0000    -0.0290     0.9879     0.9879    -0.0000
 31   0     1.0205     1.0000    -0.0205     0.9755     0.9755    -0.0000
 32   0     1.0247     1.0000    -0.0247     0.9755     0.9755    -0.0000
 33   0     1.0280     1.0000    -0.0280     0.9769     0.9769    -0.0000
 34   0     1.0440     1.0000    -0.0440     1.0011     1.0011    -0.0000
 35   0     1.0564     1.0000    -0.0564     0.9934     0.9934     0.0000
 36   0     1.0176     1.0000    -0.0176     0.9795     0.9795     0.0000
 37   0     0.9959     1.0000     0.0041     0.9836     0.9836     0.0000
 38   0     0.8309     1.0000     0.1691     1.0123     1.0123    -0.0000
 39   0     0.9853     1.0000     0.0147     1.0074     1.0074    -0.0000
 40   0     0.9844     1.0000     0.0156     0.9945     0.9945    -0.0000
 41   0     0.9864     1.0000     0.0136     1.0028     1.0028    -0.0000
      Bond orders larger than 0.1000000
           Atom A     A.N. of A          Atom B    A.N. of B              Bond order
                0             6               1            6                1.115377
                0             6              23            1                0.956339
                0             6              24            1                0.942860
                0             6              25            1                0.945752
                1             6               2            6                0.987594
                1             6              19            6                1.020531
                1             6              26            1                0.848052
                2             6               3            6                0.953972
                2             6              17            6                1.009506
                2             6              27            1                0.906826
                3             6               4            6                1.424637
                3             6               8            6                1.123896
                4             6               5            6                1.260187
                4             6              16            8                1.086271
                5             6               6            6                1.542406
                5             6              10            6                0.961094
                6             6               7            7                1.240203
                6             6              28            1                0.948866
                7             7               8            6                1.119886
                7             7              29            1                0.893961
                8             6               9            8                2.077368
               10             6              11            6                1.360258
               10             6              15            6                1.394715
               11             6              12            6                1.375480
               11             6              30            1                0.987387
               12             6              13            6                1.398467
               12             6              31            1                0.986777
               13             6              14            6                1.384953
               13             6              32            1                0.982480
               14             6              15            6                1.352509
               14             6              33            1                0.990809
               15             6              34            1                0.997044
               16             8              17            6                0.896679
               17             6              18            6                0.920942
               17             6              22            6                1.060091
               18             6              19            6                1.821671
               18             6              35            1                1.012781
               19             6              20            6                1.038076
               20             6              21            8                1.022907
               20             6              36            1                0.934254
               20             6              37            1                0.907783
               21             8              38            1                0.973403
               22             6              39            1                0.938318
               22             6              40            1                0.953684
               22             6              41            1                0.945484
# -----------------------------------------------------------
$ Calculation_Info
   description: Details of the calculation
   geom. index: 1
   prop. index: 1
     Multiplicity:                          1
     Charge:                                0
     number of atoms:                       42
     number of electrons:                   0
     number of frozen core electrons:       1
     number of correlated electrons:        0
     number of basis functions:             417
     number of aux C basis functions:       0
     number of aux J basis functions:       1336
     number of aux JK basis functions:      0
     number of aux CABS basis functions:    0
     Total Energy                           -1014.459607
# -----------------------------------------------------------
$ SCF_Electric_Properties
   description: The SCF Calculated Electric Properties
   geom. index: 1
   prop. index: 1
       Filename                          : 179.scfp 
       Do Dipole Moment Calculation      : true 
       Do Quadrupole Moment Calculation  : false 
       Do Polarizability Calculation     : true 
** Dipole moment part of electric properties **
        Magnitude of dipole moment (Debye) :        3.8129875865
        Electronic Contribution:
                  0    
      0      -9.599649
      1       3.693825
      2      -2.663031
        Nuclear Contribution:
                  0    
      0       8.613178
      1      -4.361750
      2       3.574674
        Total Dipole moment:
                  0    
      0      -0.986471
      1      -0.667925
      2       0.911643
** Polarizabilities part of electric properties **
        Isotropic polarizability :      211.9079814025
        The raw cartesian tensor (atomic units):
                  0          1          2    
      0     250.062530  24.284824  -8.226648
      1      24.284824 181.993285 -34.067917
      2      -8.226648 -34.067917 203.668129
        Diagonalised polarizability tensor :
                  0    
      0     154.649749
      1     216.694879
      2     264.379316
# -------------------------------------------------------------
----------------------- !GEOMETRIES! ------------------------
# -------------------------------------------------------------
------------------------ !GEOMETRY! -------------------------
    Number of atoms:    42 
    Geometry Index:     1 
    Coordinates:
               0 C      2.979148000000    0.129251000000   -2.236736000000
               1 C      2.214070000000   -0.153815000000   -0.999738000000
               2 C      1.614589000000    1.057693000000   -0.347804000000
               3 C      0.283776000000    1.396994000000   -0.850027000000
               4 C     -0.604402000000    0.572477000000   -0.188045000000
               5 C     -1.957783000000    0.640124000000   -0.439926000000
               6 C     -2.449556000000    1.544272000000   -1.368556000000
               7 N     -1.583524000000    2.350182000000   -2.015642000000
               8 C     -0.259072000000    2.281271000000   -1.766733000000
               9 O      0.560925000000    3.029623000000   -2.365438000000
              10 C     -2.871879000000   -0.243057000000    0.272060000000
              11 C     -3.849239000000   -0.864080000000   -0.490633000000
              12 C     -4.762556000000   -1.717479000000    0.083885000000
              13 C     -4.666948000000   -1.929583000000    1.444721000000
              14 C     -3.691932000000   -1.313933000000    2.223892000000
              15 C     -2.790569000000   -0.464014000000    1.620636000000
              16 O      0.108033000000   -0.254452000000    0.698435000000
              17 C      1.298927000000    0.479023000000    1.019004000000
              18 C      2.457323000000   -0.377827000000    1.254382000000
              19 C      2.993600000000   -0.749022000000    0.095858000000
              20 C      4.188808000000   -1.623561000000   -0.126132000000
              21 O      3.762395000000   -2.717964000000   -0.859231000000
              22 C      1.056847000000    1.527293000000    2.042749000000
              23 H      3.593785000000    1.040388000000   -2.219632000000
              24 H      2.244680000000    0.143197000000   -3.093591000000
              25 H      3.635531000000   -0.748143000000   -2.451135000000
              26 H      1.388071000000   -0.850543000000   -1.243526000000
              27 H      2.308928000000    1.912256000000   -0.287482000000
              28 H     -3.503338000000    1.559659000000   -1.529153000000
              29 H     -1.937335000000    3.032800000000   -2.714247000000
              30 H     -3.926626000000   -0.696233000000   -1.574033000000
              31 H     -5.545359000000   -2.221026000000   -0.497965000000
              32 H     -5.396582000000   -2.607172000000    1.884051000000
              33 H     -3.690567000000   -1.536458000000    3.278082000000
              34 H     -2.030561000000    0.018353000000    2.216260000000
              35 H      2.863800000000   -0.695927000000    2.204278000000
              36 H      4.710859000000   -1.872995000000    0.799732000000
              37 H      4.913366000000   -1.065593000000   -0.776740000000
              38 H      3.516478000000   -3.442747000000   -0.242750000000
              39 H      0.107967000000    1.258382000000    2.584807000000
              40 H      1.893982000000    1.686506000000    2.736669000000
              41 H      0.821941000000    2.485879000000    1.516234000000
