-------------------------------------------------------------
----------------------- !PROPERTIES! ------------------------
-------------------------------------------------------------
# -----------------------------------------------------------
$ SCF_Energy
   description: The SCF energy
   geom. index: 1
   prop. index: 1
        SCF Energy:    -2321.5893169039
# -----------------------------------------------------------
$ DFT_Energy
   description: The DFT energy
   geom. index: 1
   prop. index: 1
   Number of Alpha Electrons                137.0000871582 
   Number of Beta  Electrons                137.0000871582 
   Total number of  Electrons               274.0001743164 
   Exchange energy                         -206.5611600581 
   Correlation energy                       -11.5062037685 
   Correlation energy NL                      0.0000000000 
   Exchange-Correlation energy             -218.0673638265 
   Embedding correction                       0.0000000000 
   Total DFT Energy (No VdW correction)   -2321.5893169039 
# -----------------------------------------------------------
$ Mayer_Pop
   description: The Mayer population analysis
   geom. index: 1
   prop. index: 1
     Number of atoms                     : 54
     Threshold for printing              : 0.1000000
     Number of bond orders printed       : 58
  NA   - Mulliken gross atomic population
  ZA   - Total nuclear charge
  QA   - Mulliken gross atomic charge
  VA   - Mayer's total valence
  BVA  - Mayer's bonded valence
  FA   - Mayer's free valence
  ATOM       NA         ZA         QA         VA         BVA        FA
  0   0     6.0249     6.0000    -0.0249     3.9604     3.9604    -0.0000
  1   0     5.9534     6.0000     0.0466     3.9422     3.9422    -0.0000
  2   0     6.2071     6.0000    -0.2071     3.9283     3.9283     0.0000
  3   0    15.1138    16.0000     0.8862     5.1146     5.1146    -0.0000
  4   0     8.4763     8.0000    -0.4763     1.9554     1.9554     0.0000
  5   0     8.4639     8.0000    -0.4639     1.9379     1.9379    -0.0000
  6   0     7.4174     7.0000    -0.4174     3.0251     3.0251     0.0000
  7   0     5.8829     6.0000     0.1171     3.9414     3.9414    -0.0000
  8   0     5.8058     6.0000     0.1942     3.8905     3.8905    -0.0000
  9   0     5.9637     6.0000     0.0363     3.7780     3.7780     0.0000
 10   0     6.0484     6.0000    -0.0484     3.8175     3.8175     0.0000
 11   0     6.0430     6.0000    -0.0430     3.8099     3.8099     0.0000
 12   0     5.6798     6.0000     0.3202     3.8817     3.8817     0.0000
 13   0     6.0371     6.0000    -0.0371     3.7812     3.7812     0.0000
 14   0     6.0320     6.0000    -0.0320     3.8254     3.8254    -0.0000
 15   0     9.2229     9.0000    -0.2229     1.1387     1.1387    -0.0000
 16   0     7.1999     7.0000    -0.1999     3.2240     3.2240    -0.0000
 17   0     5.8800     6.0000     0.1200     4.2359     4.2359     0.0000
 18   0     7.1106     7.0000    -0.1106     3.1394     3.1394    -0.0000
 19   0     5.9253     6.0000     0.0747     4.0142     4.0142     0.0000
 20   0     6.0538     6.0000    -0.0538     3.7669     3.7669     0.0000
 21   0     5.8914     6.0000     0.1086     4.0139     4.0139     0.0000
 22   0     7.1658     7.0000    -0.1658     3.1123     3.1123     0.0000
 23   0     5.8617     6.0000     0.1383     3.9795     3.9795    -0.0000
 24   0     7.1198     7.0000    -0.1198     2.9723     2.9723    -0.0000
 25   0     7.1222     7.0000    -0.1222     2.9749     2.9749     0.0000
 26   0     5.9847     6.0000     0.0153     3.9391     3.9391     0.0000
 27   0     8.1464     8.0000    -0.1464     2.4235     2.4235    -0.0000
 28   0     5.4594     6.0000     0.5406     4.1551     4.1551    -0.0000
 29   0     9.2164     9.0000    -0.2164     1.1351     1.1351    -0.0000
 30   0     9.2023     9.0000    -0.2023     1.1511     1.1511    -0.0000
 31   0     5.9328     6.0000     0.0672     3.9229     3.9229    -0.0000
 32   0     5.4570     6.0000     0.5430     4.3352     4.3352    -0.0000
 33   0     9.1730     9.0000    -0.1730     1.1923     1.1923    -0.0000
 34   0     9.2220     9.0000    -0.2220     1.1316     1.1316     0.0000
 35   0     9.1797     9.0000    -0.1797     1.1831     1.1831    -0.0000
 36   0     0.9238     1.0000     0.0762     1.0073     1.0073     0.0000
 37   0     0.9390     1.0000     0.0610     0.9794     0.9794    -0.0000
 38   0     0.9341     1.0000     0.0659     0.9969     0.9969    -0.0000
 39   0     0.9503     1.0000     0.0497     0.9786     0.9786     0.0000
 40   0     0.9237     1.0000     0.0763     0.9911     0.9911     0.0000
 41   0     0.9678     1.0000     0.0322     1.0152     1.0152     0.0000
 42   0     0.9410     1.0000     0.0590     1.0646     1.0646     0.0000
 43   0     0.9656     1.0000     0.0344     1.0051     1.0051     0.0000
 44   0     1.0218     1.0000    -0.0218     1.0068     1.0068    -0.0000
 45   0     1.0097     1.0000    -0.0097     0.9913     0.9913     0.0000
 46   0     1.0167     1.0000    -0.0167     0.9910     0.9910     0.0000
 47   0     1.0419     1.0000    -0.0419     1.0108     1.0108    -0.0000
 48   0     0.8556     1.0000     0.1444     1.0141     1.0141    -0.0000
 49   0     1.0005     1.0000    -0.0005     1.0005     1.0005     0.0000
 50   0     0.9810     1.0000     0.0190     1.0105     1.0105     0.0000
 51   0     0.9836     1.0000     0.0164     0.9910     0.9910    -0.0000
 52   0     0.9369     1.0000     0.0631     1.0198     1.0198    -0.0000
 53   0     0.9306     1.0000     0.0694     1.0109     1.0109     0.0000
      Bond orders larger than 0.1000000
           Atom A     A.N. of A          Atom B    A.N. of B              Bond order
                0             6               1            6                1.030244
                0             6               2            6                0.930258
                0             6              36            1                0.952055
                0             6              37            1                0.953674
                1             6               2            6                0.986435
                1             6              38            1                0.935480
                1             6              39            1                0.930982
                2             6               3           16                0.850371
                2             6              40            1                0.919947
                3            16               4            8                1.591086
                3            16               5            8                1.686832
                3            16               6            7                0.865085
                6             7               7            6                0.981068
                6             7              31            6                1.002660
                7             6               8            6                1.061718
                7             6              41            1                0.904710
                7             6              42            1                0.885641
                8             6               9            6                0.950898
                8             6              16            7                1.014660
                8             6              43            1                0.875710
                9             6              10            6                1.374024
                9             6              14            6                1.394398
               10             6              11            6                1.341204
               10             6              44            1                0.988535
               11             6              12            6                1.373848
               11             6              45            1                0.995026
               12             6              13            6                1.364982
               12             6              15            9                1.059105
               13             6              14            6                1.330227
               13             6              46            1                0.995592
               14             6              47            1                0.983850
               16             7              17            6                1.171293
               16             7              48            1                0.900578
               17             6              18            7                1.438425
               17             6              22            7                1.388055
               18             7              19            6                1.576048
               19             6              20            6                1.312413
               19             6              49            1                0.985067
               20             6              21            6                1.361759
               20             6              23            6                1.027852
               21             6              22            7                1.524712
               21             6              50            1                0.977143
               23             6              24            7                1.587369
               23             6              26            6                0.106690
               23             6              27            8                1.190948
               24             7              25            7                1.269022
               25             7              26            6                1.593125
               26             6              27            8                1.159112
               26             6              28            6                0.999761
               28             6              29            9                1.089599
               28             6              30            9                1.101331
               28             6              51            1                0.938804
               31             6              32            6                1.024121
               31             6              52            1                0.912067
               31             6              53            1                0.905530
               32             6              33            9                1.087313
               32             6              34            9                1.052715
               32             6              35            9                1.112903
# -----------------------------------------------------------
$ Calculation_Info
   description: Details of the calculation
   geom. index: 1
   prop. index: 1
     Multiplicity:                          1
     Charge:                                0
     number of atoms:                       54
     number of electrons:                   0
     number of frozen core electrons:       1
     number of correlated electrons:        0
     number of basis functions:             598
     number of aux C basis functions:       0
     number of aux J basis functions:       1964
     number of aux JK basis functions:      0
     number of aux CABS basis functions:    0
     Total Energy                           -2321.589317
# -----------------------------------------------------------
$ SCF_Electric_Properties
   description: The SCF Calculated Electric Properties
   geom. index: 1
   prop. index: 1
       Filename                          : 227.scfp 
       Do Dipole Moment Calculation      : true 
       Do Quadrupole Moment Calculation  : false 
       Do Polarizability Calculation     : true 
** Dipole moment part of electric properties **
        Magnitude of dipole moment (Debye) :        5.1268621296
        Electronic Contribution:
                  0    
      0      18.819441
      1      -0.527464
      2      -4.428118
        Nuclear Contribution:
                  0    
      0     -20.761968
      1       0.349623
      2       4.941284
        Total Dipole moment:
                  0    
      0      -1.942527
      1      -0.177842
      2       0.513166
** Polarizabilities part of electric properties **
        Isotropic polarizability :      296.1699765037
        The raw cartesian tensor (atomic units):
                  0          1          2    
      0     378.986673 -88.301756  22.077198
      1     -88.301756 292.387328  13.275762
      2      22.077198  13.275762 217.135929
        Diagonalised polarizability tensor :
                  0    
      0     201.751813
      1     252.086104
      2     434.672013
# -------------------------------------------------------------
----------------------- !GEOMETRIES! ------------------------
# -------------------------------------------------------------
------------------------ !GEOMETRY! -------------------------
    Number of atoms:    54 
    Geometry Index:     1 
    Coordinates:
               0 C     -2.255035000000   -4.151346000000    0.611749000000
               1 C     -2.287013000000   -3.870404000000   -0.821065000000
               2 C     -2.860453000000   -2.829809000000    0.027144000000
               3 S     -1.932117000000   -1.409452000000    0.570918000000
               4 O     -0.475973000000   -1.625120000000    0.278134000000
               5 O     -2.098155000000   -1.218819000000    2.037734000000
               6 N     -2.427056000000    0.040310000000   -0.234612000000
               7 C     -1.456182000000    0.634765000000   -1.034154000000
               8 C     -0.702976000000    1.819395000000   -0.477680000000
               9 C     -1.524702000000    2.987201000000   -0.131169000000
              10 C     -1.064190000000    3.873941000000    0.819775000000
              11 C     -1.775345000000    5.018398000000    1.169322000000
              12 C     -2.959003000000    5.244656000000    0.536931000000
              13 C     -3.429083000000    4.385835000000   -0.400940000000
              14 C     -2.718426000000    3.269656000000   -0.730796000000
              15 F     -3.666731000000    6.369781000000    0.875330000000
              16 N      0.207205000000    1.468697000000    0.609555000000
              17 C      1.443621000000    0.793011000000    0.409512000000
              18 N      2.213570000000    0.513440000000    1.473059000000
              19 C      3.384079000000   -0.124313000000    1.299939000000
              20 C      3.837509000000   -0.510744000000    0.060099000000
              21 C      3.043704000000   -0.220813000000   -1.022148000000
              22 N      1.869702000000    0.423347000000   -0.810571000000
              23 C      5.112963000000   -1.201999000000   -0.097468000000
              24 N      5.696711000000   -1.643398000000   -1.220859000000
              25 N      6.843442000000   -2.207538000000   -0.880235000000
              26 C      6.998985000000   -2.131261000000    0.450772000000
              27 O      5.928107000000   -1.514430000000    0.889516000000
              28 C      8.166380000000   -2.656547000000    1.209797000000
              29 F      8.189026000000   -4.032758000000    1.075068000000
              30 F      9.323242000000   -2.085020000000    0.732405000000
              31 C     -3.787092000000    0.000630000000   -0.604042000000
              32 C     -4.180956000000   -0.366343000000   -1.976761000000
              33 F     -3.700021000000    0.452192000000   -2.976963000000
              34 F     -5.579937000000   -0.168336000000   -2.034030000000
              35 F     -4.040612000000   -1.703733000000   -2.300513000000
              36 H     -1.292387000000   -4.095899000000    1.113521000000
              37 H     -2.975547000000   -4.833602000000    1.110356000000
              38 H     -1.340329000000   -3.748229000000   -1.377021000000
              39 H     -3.036098000000   -4.455892000000   -1.431342000000
              40 H     -3.963213000000   -2.764374000000    0.172407000000
              41 H     -1.720465000000    0.915943000000   -2.073789000000
              42 H     -0.646519000000   -0.152948000000   -1.197167000000
              43 H      0.012932000000    2.209432000000   -1.281680000000
              44 H     -0.131169000000    3.742305000000    1.348290000000
              45 H     -1.410426000000    5.716215000000    1.919492000000
              46 H     -4.374437000000    4.603625000000   -0.879242000000
              47 H     -3.118592000000    2.619731000000   -1.493741000000
              48 H     -0.093018000000    1.736420000000    1.565829000000
              49 H      3.981096000000   -0.335343000000    2.173036000000
              50 H      3.379985000000   -0.514981000000   -2.005434000000
              51 H      8.013364000000   -2.446243000000    2.300289000000
              52 H     -4.330131000000   -0.761689000000    0.068836000000
              53 H     -4.292235000000    0.942462000000   -0.311958000000
