-------------------------------------------------------------
----------------------- !PROPERTIES! ------------------------
-------------------------------------------------------------
# -----------------------------------------------------------
$ SCF_Energy
   description: The SCF energy
   geom. index: 1
   prop. index: 1
        SCF Energy:    -2183.0356206529
# -----------------------------------------------------------
$ DFT_Energy
   description: The DFT energy
   geom. index: 1
   prop. index: 1
   Number of Alpha Electrons                114.9999512666 
   Number of Beta  Electrons                114.9999512666 
   Total number of  Electrons               229.9999025332 
   Exchange energy                         -175.7560928559 
   Correlation energy                        -9.6077803821 
   Correlation energy NL                      0.0000000000 
   Exchange-Correlation energy             -185.3638732380 
   Embedding correction                       0.0000000000 
   Total DFT Energy (No VdW correction)   -2183.0356206529 
# -----------------------------------------------------------
$ Mayer_Pop
   description: The Mayer population analysis
   geom. index: 1
   prop. index: 1
     Number of atoms                     : 51
     Threshold for printing              : 0.1000000
     Number of bond orders printed       : 53
  NA   - Mulliken gross atomic population
  ZA   - Total nuclear charge
  QA   - Mulliken gross atomic charge
  VA   - Mayer's total valence
  BVA  - Mayer's bonded valence
  FA   - Mayer's free valence
  ATOM       NA         ZA         QA         VA         BVA        FA
  0   0     5.9124     6.0000     0.0876     3.9146     3.9146     0.0000
  1   0     6.1245     6.0000    -0.1245     4.2610     4.2610    -0.0000
  2   0     6.0178     6.0000    -0.0178     3.9458     3.9458     0.0000
  3   0     5.8735     6.0000     0.1265     4.0620     4.0620    -0.0000
  4   0     6.0737     6.0000    -0.0737     3.6722     3.6722     0.0000
  5   0     5.8447     6.0000     0.1553     3.9621     3.9621    -0.0000
  6   0     6.0016     6.0000    -0.0016     3.9524     3.9524     0.0000
  7   0    17.0696    17.0000    -0.0696     1.2000     1.2000    -0.0000
  8   0     8.3342     8.0000    -0.3342     2.1817     2.1817    -0.0000
  9   0     5.8001     6.0000     0.1999     3.9098     3.9098    -0.0000
 10   0     5.7950     6.0000     0.2050     3.7602     3.7602     0.0000
 11   0     6.0313     6.0000    -0.0313     4.0424     4.0424    -0.0000
 12   0     5.8913     6.0000     0.1087     3.8960     3.8960     0.0000
 13   0     6.1276     6.0000    -0.1276     3.8791     3.8791    -0.0000
 14   0     5.9841     6.0000     0.0159     3.9456     3.9456     0.0000
 15   0     6.0471     6.0000    -0.0471     3.5201     3.5201     0.0000
 16   0     5.7776     6.0000     0.2224     3.9514     3.9514     0.0000
 17   0     6.1708     6.0000    -0.1708     3.6509     3.6509     0.0000
 18   0     5.8221     6.0000     0.1779     3.8938     3.8938    -0.0000
 19   0     8.2591     8.0000    -0.2591     2.2058     2.2058     0.0000
 20   0     8.1981     8.0000    -0.1981     2.2382     2.2382    -0.0000
 21   0     5.8930     6.0000     0.1070     4.0966     4.0966     0.0000
 22   0     8.2543     8.0000    -0.2543     2.1899     2.1899     0.0000
 23   0     6.1457     6.0000    -0.1457     4.4093     4.4093     0.0000
 24   0     5.9086     6.0000     0.0914     3.8702     3.8702    -0.0000
 25   0     5.8741     6.0000     0.1259     3.8889     3.8889     0.0000
 26   0     8.2846     8.0000    -0.2846     2.0999     2.0999     0.0000
 27   0     8.2303     8.0000    -0.2303     2.2605     2.2605    -0.0000
 28   0    17.0735    17.0000    -0.0735     1.1950     1.1950     0.0000
 29   0     0.9653     1.0000     0.0347     0.9931     0.9931     0.0000
 30   0     0.9742     1.0000     0.0258     1.0177     1.0177     0.0000
 31   0     0.9752     1.0000     0.0248     1.0126     1.0126    -0.0000
 32   0     0.9875     1.0000     0.0125     0.9847     0.9847     0.0000
 33   0     0.9725     1.0000     0.0275     0.9878     0.9878    -0.0000
 34   0     0.9893     1.0000     0.0107     0.9894     0.9894     0.0000
 35   0     1.0392     1.0000    -0.0392     1.0310     1.0310    -0.0000
 36   0     1.0088     1.0000    -0.0088     1.0042     1.0042    -0.0000
 37   0     0.9640     1.0000     0.0360     1.0148     1.0148    -0.0000
 38   0     1.0121     1.0000    -0.0121     0.9806     0.9806    -0.0000
 39   0     1.0583     1.0000    -0.0583     1.0075     1.0075     0.0000
 40   0     0.7960     1.0000     0.2040     0.9967     0.9967     0.0000
 41   0     0.8106     1.0000     0.1894     0.9987     0.9987    -0.0000
 42   0     1.0240     1.0000    -0.0240     0.9879     0.9879     0.0000
 43   0     0.9952     1.0000     0.0048     1.0014     1.0014    -0.0000
 44   0     0.9598     1.0000     0.0402     1.0046     1.0046     0.0000
 45   0     1.0117     1.0000    -0.0117     1.0146     1.0146     0.0000
 46   0     0.9765     1.0000     0.0235     1.0075     1.0075     0.0000
 47   0     1.0023     1.0000    -0.0023     0.9928     0.9928     0.0000
 48   0     1.0122     1.0000    -0.0122     1.0012     1.0012    -0.0000
 49   0     0.8364     1.0000     0.1636     1.0264     1.0264     0.0000
 50   0     0.8084     1.0000     0.1916     1.0257     1.0257    -0.0000
      Bond orders larger than 0.1000000
           Atom A     A.N. of A          Atom B    A.N. of B              Bond order
                0             6               1            6                1.094907
                0             6              29            1                0.944695
                0             6              30            1                0.936211
                0             6              31            1                0.932595
                1             6               2            6                1.465303
                1             6               6            6                1.443919
                2             6               3            6                1.351124
                2             6              28           17                1.033455
                3             6               4            6                1.267556
                3             6              27            8                1.264841
                4             6               5            6                1.319075
                4             6              10            6                0.976796
                5             6               6            6                1.362643
                5             6               8            8                1.118488
                6             6               7           17                1.032296
                8             8               9            6                0.959962
                9             6              32            1                0.963854
                9             6              33            1                0.966079
                9             6              34            1                0.953324
               10             6              11            6                1.032632
               10             6              14            6                0.938182
               10             6              35            1                0.814038
               11             6              12            6                1.103398
               11             6              23            6                0.987849
               11             6              36            1                0.860749
               12             6              13            6                1.012763
               12             6              37            1                0.863682
               12             6              38            1                0.902966
               13             6              14            6                1.492031
               13             6              18            6                1.253666
               14             6              15            6                1.288794
               15             6              16            6                1.274759
               15             6              21            6                1.032164
               16             6              17            6                1.267019
               16             6              20            8                1.249900
               17             6              18            6                1.283242
               17             6              39            1                1.027513
               18             6              19            8                1.215862
               19             8              40            1                0.927787
               20             8              41            1                0.926340
               21             6              22            8                2.055590
               21             6              42            1                0.981008
               23             6              24            6                1.082902
               23             6              25            6                1.058692
               23             6              26            8                1.050425
               24             6              43            1                0.939138
               24             6              44            1                0.944871
               24             6              45            1                0.941826
               25             6              46            1                0.945515
               25             6              47            1                0.953776
               25             6              48            1                0.939398
               26             8              49            1                0.962937
               27             8              50            1                0.926620
# -----------------------------------------------------------
$ Calculation_Info
   description: Details of the calculation
   geom. index: 1
   prop. index: 1
     Multiplicity:                          1
     Charge:                                0
     number of atoms:                       51
     number of electrons:                   0
     number of frozen core electrons:       1
     number of correlated electrons:        0
     number of basis functions:             524
     number of aux C basis functions:       0
     number of aux J basis functions:       1667
     number of aux JK basis functions:      0
     number of aux CABS basis functions:    0
     Total Energy                           -2183.035621
# -----------------------------------------------------------
$ SCF_Electric_Properties
   description: The SCF Calculated Electric Properties
   geom. index: 1
   prop. index: 1
       Filename                          : 88.scfp 
       Do Dipole Moment Calculation      : true 
       Do Quadrupole Moment Calculation  : false 
       Do Polarizability Calculation     : true 
** Dipole moment part of electric properties **
        Magnitude of dipole moment (Debye) :        7.3271668000
        Electronic Contribution:
                  0    
      0      23.674382
      1     -19.675573
      2       8.907392
        Nuclear Contribution:
                  0    
      0     -25.147771
      1      21.922042
      2      -9.952520
        Total Dipole moment:
                  0    
      0      -1.473389
      1       2.246469
      2      -1.045127
** Polarizabilities part of electric properties **
        Isotropic polarizability :      264.2599355473
        The raw cartesian tensor (atomic units):
                  0          1          2    
      0     295.005632  -0.240856  42.188951
      1      -0.240856 264.261701  23.748953
      2      42.188951  23.748953 233.512473
        Diagonalised polarizability tensor :
                  0    
      0     204.368534
      1     269.729208
      2     318.682065
# -------------------------------------------------------------
----------------------- !GEOMETRIES! ------------------------
# -------------------------------------------------------------
------------------------ !GEOMETRY! -------------------------
    Number of atoms:    51 
    Geometry Index:     1 
    Coordinates:
               0 C      5.361786000000   -0.251694000000    0.546747000000
               1 C      3.859979000000   -0.162562000000    0.535341000000
               2 C      3.204062000000    0.465112000000    1.568206000000
               3 C      1.803370000000    0.587204000000    1.625531000000
               4 C      1.071854000000    0.046931000000    0.587027000000
               5 C      1.707308000000   -0.586092000000   -0.454728000000
               6 C      3.111751000000   -0.691524000000   -0.481177000000
               7 Cl     3.907192000000   -1.494717000000   -1.805802000000
               8 O      1.037839000000   -1.136962000000   -1.495629000000
               9 C      0.679282000000   -0.648511000000   -2.731680000000
              10 C     -0.410445000000    0.167892000000    0.635036000000
              11 C     -1.010917000000    1.173347000000   -0.245634000000
              12 C     -2.270259000000    0.556780000000   -0.781276000000
              13 C     -2.132069000000   -0.885335000000   -0.565241000000
              14 C     -1.061923000000   -1.112941000000    0.267150000000
              15 C     -0.822624000000   -2.447918000000    0.568907000000
              16 C     -1.605334000000   -3.457220000000    0.064390000000
              17 C     -2.655127000000   -3.209094000000   -0.755391000000
              18 C     -2.926697000000   -1.904278000000   -1.077943000000
              19 O     -3.995051000000   -1.618560000000   -1.914784000000
              20 O     -1.314546000000   -4.762977000000    0.401923000000
              21 C      0.271972000000   -2.772738000000    1.442069000000
              22 O      0.477167000000   -4.007129000000    1.715414000000
              23 C     -1.419235000000    2.494100000000    0.352701000000
              24 C     -0.371350000000    3.324242000000    0.957441000000
              25 C     -2.100877000000    3.265260000000   -0.783725000000
              26 O     -2.441041000000    2.306831000000    1.311865000000
              27 O      1.263284000000    1.237079000000    2.721809000000
              28 Cl     4.121475000000    1.152347000000    2.883118000000
              29 H      5.826184000000    0.703275000000    0.236526000000
              30 H      5.711045000000   -1.125162000000   -0.032197000000
              31 H      5.701229000000   -0.429649000000    1.602689000000
              32 H     -0.419378000000   -0.681245000000   -2.877242000000
              33 H      1.084283000000   -1.289564000000   -3.566000000000
              34 H      0.965837000000    0.420891000000   -2.901068000000
              35 H     -0.745190000000    0.371956000000    1.679825000000
              36 H     -0.370799000000    1.369389000000   -1.154894000000
              37 H     -3.121968000000    0.924283000000   -0.138779000000
              38 H     -2.452461000000    0.820298000000   -1.847596000000
              39 H     -3.267727000000   -4.013469000000   -1.149260000000
              40 H     -4.253624000000   -0.692112000000   -2.193738000000
              41 H     -1.827805000000   -5.559709000000    0.083270000000
              42 H      0.953279000000   -2.080011000000    1.902643000000
              43 H     -0.481140000000    4.383076000000    0.569817000000
              44 H      0.678015000000    3.064971000000    0.678958000000
              45 H     -0.510212000000    3.447888000000    2.055909000000
              46 H     -3.096497000000    2.805501000000   -1.015773000000
              47 H     -1.450883000000    3.339853000000   -1.669823000000
              48 H     -2.254183000000    4.293871000000   -0.394376000000
              49 H     -2.341639000000    2.887571000000    2.085556000000
              50 H      0.332809000000    1.411227000000    2.953889000000
