-------------------------------------------------------------
----------------------- !PROPERTIES! ------------------------
-------------------------------------------------------------
# -----------------------------------------------------------
$ SCF_Energy
   description: The SCF energy
   geom. index: 1
   prop. index: 1
        SCF Energy:    -1569.2189504967
# -----------------------------------------------------------
$ DFT_Energy
   description: The DFT energy
   geom. index: 1
   prop. index: 1
   Number of Alpha Electrons                108.9999122972 
   Number of Beta  Electrons                108.9999122972 
   Total number of  Electrons               217.9998245945 
   Exchange energy                         -148.5320552239 
   Correlation energy                        -8.7617817981 
   Correlation energy NL                      0.0000000000 
   Exchange-Correlation energy             -157.2938370220 
   Embedding correction                       0.0000000000 
   Total DFT Energy (No VdW correction)   -1569.2189504967 
# -----------------------------------------------------------
$ Mayer_Pop
   description: The Mayer population analysis
   geom. index: 1
   prop. index: 1
     Number of atoms                     : 61
     Threshold for printing              : 0.1000000
     Number of bond orders printed       : 64
  NA   - Mulliken gross atomic population
  ZA   - Total nuclear charge
  QA   - Mulliken gross atomic charge
  VA   - Mayer's total valence
  BVA  - Mayer's bonded valence
  FA   - Mayer's free valence
  ATOM       NA         ZA         QA         VA         BVA        FA
  0   0     5.8268     6.0000     0.1732     3.9326     3.9326     0.0000
  1   0     8.3444     8.0000    -0.3444     2.1811     2.1811     0.0000
  2   0     5.7973     6.0000     0.2027     3.8097     3.8097    -0.0000
  3   0     5.8496     6.0000     0.1504     4.0663     4.0663    -0.0000
  4   0     6.0524     6.0000    -0.0524     3.8195     3.8195    -0.0000
  5   0     6.0129     6.0000    -0.0129     3.7919     3.7919     0.0000
  6   0     5.9711     6.0000     0.0289     3.8766     3.8766     0.0000
  7   0     6.1479     6.0000    -0.1479     3.8131     3.8131     0.0000
  8   0     5.8911     6.0000     0.1089     3.9414     3.9414     0.0000
  9   0     6.0051     6.0000    -0.0051     4.1038     4.1038    -0.0000
 10   0     5.9260     6.0000     0.0740     4.0617     4.0617    -0.0000
 11   0     5.9755     6.0000     0.0245     4.0139     4.0139    -0.0000
 12   0     5.9324     6.0000     0.0676     4.1336     4.1336     0.0000
 13   0     7.2322     7.0000    -0.2322     3.2161     3.2161    -0.0000
 14   0     5.8764     6.0000     0.1236     4.1213     4.1213     0.0000
 15   0     5.9820     6.0000     0.0180     3.9945     3.9945    -0.0000
 16   0     5.9928     6.0000     0.0072     4.0347     4.0347     0.0000
 17   0     6.0886     6.0000    -0.0886     4.1679     4.1679    -0.0000
 18   0     5.9433     6.0000     0.0567     4.0785     4.0785    -0.0000
 19   0     5.7945     6.0000     0.2055     4.0730     4.0730    -0.0000
 20   0     6.1767     6.0000    -0.1767     4.2290     4.2290     0.0000
 21   0     6.2253     6.0000    -0.2253     3.8673     3.8673     0.0000
 22   0     5.7917     6.0000     0.2083     4.0701     4.0701    -0.0000
 23   0    15.9490    16.0000     0.0510     2.5236     2.5236     0.0000
 24   0     6.0219     6.0000    -0.0219     4.0243     4.0243     0.0000
 25   0     7.0633     7.0000    -0.0633     3.1709     3.1709     0.0000
 26   0     7.2195     7.0000    -0.2195     3.1084     3.1084    -0.0000
 27   0     8.2585     8.0000    -0.2585     2.1965     2.1965    -0.0000
 28   0     0.9768     1.0000     0.0232     0.9830     0.9830     0.0000
 29   0     0.9672     1.0000     0.0328     0.9838     0.9838     0.0000
 30   0     0.9707     1.0000     0.0293     0.9847     0.9847    -0.0000
 31   0     1.0365     1.0000    -0.0365     0.9949     0.9949    -0.0000
 32   0     1.0499     1.0000    -0.0499     0.9851     0.9851     0.0000
 33   0     1.0600     1.0000    -0.0600     1.0147     1.0147    -0.0000
 34   0     1.0105     1.0000    -0.0105     0.9851     0.9851    -0.0000
 35   0     1.0072     1.0000    -0.0072     0.9962     0.9962     0.0000
 36   0     1.0090     1.0000    -0.0090     0.9836     0.9836    -0.0000
 37   0     1.0028     1.0000    -0.0028     0.9989     0.9989     0.0000
 38   0     1.0140     1.0000    -0.0140     0.9775     0.9775    -0.0000
 39   0     1.0194     1.0000    -0.0194     0.9769     0.9769    -0.0000
 40   0     1.0028     1.0000    -0.0028     0.9815     0.9815    -0.0000
 41   0     0.9903     1.0000     0.0097     0.9949     0.9949     0.0000
 42   0     1.0103     1.0000    -0.0103     0.9798     0.9798    -0.0000
 43   0     1.0202     1.0000    -0.0202     0.9935     0.9935    -0.0000
 44   0     0.8860     1.0000     0.1140     0.9900     0.9900     0.0000
 45   0     1.0494     1.0000    -0.0494     0.9759     0.9759     0.0000
 46   0     1.0035     1.0000    -0.0035     0.9778     0.9778     0.0000
 47   0     0.9986     1.0000     0.0014     0.9762     0.9762     0.0000
 48   0     1.0087     1.0000    -0.0087     0.9884     0.9884     0.0000
 49   0     1.0129     1.0000    -0.0129     0.9938     0.9938     0.0000
 50   0     1.0001     1.0000    -0.0001     1.0164     1.0164     0.0000
 51   0     1.0162     1.0000    -0.0162     0.9712     0.9712    -0.0000
 52   0     1.0060     1.0000    -0.0060     0.9756     0.9756    -0.0000
 53   0     1.0022     1.0000    -0.0022     0.9877     0.9877    -0.0000
 54   0     1.0111     1.0000    -0.0111     0.9988     0.9988    -0.0000
 55   0     1.0082     1.0000    -0.0082     0.9768     0.9768     0.0000
 56   0     1.0052     1.0000    -0.0052     0.9972     0.9972     0.0000
 57   0     0.9976     1.0000     0.0024     0.9744     0.9744     0.0000
 58   0     0.8536     1.0000     0.1464     0.9900     0.9900    -0.0000
 59   0     0.8501     1.0000     0.1499     0.9841     0.9841    -0.0000
 60   0     0.7949     1.0000     0.2051     0.9993     0.9993    -0.0000
      Bond orders larger than 0.1000000
           Atom A     A.N. of A          Atom B    A.N. of B              Bond order
                0             6               1            8                0.974836
                0             6              28            1                0.963119
                0             6              29            1                0.971104
                0             6              30            1                0.957919
                1             8               2            6                1.091025
                2             6               3            6                1.333192
                2             6               7            6                1.301987
                3             6               4            6                1.394008
                3             6              27            8                1.207534
                4             6               5            6                1.320324
                4             6              31            1                1.000669
                5             6               6            6                1.384116
                5             6              32            1                0.995693
                6             6               7            6                1.327129
                6             6               8            6                1.032625
                7             6              33            1                0.986941
                8             6               9            6                1.093375
                8             6              34            1                0.913888
                8             6              35            1                0.910101
                9             6              10            6                1.092430
                9             6              36            1                0.919668
                9             6              37            1                0.930373
               10             6              11            6                1.079081
               10             6              38            1                0.927798
               10             6              39            1                0.921752
               11             6              12            6                1.071487
               11             6              40            1                0.915750
               11             6              41            1                0.934534
               12             6              13            7                1.108646
               12             6              42            1                0.935726
               12             6              43            1                0.921894
               13             7              14            6                1.116247
               13             7              44            1                0.947083
               14             6              15            6                1.082796
               14             6              45            1                0.908587
               14             6              46            1                0.936883
               15             6              16            6                1.078699
               15             6              47            1                0.905612
               15             6              48            1                0.929541
               16             6              17            6                1.059109
               16             6              49            1                0.923902
               16             6              50            1                0.926029
               17             6              18            6                1.054971
               17             6              22            6                1.077059
               17             6              51            1                0.883780
               18             6              19            6                1.131775
               18             6              52            1                0.926289
               18             6              53            1                0.908207
               19             6              20            6                1.078615
               19             6              54            1                0.906579
               19             6              55            1                0.892618
               20             6              21            6                1.413994
               20             6              25            7                1.525296
               21             6              22            6                1.107383
               21             6              23           16                1.153983
               21             6              24            6                0.108972
               22             6              56            1                0.923360
               22             6              57            1                0.861806
               23            16              24            6                1.139628
               24             6              25            7                1.522939
               24             6              26            7                1.157501
               26             7              58            1                0.952193
               26             7              59            1                0.951862
               27             8              60            1                0.925080
# -----------------------------------------------------------
$ Calculation_Info
   description: Details of the calculation
   geom. index: 1
   prop. index: 1
     Multiplicity:                          1
     Charge:                                0
     number of atoms:                       61
     number of electrons:                   0
     number of frozen core electrons:       1
     number of correlated electrons:        0
     number of basis functions:             561
     number of aux C basis functions:       0
     number of aux J basis functions:       1737
     number of aux JK basis functions:      0
     number of aux CABS basis functions:    0
     Total Energy                           -1569.218950
# -----------------------------------------------------------
$ SCF_Electric_Properties
   description: The SCF Calculated Electric Properties
   geom. index: 1
   prop. index: 1
       Filename                          : 99.scfp 
       Do Dipole Moment Calculation      : true 
       Do Quadrupole Moment Calculation  : false 
       Do Polarizability Calculation     : true 
** Dipole moment part of electric properties **
        Magnitude of dipole moment (Debye) :        2.9260804951
        Electronic Contribution:
                  0    
      0       6.992105
      1     -13.220258
      2      16.533641
        Nuclear Contribution:
                  0    
      0      -6.677458
      1      12.275914
      2     -17.111948
        Total Dipole moment:
                  0    
      0       0.314647
      1      -0.944344
      2      -0.578307
** Polarizabilities part of electric properties **
        Isotropic polarizability :      278.6970105172
        The raw cartesian tensor (atomic units):
                  0          1          2    
      0     339.328157 -24.521319 -21.633808
      1     -24.521319 291.929354 -10.820118
      2     -21.633808 -10.820118 204.833521
        Diagonalised polarizability tensor :
                  0    
      0     199.088162
      1     285.535725
      2     351.467145
# -------------------------------------------------------------
----------------------- !GEOMETRIES! ------------------------
# -------------------------------------------------------------
------------------------ !GEOMETRY! -------------------------
    Number of atoms:    61 
    Geometry Index:     1 
    Coordinates:
               0 C     -4.809927000000   -2.944180000000    0.515483000000
               1 O     -5.859761000000   -2.114994000000    0.947647000000
               2 C     -5.675947000000   -0.752675000000    0.989927000000
               3 C     -6.674945000000    0.106105000000    1.407696000000
               4 C     -6.460471000000    1.462337000000    1.438999000000
               5 C     -5.225489000000    1.962049000000    1.044786000000
               6 C     -4.212174000000    1.132561000000    0.624201000000
               7 C     -4.443480000000   -0.219805000000    0.599350000000
               8 C     -2.908332000000    1.676339000000    0.208319000000
               9 C     -2.996786000000    1.947126000000   -1.280742000000
              10 C     -1.750719000000    2.510279000000   -1.862658000000
              11 C     -0.527638000000    1.602880000000   -1.688999000000
              12 C     -0.810727000000    0.311247000000   -2.379155000000
              13 N      0.176719000000   -0.676381000000   -2.380395000000
              14 C      0.530864000000   -1.423772000000   -1.263798000000
              15 C      1.234333000000   -0.740505000000   -0.133602000000
              16 C      2.493569000000   -0.109769000000   -0.649025000000
              17 C      3.266364000000    0.648785000000    0.386236000000
              18 C      4.515101000000    1.243981000000   -0.243647000000
              19 C      5.667257000000    1.222585000000    0.735410000000
              20 C      5.965789000000   -0.259636000000    0.949707000000
              21 C      4.861663000000   -0.962207000000    1.376127000000
              22 C      3.572847000000   -0.200893000000    1.561088000000
              23 S      5.479027000000   -2.539024000000    1.528318000000
              24 C      7.089889000000   -2.227874000000    1.048126000000
              25 N      7.066210000000   -0.929999000000    0.796647000000
              26 N      8.210340000000   -3.138632000000    0.938810000000
              27 O     -7.881311000000   -0.430091000000    1.788793000000
              28 H     -3.959032000000   -2.957639000000    1.235684000000
              29 H     -5.212093000000   -3.991777000000    0.464373000000
              30 H     -4.435795000000   -2.642787000000   -0.501808000000
              31 H     -7.275092000000    2.090449000000    1.774390000000
              32 H     -5.099920000000    3.031136000000    1.084404000000
              33 H     -3.680620000000   -0.912834000000    0.277137000000
              34 H     -2.694846000000    2.609777000000    0.783258000000
              35 H     -2.133088000000    0.926153000000    0.444170000000
              36 H     -3.807823000000    2.721745000000   -1.449863000000
              37 H     -3.356086000000    1.051532000000   -1.776020000000
              38 H     -1.556099000000    3.531987000000   -1.511405000000
              39 H     -1.900197000000    2.575501000000   -2.963768000000
              40 H      0.272101000000    2.124709000000   -2.299146000000
              41 H     -0.223390000000    1.571123000000   -0.655589000000
              42 H     -1.059105000000    0.550224000000   -3.459683000000
              43 H     -1.773452000000   -0.153502000000   -1.958522000000
              44 H      0.504285000000   -1.021151000000   -3.317577000000
              45 H     -0.426986000000   -1.863802000000   -0.800981000000
              46 H      1.106811000000   -2.360805000000   -1.560171000000
              47 H      1.562321000000   -1.584976000000    0.584566000000
              48 H      0.595068000000   -0.110252000000    0.455552000000
              49 H      3.103413000000   -0.938322000000   -1.102009000000
              50 H      2.245943000000    0.554331000000   -1.516325000000
              51 H      2.653657000000    1.544322000000    0.698258000000
              52 H      4.318133000000    2.239391000000   -0.669015000000
              53 H      4.788410000000    0.547961000000   -1.088048000000
              54 H      6.549298000000    1.739961000000    0.349001000000
              55 H      5.330665000000    1.621046000000    1.713724000000
              56 H      2.772903000000   -0.839835000000    1.899696000000
              57 H      3.792628000000    0.510562000000    2.424640000000
              58 H      8.621474000000   -3.384957000000    0.035619000000
              59 H      8.559797000000   -3.518942000000    1.848497000000
              60 H     -8.075548000000   -1.416169000000    1.777644000000
