-------------------------------------------------------------
----------------------- !PROPERTIES! ------------------------
-------------------------------------------------------------
# -------------------------------------------------------------
----------------------- !GEOMETRIES! ------------------------
# -------------------------------------------------------------
------------------------ !GEOMETRY! -------------------------
    Number of atoms:    67 
    Geometry Index:     1 
    Coordinates:
               0  C     -5.946501000000    3.381339000000   -0.235476000000
               1  C     -6.918270000000    3.080429000000    0.875828000000
               2  C     -6.049999000000    1.965128000000    0.328817000000
               3  C     -5.030923000000    1.381227000000    1.192044000000
               4  C     -3.648502000000    1.150001000000    0.611031000000
               5  C     -3.716587000000    0.209690000000   -0.514071000000
               6  C     -2.432851000000   -0.185801000000   -1.147060000000
               7  C     -1.210049000000   -0.244159000000   -0.577129000000
               8  C     -0.115778000000   -0.834296000000   -1.174279000000
               9  C     -0.350163000000   -1.386030000000   -2.453379000000
              10  C     -1.564527000000   -1.352798000000   -3.085276000000
              11  C     -2.603976000000   -0.751086000000   -2.426951000000
              12  F      0.685659000000   -2.004321000000   -3.113999000000
              13  N      1.142885000000   -1.051426000000   -0.642041000000
              14  C      1.802594000000   -0.446422000000    0.481126000000
              15  O      1.172574000000    0.424671000000    1.067610000000
              16  C      3.143918000000   -0.929356000000    0.817590000000
              17  C      3.314303000000   -2.252887000000    1.313190000000
              18  C      4.642026000000   -2.487186000000    1.458981000000
              19  N      5.252722000000   -1.364446000000    1.074727000000
              20  N      4.353183000000   -0.425633000000    0.688097000000
              21  C      4.721776000000    0.847974000000    0.182150000000
              22  C      3.885147000000    1.808012000000   -0.264734000000
              23  C      4.392178000000    3.020852000000   -0.764590000000
              24  C      5.745151000000    3.263886000000   -0.812341000000
              25  C      6.611499000000    2.293932000000   -0.360209000000
              26  C      6.096825000000    1.130738000000    0.117853000000
              27  C      8.091868000000    2.515901000000   -0.417611000000
              28  N      8.831447000000    1.265578000000   -0.471031000000
              29  C      5.251372000000   -3.774987000000    1.945516000000
              30  F      4.268615000000   -4.595370000000    2.401816000000
              31  F      5.796001000000   -4.362639000000    0.782382000000
              32  F      6.294278000000   -3.566357000000    2.802850000000
              33  N     -4.326498000000   -1.091707000000   -0.156585000000
              34  C     -3.702128000000   -1.827775000000    0.786917000000
              35  C     -4.151963000000   -3.081340000000    1.131003000000
              36  C     -5.260301000000   -3.604357000000    0.512093000000
              37  C     -5.897001000000   -2.847249000000   -0.450953000000
              38  C     -5.389167000000   -1.583912000000   -0.756062000000
              39  O     -5.994761000000   -0.941773000000   -1.635723000000
              40  H     -5.040969000000    3.989439000000    0.001441000000
              41  H     -6.399338000000    3.614946000000   -1.197045000000
              42  H     -8.015917000000    3.078913000000    0.679723000000
              43  H     -6.684859000000    3.555089000000    1.843865000000
              44  H     -6.671066000000    1.308229000000   -0.356360000000
              45  H     -4.881664000000    2.056620000000    2.087495000000
              46  H     -5.421015000000    0.423845000000    1.653251000000
              47  H     -3.324403000000    2.136172000000    0.218059000000
              48  H     -2.986720000000    0.842648000000    1.415175000000
              49  H     -4.353307000000    0.647503000000   -1.343076000000
              50  H     -1.061161000000    0.202047000000    0.397506000000
              51  H     -1.674474000000   -1.806166000000   -4.074970000000
              52  H     -3.578916000000   -0.711027000000   -2.908462000000
              53  H      1.775893000000   -1.800917000000   -1.103904000000
              54  H      2.511359000000   -2.936394000000    1.532615000000
              55  H      2.846034000000    1.683486000000   -0.272461000000
              56  H      3.721588000000    3.785757000000   -1.112302000000
              57  H      6.168794000000    4.207324000000   -1.196129000000
              58  H      6.800175000000    0.377938000000    0.462429000000
              59  H      8.467594000000    3.096773000000    0.439593000000
              60  H      8.286081000000    3.037143000000   -1.399488000000
              61  H      8.797632000000    0.729992000000    0.398127000000
              62  H      8.397628000000    0.666019000000   -1.225543000000
              63  H     -2.834239000000   -1.412032000000    1.263188000000
              64  H     -3.642797000000   -3.661044000000    1.878640000000
              65  H     -5.625619000000   -4.594993000000    0.767568000000
              66  H     -6.762388000000   -3.263354000000   -0.932504000000
