-------------------------------------------------------------
----------------------- !PROPERTIES! ------------------------
-------------------------------------------------------------
# -------------------------------------------------------------
----------------------- !GEOMETRIES! ------------------------
# -------------------------------------------------------------
------------------------ !GEOMETRY! -------------------------
    Number of atoms:    52 
    Geometry Index:     1 
    Coordinates:
               0  C      6.364442000000    1.696229000000    1.024897000000
               1  C      5.600353000000    0.987796000000   -0.070829000000
               2  C      4.332711000000    1.291938000000   -0.286231000000
               3  C      3.443714000000    0.710887000000   -1.297374000000
               4  C      2.261338000000    0.063277000000   -0.638821000000
               5  C      2.427765000000   -1.152680000000   -0.018135000000
               6  C      1.362652000000   -1.758492000000    0.589770000000
               7  C      0.133563000000   -1.143772000000    0.573902000000
               8  C     -0.102809000000    0.069363000000   -0.026633000000
               9  C      1.020421000000    0.649225000000   -0.635869000000
              10  C     -1.408514000000    0.772230000000   -0.030706000000
              11  C     -2.456923000000    0.077562000000   -0.841738000000
              12  C     -3.608195000000   -0.263674000000   -0.307748000000
              13  C     -4.353696000000   -0.916223000000   -1.408869000000
              14  O     -5.517769000000   -1.402900000000   -1.347425000000
              15  O     -3.582299000000   -0.921217000000   -2.544468000000
              16  C     -2.370473000000   -0.284473000000   -2.272824000000
              17  O     -1.270897000000   -1.078519000000   -2.590472000000
              18  C     -0.520806000000   -0.457563000000   -3.559428000000
              19  C     -4.192371000000   -0.119477000000    1.011794000000
              20  C     -5.539733000000    0.291810000000    1.099644000000
              21  C     -6.194451000000    0.446309000000    2.290748000000
              22  C     -5.480981000000    0.181206000000    3.438917000000
              23  C     -4.167878000000   -0.220738000000    3.372759000000
              24  C     -3.508392000000   -0.376179000000    2.166910000000
              25  O     -6.074924000000    0.314323000000    4.707026000000
              26  O      3.659939000000   -1.791884000000    0.010397000000
              27  C      6.366531000000   -0.018276000000   -0.833434000000
              28  H      7.173575000000    2.304651000000    0.587382000000
              29  H      6.821788000000    0.933187000000    1.670806000000
              30  H      5.695554000000    2.400156000000    1.566003000000
              31  H      3.888155000000    2.068252000000    0.363994000000
              32  H      3.958564000000   -0.063729000000   -1.883455000000
              33  H      3.054327000000    1.486381000000   -2.014608000000
              34  H      1.508825000000   -2.735802000000    1.084875000000
              35  H     -0.661353000000   -1.678706000000    1.064390000000
              36  H      0.906040000000    1.604528000000   -1.127828000000
              37  H     -1.749871000000    1.138357000000    0.932291000000
              38  H     -1.225536000000    1.729913000000   -0.626535000000
              39  H     -2.305920000000    0.690352000000   -2.853882000000
              40  H     -0.188823000000    0.524245000000   -3.202259000000
              41  H      0.379161000000   -1.038103000000   -3.855745000000
              42  H     -1.181045000000   -0.335157000000   -4.457335000000
              43  H     -6.076022000000    0.493399000000    0.166774000000
              44  H     -7.231691000000    0.764336000000    2.336152000000
              45  H     -3.583247000000   -0.436676000000    4.267672000000
              46  H     -2.465449000000   -0.707539000000    2.143095000000
              47  H     -7.032152000000    0.605294000000    4.808613000000
              48  H      3.833579000000   -2.665904000000    0.442533000000
              49  H      6.989393000000   -0.601102000000   -0.118400000000
              50  H      7.101742000000    0.543488000000   -1.472382000000
              51  H      5.768087000000   -0.741478000000   -1.397912000000
