-------------------------------------------------------------
----------------------- !PROPERTIES! ------------------------
-------------------------------------------------------------
# -----------------------------------------------------------
$ SCF_Energy
   description: The SCF energy
   geom. index: 1
   prop. index: 1
        SCF Energy:    -1209.9934164525
# -----------------------------------------------------------
$ DFT_Energy
   description: The DFT energy
   geom. index: 1
   prop. index: 1
   Number of Alpha Electrons                 79.9998510438 
   Number of Beta  Electrons                 79.9998510438 
   Total number of  Electrons               159.9997020877 
   Exchange energy                         -110.7637807938 
   Correlation energy                        -6.5142451404 
   Correlation energy NL                      0.0000000000 
   Exchange-Correlation energy             -117.2780259341 
   Embedding correction                       0.0000000000 
   Total DFT Energy (No VdW correction)   -1209.9934164525 
# -----------------------------------------------------------
$ Mayer_Pop
   description: The Mayer population analysis
   geom. index: 1
   prop. index: 1
     Number of atoms                     : 48
     Threshold for printing              : 0.1000000
     Number of bond orders printed       : 60
  NA   - Mulliken gross atomic population
  ZA   - Total nuclear charge
  QA   - Mulliken gross atomic charge
  VA   - Mayer's total valence
  BVA  - Mayer's bonded valence
  FA   - Mayer's free valence
  ATOM       NA         ZA         QA         VA         BVA        FA
  0   0     5.9615     6.0000     0.0385     4.0013     4.0013     0.0000
  1   0     5.9507     6.0000     0.0493     4.0447     4.0447    -0.0000
  2   0     5.9831     6.0000     0.0169     3.8840     3.8840    -0.0000
  3   0     7.1247     6.0000    -1.1247     3.4260     3.4260    -0.0000
  4   0     6.6288     6.0000    -0.6288     3.6514     3.6514     0.0000
  5   0     5.7787     6.0000     0.2213     3.7259     3.7259    -0.0000
  6   0     6.0887     6.0000    -0.0887     4.1646     4.1646    -0.0000
  7   0     5.8467     6.0000     0.1533     3.9739     3.9739     0.0000
  8   0     6.0054     6.0000    -0.0054     4.0470     4.0470    -0.0000
  9   0     7.3411     7.0000    -0.3411     3.0005     3.0005    -0.0000
 10   0     5.8512     6.0000     0.1488     4.1283     4.1283     0.0000
 11   0     5.8843     6.0000     0.1157     4.0491     4.0491     0.0000
 12   0     5.7922     6.0000     0.2078     3.4063     3.4063    -0.0000
 13   0     6.0476     6.0000    -0.0476     3.7447     3.7447    -0.0000
 14   0     5.9756     6.0000     0.0244     3.8456     3.8456     0.0000
 15   0     6.0480     6.0000    -0.0480     3.9187     3.9187     0.0000
 16   0     6.0084     6.0000    -0.0084     3.8217     3.8217     0.0000
 17   0     6.0613     6.0000    -0.0613     3.7165     3.7165     0.0000
 18   0     5.9175     6.0000     0.0825     3.8999     3.8999     0.0000
 19   0    14.4949    17.0000     2.5051     2.8821     2.8821    -0.0000
 20   0     1.0030     1.0000    -0.0030     0.9894     0.9894    -0.0000
 21   0     1.0055     1.0000    -0.0055     0.9919     0.9919    -0.0000
 22   0     0.9959     1.0000     0.0041     0.9791     0.9791    -0.0000
 23   0     1.0088     1.0000    -0.0088     0.9975     0.9975    -0.0000
 24   0     1.0147     1.0000    -0.0147     1.0095     1.0095     0.0000
 25   0     1.0047     1.0000    -0.0047     1.0340     1.0340    -0.0000
 26   0     0.9972     1.0000     0.0028     0.9933     0.9933    -0.0000
 27   0     1.1001     1.0000    -0.1001     1.0227     1.0227    -0.0000
 28   0     1.2812     1.0000    -0.2812     1.2081     1.2081    -0.0000
 29   0     1.1310     1.0000    -0.1310     1.0032     1.0032     0.0000
 30   0     1.0484     1.0000    -0.0484     0.9980     0.9980    -0.0000
 31   0     1.0022     1.0000    -0.0022     0.9920     0.9920     0.0000
 32   0     1.0000     1.0000    -0.0000     1.0347     1.0347    -0.0000
 33   0     1.0303     1.0000    -0.0303     0.9907     0.9907    -0.0000
 34   0     0.9733     1.0000     0.0267     1.0176     1.0176    -0.0000
 35   0     0.9678     1.0000     0.0322     0.9955     0.9955    -0.0000
 36   0     0.9967     1.0000     0.0033     0.9886     0.9886     0.0000
 37   0     1.0044     1.0000    -0.0044     0.9772     0.9772     0.0000
 38   0     1.0161     1.0000    -0.0161     0.9981     0.9981    -0.0000
 39   0     1.0035     1.0000    -0.0035     0.9884     0.9884     0.0000
 40   0     1.0585     1.0000    -0.0585     0.9870     0.9870    -0.0000
 41   0     1.0586     1.0000    -0.0586     0.9815     0.9815    -0.0000
 42   0     1.0517     1.0000    -0.0517     0.9839     0.9839     0.0000
 43   0     1.0799     1.0000    -0.0799     1.0560     1.0560    -0.0000
 44   0     1.0005     1.0000    -0.0005     0.9928     0.9928     0.0000
 45   0     0.9903     1.0000     0.0097     0.9881     0.9881    -0.0000
 46   0     0.9860     1.0000     0.0140     0.9805     0.9805     0.0000
 47   0     1.3991     1.0000    -0.3991     1.1920     1.1920    -0.0000
      Bond orders larger than 0.1000000
           Atom A     A.N. of A          Atom B    A.N. of B              Bond order
                0             6               1            6                1.104429
                0             6              20            1                0.962145
                0             6              21            1                0.962955
                0             6              22            1                0.956383
                1             6               2            6                1.090853
                1             6              23            1                0.924229
                1             6              24            1                0.915604
                2             6               3            6                0.869317
                2             6              25            1                0.899250
                2             6              26            1                0.907649
                3             6               4            6                0.682493
                3             6              19           17                0.962062
                3             6              27            1                0.596575
                3             6              28            1                0.321916
                3             6              29            1                0.146759
                3             6              47            1               -0.131573
                4             6               5            6                0.875944
                4             6               9            7                0.679720
                4             6              19           17                0.658998
                4             6              29            1                0.618000
                4             6              47            1               -0.143211
                5             6               6            6                0.997383
                5             6              12            6                0.830182
                5             6              30            1                0.810824
                6             6               7            6                1.084772
                6             6              11            6                1.059164
                6             6              31            1                0.895584
                7             6               8            6                1.023733
                7             6              32            1                0.909104
                7             6              33            1                0.862791
                8             6               9            7                0.996691
                8             6              19           17                0.138603
                8             6              34            1                0.911471
                8             6              35            1                0.875119
                9             7              10            6                1.009724
               10             6              11            6                1.098955
               10             6              36            1                0.910719
               10             6              37            1                0.932473
               11             6              38            1                0.911790
               11             6              39            1                0.908954
               12             6              13            6                1.103613
               12             6              17            6                1.082968
               12             6              47            1                0.276088
               13             6              14            6                1.419845
               13             6              28            1                0.100863
               13             6              40            1                0.988086
               14             6              15            6                1.342078
               14             6              41            1                0.993963
               15             6              16            6                1.298068
               15             6              18            6                1.058478
               15             6              28            1                0.101583
               16             6              17            6                1.417374
               16             6              42            1                0.991982
               17             6              43            1                0.962546
               18             6              44            1                0.957051
               18             6              45            1                0.956583
               18             6              46            1                0.948777
               19            17              28            1                0.158343
               19            17              47            1                0.720758
               28             1              47            1                0.120814
# -----------------------------------------------------------
$ Calculation_Info
   description: Details of the calculation
   geom. index: 1
   prop. index: 1
     Multiplicity:                          1
     Charge:                                0
     number of atoms:                       48
     number of electrons:                   0
     number of frozen core electrons:       1
     number of correlated electrons:        0
     number of basis functions:             424
     number of aux C basis functions:       0
     number of aux J basis functions:       1290
     number of aux JK basis functions:      0
     number of aux CABS basis functions:    0
     Total Energy                           -1209.993416
# -----------------------------------------------------------
$ SCF_Electric_Properties
   description: The SCF Calculated Electric Properties
   geom. index: 1
   prop. index: 1
       Filename                          : 104.scfp 
       Do Dipole Moment Calculation      : true 
       Do Quadrupole Moment Calculation  : false 
       Do Polarizability Calculation     : true 
** Dipole moment part of electric properties **
        Magnitude of dipole moment (Debye) :        2.8376947113
        Electronic Contribution:
                  0    
      0      -7.537466
      1      -3.682051
      2      -2.542354
        Nuclear Contribution:
                  0    
      0       8.034175
      1       2.741877
      2       2.202165
        Total Dipole moment:
                  0    
      0       0.496710
      1      -0.940174
      2      -0.340189
** Polarizabilities part of electric properties **
        Isotropic polarizability :      307.3821437210
        The raw cartesian tensor (atomic units):
                  0          1          2    
      0     434.238742 -75.386574  29.654575
      1     -75.386574 279.446743  11.390797
      2      29.654575  11.390797 208.460947
        Diagonalised polarizability tensor :
                  0    
      0     197.293444
      1     257.871095
      2     466.981892
# -------------------------------------------------------------
----------------------- !GEOMETRIES! ------------------------
# -------------------------------------------------------------
------------------------ !GEOMETRY! -------------------------
    Number of atoms:    48 
    Geometry Index:     1 
    Coordinates:
               0 C      4.492310000000    2.359926000000    0.482581000000
               1 C      3.076112000000    2.017321000000    0.895695000000
               2 C      2.542073000000    1.037822000000   -0.093395000000
               3 C      1.097675000000    0.622862000000    0.239818000000
               4 C      0.708642000000   -0.339019000000   -0.813779000000
               5 C     -0.656182000000   -0.923589000000   -0.765914000000
               6 C     -0.626380000000   -2.255674000000   -0.083400000000
               7 C      0.339039000000   -2.338474000000    1.079664000000
               8 C      1.713163000000   -2.068772000000    0.541809000000
               9 N      1.651992000000   -1.463257000000   -0.772633000000
              10 C      1.167070000000   -2.481698000000   -1.699678000000
              11 C     -0.017186000000   -3.251341000000   -1.095068000000
              12 C     -1.734913000000   -0.022098000000   -0.334126000000
              13 C     -2.747978000000    0.398671000000   -1.212897000000
              14 C     -3.761661000000    1.224586000000   -0.866638000000
              15 C     -3.842486000000    1.701131000000    0.404109000000
              16 C     -2.899420000000    1.339745000000    1.313974000000
              17 C     -1.870770000000    0.494379000000    0.940706000000
              18 C     -4.984677000000    2.610604000000    0.730208000000
              19 Cl     0.689426000000    0.000000000000    0.000000000000
              20 H      4.496390000000    2.759128000000   -0.571673000000
              21 H      5.081087000000    1.420458000000    0.438970000000
              22 H      4.964742000000    3.087559000000    1.167283000000
              23 H      2.497372000000    2.936041000000    0.956180000000
              24 H      3.165898000000    1.528000000000    1.904377000000
              25 H      3.201932000000    0.182959000000   -0.228237000000
              26 H      2.497712000000    1.564275000000   -1.089687000000
              27 H      0.515379000000    1.544245000000    0.256330000000
              28 H      1.185500000000    0.196342000000    1.260093000000
              29 H      0.921141000000    0.159207000000   -1.806996000000
              30 H     -0.893269000000   -1.161933000000   -1.855179000000
              31 H     -1.639545000000   -2.584501000000    0.198408000000
              32 H      0.055846000000   -1.794508000000    1.967581000000
              33 H      0.330054000000   -3.431006000000    1.377150000000
              34 H      2.336760000000   -1.483569000000    1.260709000000
              35 H      2.308378000000   -3.019182000000    0.388314000000
              36 H      0.863973000000   -1.951092000000   -2.622483000000
              37 H      2.005383000000   -3.152870000000   -1.935210000000
              38 H      0.304271000000   -4.171105000000   -0.607808000000
              39 H     -0.738719000000   -3.390578000000   -1.920065000000
              40 H     -2.703297000000    0.030956000000   -2.231020000000
              41 H     -4.498091000000    1.497866000000   -1.604102000000
              42 H     -2.970917000000    1.724533000000    2.326799000000
              43 H     -1.161090000000    0.239849000000    1.681180000000
              44 H     -5.103954000000    2.690440000000    1.830344000000
              45 H     -5.909440000000    2.277466000000    0.231150000000
              46 H     -4.759918000000    3.637893000000    0.336555000000
              47 H     -0.689426000000    0.000000000000    0.000000000000
