-------------------------------------------------------------
----------------------- !PROPERTIES! ------------------------
-------------------------------------------------------------
# -----------------------------------------------------------
$ SCF_Energy
   description: The SCF energy
   geom. index: 1
   prop. index: 1
        SCF Energy:    -3292.3275971426
# -----------------------------------------------------------
$ DFT_Energy
   description: The DFT energy
   geom. index: 1
   prop. index: 1
   Number of Alpha Electrons                 85.0002567621 
   Number of Beta  Electrons                 85.0002567621 
   Total number of  Electrons               170.0005135242 
   Exchange energy                         -153.1126476057 
   Correlation energy                        -7.1931898610 
   Correlation energy NL                      0.0000000000 
   Exchange-Correlation energy             -160.3058374667 
   Embedding correction                       0.0000000000 
   Total DFT Energy (No VdW correction)   -3292.3275971426 
# -----------------------------------------------------------
$ Mayer_Pop
   description: The Mayer population analysis
   geom. index: 1
   prop. index: 1
     Number of atoms                     : 48
     Threshold for printing              : 0.1000000
     Number of bond orders printed       : 47
  NA   - Mulliken gross atomic population
  ZA   - Total nuclear charge
  QA   - Mulliken gross atomic charge
  VA   - Mayer's total valence
  BVA  - Mayer's bonded valence
  FA   - Mayer's free valence
  ATOM       NA         ZA         QA         VA         BVA        FA
  0   0     5.9545     6.0000     0.0455     3.9883     3.9883    -0.0000
  1   0     6.0389     6.0000    -0.0389     4.1406     4.1406    -0.0000
  2   0     6.0108     6.0000    -0.0108     4.0697     4.0697     0.0000
  3   0     6.0044     6.0000    -0.0044     4.0969     4.0969     0.0000
  4   0     5.9458     6.0000     0.0542     4.0742     4.0742     0.0000
  5   0     5.9253     6.0000     0.0747     4.0543     4.0543     0.0000
  6   0     5.9971     6.0000     0.0029     4.1465     4.1465     0.0000
  7   0     5.9829     6.0000     0.0171     4.0561     4.0561    -0.0000
  8   0     6.0318     6.0000    -0.0318     4.0962     4.0962     0.0000
  9   0     5.9574     6.0000     0.0426     4.0537     4.0537    -0.0000
 10   0     6.0152     6.0000    -0.0152     4.0913     4.0913    -0.0000
 11   0     5.8204     6.0000     0.1796     4.0050     4.0050     0.0000
 12   0     7.2562     7.0000    -0.2562     3.1843     3.1843    -0.0000
 13   0     5.8256     6.0000     0.1744     4.1907     4.1907    -0.0000
 14   0     8.2705     8.0000    -0.2705     2.2351     2.2351     0.0000
 15   0     6.1288     6.0000    -0.1288     3.9095     3.9095    -0.0000
 16   0     5.9601     6.0000     0.0399     3.9265     3.9265     0.0000
 17   0    35.0565    35.0000    -0.0565     1.1350     1.1350    -0.0000
 18   0     0.9958     1.0000     0.0042     0.9822     0.9822    -0.0000
 19   0     0.9921     1.0000     0.0079     0.9927     0.9927    -0.0000
 20   0     0.9923     1.0000     0.0077     0.9851     0.9851    -0.0000
 21   0     1.0033     1.0000    -0.0033     0.9786     0.9786    -0.0000
 22   0     1.0062     1.0000    -0.0062     0.9787     0.9787    -0.0000
 23   0     1.0071     1.0000    -0.0071     0.9829     0.9829    -0.0000
 24   0     1.0094     1.0000    -0.0094     0.9825     0.9825    -0.0000
 25   0     1.0054     1.0000    -0.0054     0.9974     0.9974    -0.0000
 26   0     1.0083     1.0000    -0.0083     0.9833     0.9833     0.0000
 27   0     1.0169     1.0000    -0.0169     0.9807     0.9807     0.0000
 28   0     1.0137     1.0000    -0.0137     0.9739     0.9739     0.0000
 29   0     1.0160     1.0000    -0.0160     0.9792     0.9792     0.0000
 30   0     1.0144     1.0000    -0.0144     0.9707     0.9707     0.0000
 31   0     1.0173     1.0000    -0.0173     0.9804     0.9804     0.0000
 32   0     1.0053     1.0000    -0.0053     0.9758     0.9758     0.0000
 33   0     1.0049     1.0000    -0.0049     0.9894     0.9894    -0.0000
 34   0     0.9932     1.0000     0.0068     0.9804     0.9804     0.0000
 35   0     1.0035     1.0000    -0.0035     0.9794     0.9794     0.0000
 36   0     0.9984     1.0000     0.0016     0.9941     0.9941     0.0000
 37   0     1.0041     1.0000    -0.0041     0.9795     0.9795     0.0000
 38   0     1.0325     1.0000    -0.0325     0.9855     0.9855     0.0000
 39   0     1.0029     1.0000    -0.0029     0.9786     0.9786    -0.0000
 40   0     0.9868     1.0000     0.0132     0.9904     0.9904    -0.0000
 41   0     0.9807     1.0000     0.0193     0.9880     0.9880    -0.0000
 42   0     0.9800     1.0000     0.0200     0.9988     0.9988     0.0000
 43   0     0.8662     1.0000     0.1338     1.0005     1.0005     0.0000
 44   0     0.9453     1.0000     0.0547     0.9743     0.9743    -0.0000
 45   0     0.9600     1.0000     0.0400     0.9996     0.9996     0.0000
 46   0     0.9912     1.0000     0.0088     0.9965     0.9965     0.0000
 47   0     0.9644     1.0000     0.0356     0.9958     0.9958     0.0000
      Bond orders larger than 0.1000000
           Atom A     A.N. of A          Atom B    A.N. of B              Bond order
                0             6               1            6                1.101244
                0             6              18            1                0.962497
                0             6              19            1                0.967854
                0             6              20            1                0.966141
                1             6               2            6                1.093046
                1             6              21            1                0.945462
                1             6              22            1                0.944971
                2             6               3            6                1.079590
                2             6              23            1                0.940365
                2             6              24            1                0.943080
                3             6               4            6                1.103545
                3             6              25            1                0.937376
                3             6              26            1                0.931810
                4             6               5            6                1.107487
                4             6              27            1                0.926012
                4             6              28            1                0.909551
                5             6               6            6                1.108304
                5             6              29            1                0.912176
                5             6              30            1                0.903920
                6             6               7            6                1.118281
                6             6              31            1                0.922550
                6             6              32            1                0.916444
                7             6               8            6                1.067194
                7             6              33            1                0.928101
                7             6              34            1                0.923411
                8             6               9            6                1.085541
                8             6              35            1                0.930139
                8             6              36            1                0.937564
                9             6              10            6                1.090949
                9             6              37            1                0.923218
                9             6              38            1                0.920219
               10             6              11            6                1.083912
               10             6              39            1                0.925433
               10             6              40            1                0.927700
               11             6              12            7                0.954744
               11             6              41            1                0.943579
               11             6              42            1                0.936299
               12             7              13            6                1.191373
               12             7              43            1                0.916464
               13             6              14            8                2.036776
               13             6              15            6                0.907965
               15             6              16            6                1.048952
               15             6              17           35                1.074111
               15             6              44            1                0.910749
               16             6              45            1                0.962712
               16             6              46            1                0.952063
               16             6              47            1                0.961191
# -----------------------------------------------------------
$ Calculation_Info
   description: Details of the calculation
   geom. index: 1
   prop. index: 1
     Multiplicity:                          1
     Charge:                                0
     number of atoms:                       48
     number of electrons:                   0
     number of frozen core electrons:       1
     number of correlated electrons:        0
     number of basis functions:             420
     number of aux C basis functions:       0
     number of aux J basis functions:       1221
     number of aux JK basis functions:      0
     number of aux CABS basis functions:    0
     Total Energy                           -3292.327597
# -----------------------------------------------------------
$ SCF_Electric_Properties
   description: The SCF Calculated Electric Properties
   geom. index: 1
   prop. index: 1
       Filename                          : 112.scfp 
       Do Dipole Moment Calculation      : true 
       Do Quadrupole Moment Calculation  : false 
       Do Polarizability Calculation     : true 
** Dipole moment part of electric properties **
        Magnitude of dipole moment (Debye) :        4.8219697991
        Electronic Contribution:
                  0    
      0     126.615024
      1      13.917115
      2      31.817756
        Nuclear Contribution:
                  0    
      0     -127.283387
      1     -14.143825
      2     -33.578656
        Total Dipole moment:
                  0    
      0      -0.668363
      1      -0.226710
      2      -1.760900
** Polarizabilities part of electric properties **
        Isotropic polarizability :      191.9308743602
        The raw cartesian tensor (atomic units):
                  0          1          2    
      0     230.099687  -2.191499  16.966628
      1      -2.191499 166.379150  -2.645183
      2      16.966628  -2.645183 179.313785
        Diagonalised polarizability tensor :
                  0    
      0     165.830109
      1     174.597074
      2     235.365440
# -------------------------------------------------------------
----------------------- !GEOMETRIES! ------------------------
# -------------------------------------------------------------
------------------------ !GEOMETRY! -------------------------
    Number of atoms:    48 
    Geometry Index:     1 
    Coordinates:
               0 C     -6.649436000000    1.131817000000   -1.229767000000
               1 C     -5.239372000000    0.973243000000   -0.708275000000
               2 C     -5.034929000000   -0.416842000000   -0.105886000000
               3 C     -3.553179000000   -0.406271000000    0.373825000000
               4 C     -3.200247000000   -1.701525000000    0.987997000000
               5 C     -1.842904000000   -1.799287000000    1.515817000000
               6 C     -0.636100000000   -1.709781000000    0.711352000000
               7 C     -0.293208000000   -0.512239000000   -0.075243000000
               8 C      1.095577000000   -0.795999000000   -0.714033000000
               9 C      1.561471000000    0.344302000000   -1.548380000000
              10 C      1.727740000000    1.643539000000   -0.832098000000
              11 C      2.723973000000    1.569829000000    0.292329000000
              12 N      4.042021000000    1.192231000000   -0.165295000000
              13 C      5.072364000000    1.088539000000    0.806992000000
              14 O      4.857836000000    1.314689000000    2.025350000000
              15 C      6.460958000000    0.704661000000    0.421715000000
              16 C      6.494837000000   -0.658803000000   -0.222251000000
              17 Br     7.645897000000    0.713162000000    1.926769000000
              18 H     -6.647896000000    1.994999000000   -1.923509000000
              19 H     -7.027919000000    0.222260000000   -1.704592000000
              20 H     -7.322027000000    1.412468000000   -0.367805000000
              21 H     -5.011794000000    1.693528000000    0.093328000000
              22 H     -4.500387000000    1.058036000000   -1.535062000000
              23 H     -5.186967000000   -1.180407000000   -0.870728000000
              24 H     -5.714340000000   -0.527351000000    0.738906000000
              25 H     -3.012053000000   -0.113164000000   -0.517628000000
              26 H     -3.543760000000    0.377082000000    1.173552000000
              27 H     -3.481214000000   -2.579535000000    0.332065000000
              28 H     -3.933536000000   -1.838651000000    1.857478000000
              29 H     -1.743646000000   -1.084241000000    2.402072000000
              30 H     -1.769608000000   -2.816376000000    2.066650000000
              31 H     -0.514472000000   -2.608374000000    0.030064000000
              32 H      0.242779000000   -1.873524000000    1.432856000000
              33 H     -0.190464000000    0.417326000000    0.475895000000
              34 H     -0.913563000000   -0.329127000000   -0.989913000000
              35 H      1.029790000000   -1.689131000000   -1.368377000000
              36 H      1.839535000000   -0.992227000000    0.067330000000
              37 H      0.919930000000    0.514372000000   -2.448398000000
              38 H      2.554437000000    0.040392000000   -1.974769000000
              39 H      2.052229000000    2.436434000000   -1.539457000000
              40 H      0.753080000000    1.957924000000   -0.420122000000
              41 H      2.781850000000    2.573403000000    0.751591000000
              42 H      2.409355000000    0.824593000000    1.048332000000
              43 H      4.275433000000    0.993268000000   -1.163796000000
              44 H      6.850858000000    1.430361000000   -0.322368000000
              45 H      6.141752000000   -1.417788000000    0.518743000000
              46 H      5.885636000000   -0.700450000000   -1.144541000000
              47 H      7.543684000000   -0.871362000000   -0.501874000000
