-------------------------------------------------------------
----------------------- !PROPERTIES! ------------------------
-------------------------------------------------------------
# -------------------------------------------------------------
----------------------- !GEOMETRIES! ------------------------
# -------------------------------------------------------------
------------------------ !GEOMETRY! -------------------------
    Number of atoms:    93 
    Geometry Index:     1 
    Coordinates:
               0  C      4.982653000000    3.455255000000   -1.625533000000
               1  C      5.713449000000    3.070362000000   -0.337196000000
               2  C      7.147843000000    3.556532000000   -0.517657000000
               3  C      5.110508000000    3.771396000000    0.831801000000
               4  C      5.664293000000    1.604183000000   -0.183260000000
               5  C      4.442966000000    0.965667000000   -0.358272000000
               6  C      4.323936000000   -0.400515000000   -0.250746000000
               7  C      5.514812000000   -1.082920000000    0.044519000000
               8  C      6.716732000000   -0.496138000000    0.222622000000
               9  C      6.818001000000    0.866614000000    0.112541000000
              10  C      7.911082000000   -1.342391000000    0.529846000000
              11  C      7.683105000000   -2.128384000000    1.813371000000
              12  C      9.174345000000   -0.557367000000    0.631397000000
              13  C      8.034244000000   -2.339821000000   -0.594267000000
              14  O      5.431161000000   -2.469914000000    0.157410000000
              15  C      3.080299000000   -1.142867000000   -0.357268000000
              16  N      1.967958000000   -0.582820000000   -0.542143000000
              17  C      0.714141000000   -1.371877000000   -0.643695000000
              18  C      0.702046000000   -2.457226000000    0.365033000000
              19  C     -0.465440000000   -2.408469000000    1.299720000000
              20  C     -0.937463000000   -1.077553000000    1.755817000000
              21  C     -0.366490000000    0.053235000000    0.970123000000
              22  C     -0.481609000000   -0.403372000000   -0.509908000000
              23  N     -1.698785000000   -0.962592000000   -0.686094000000
              24  C     -2.744513000000   -1.478206000000   -0.848028000000
              25  C     -4.100350000000   -0.923859000000   -0.692450000000
              26  C     -4.335996000000    0.406901000000   -0.361954000000
              27  C     -5.575483000000    0.945572000000   -0.156821000000
              28  C     -6.653171000000    0.091858000000   -0.289446000000
              29  C     -6.501618000000   -1.238038000000   -0.612446000000
              30  C     -5.237512000000   -1.724522000000   -0.809365000000
              31  C     -7.679786000000   -2.128103000000   -0.735540000000
              32  C     -7.354706000000   -3.583844000000   -0.621305000000
              33  C     -8.277039000000   -1.831085000000   -2.114409000000
              34  C     -8.731726000000   -1.746543000000    0.303229000000
              35  C     -5.831613000000    2.359665000000    0.144807000000
              36  C     -7.335697000000    2.609071000000    0.330052000000
              37  C     -5.101697000000    2.943652000000    1.292577000000
              38  C     -5.426627000000    3.131665000000   -1.122365000000
              39  O     -3.222228000000    1.203156000000   -0.245147000000
              40  Co     0.000000000000    0.000000000000    0.000000000000
              41  H      3.897954000000    3.657874000000   -1.437880000000
              42  H      5.426193000000    4.419663000000   -1.961198000000
              43  H      5.161044000000    2.656076000000   -2.356509000000
              44  H      7.722256000000    3.493864000000    0.412941000000
              45  H      7.600340000000    3.077738000000   -1.384070000000
              46  H      7.062430000000    4.640947000000   -0.756811000000
              47  H      5.306470000000    3.193002000000    1.773812000000
              48  H      5.664376000000    4.756311000000    0.964584000000
              49  H      4.033255000000    3.953813000000    0.656150000000
              50  H      3.548947000000    1.523392000000   -0.584171000000
              51  H      7.751433000000    1.398245000000    0.240034000000
              52  H      7.156148000000   -1.550671000000    2.577283000000
              53  H      8.690063000000   -2.370047000000    2.220856000000
              54  H      7.210265000000   -3.130110000000    1.594798000000
              55  H      9.500492000000   -0.271500000000   -0.383199000000
              56  H      9.117348000000    0.320771000000    1.303233000000
              57  H      9.964627000000   -1.274608000000    0.989832000000
              58  H      7.501214000000   -1.941362000000   -1.493349000000
              59  H      7.549430000000   -3.314250000000   -0.383238000000
              60  H      9.099798000000   -2.440340000000   -0.929667000000
              61  H      3.098853000000   -2.247957000000   -0.295507000000
              62  H      0.685762000000   -1.772828000000   -1.656487000000
              63  H      1.661395000000   -2.460318000000    0.957811000000
              64  H      0.622314000000   -3.442587000000   -0.194446000000
              65  H     -0.094984000000   -2.994853000000    2.231032000000
              66  H     -1.279168000000   -3.090229000000    0.943411000000
              67  H     -0.713089000000   -0.957099000000    2.858825000000
              68  H     -2.059535000000   -1.072185000000    1.644176000000
              69  H      0.711026000000    0.201547000000    1.184167000000
              70  H     -0.913183000000    0.969014000000    1.157487000000
              71  H     -0.240176000000    0.514401000000   -1.135967000000
              72  H     -2.795214000000   -2.567495000000   -1.169762000000
              73  H     -7.650966000000    0.462058000000   -0.132678000000
              74  H     -5.102115000000   -2.760458000000   -1.057078000000
              75  H     -6.557037000000   -3.782643000000    0.108781000000
              76  H     -8.271485000000   -4.076640000000   -0.192842000000
              77  H     -7.207220000000   -4.018497000000   -1.617117000000
              78  H     -9.156290000000   -2.461446000000   -2.306412000000
              79  H     -8.538490000000   -0.753085000000   -2.083210000000
              80  H     -7.458668000000   -1.959391000000   -2.833360000000
              81  H     -9.188084000000   -2.682980000000    0.660979000000
              82  H     -8.241239000000   -1.273428000000    1.192830000000
              83  H     -9.512253000000   -1.107179000000   -0.131855000000
              84  H     -7.424315000000    3.685816000000    0.591066000000
              85  H     -7.896064000000    2.475112000000   -0.610650000000
              86  H     -7.702120000000    2.032807000000    1.183118000000
              87  H     -5.824810000000    3.389220000000    2.007273000000
              88  H     -4.461193000000    3.835120000000    0.980678000000
              89  H     -4.497087000000    2.232840000000    1.899855000000
              90  H     -6.075631000000    2.695648000000   -1.921085000000
              91  H     -4.402988000000    2.823061000000   -1.381362000000
              92  H     -5.554053000000    4.209490000000   -1.001419000000
