-------------------------------------------------------------
----------------------- !PROPERTIES! ------------------------
-------------------------------------------------------------
# -----------------------------------------------------------
$ SCF_Energy
   description: The SCF energy
   geom. index: 1
   prop. index: 1
        SCF Energy:    -2070.4074127720
# -----------------------------------------------------------
$ DFT_Energy
   description: The DFT energy
   geom. index: 1
   prop. index: 1
   Number of Alpha Electrons                157.0001074224 
   Number of Beta  Electrons                157.0001074224 
   Total number of  Electrons               314.0002148449 
   Exchange energy                         -212.9467925235 
   Correlation energy                       -12.7217452105 
   Correlation energy NL                      0.0000000000 
   Exchange-Correlation energy             -225.6685377341 
   Embedding correction                       0.0000000000 
   Total DFT Energy (No VdW correction)   -2070.4074127720 
# -----------------------------------------------------------
$ Mayer_Pop
   description: The Mayer population analysis
   geom. index: 1
   prop. index: 1
     Number of atoms                     : 79
     Threshold for printing              : 0.1000000
     Number of bond orders printed       : 81
  NA   - Mulliken gross atomic population
  ZA   - Total nuclear charge
  QA   - Mulliken gross atomic charge
  VA   - Mayer's total valence
  BVA  - Mayer's bonded valence
  FA   - Mayer's free valence
  ATOM       NA         ZA         QA         VA         BVA        FA
  0   0     5.8963     6.0000     0.1037     3.9842     3.9842    -0.0000
  1   0     7.2519     7.0000    -0.2519     3.1774     3.1774     0.0000
  2   0     5.9859     6.0000     0.0141     3.9697     3.9697     0.0000
  3   0     5.9411     6.0000     0.0589     4.0317     4.0317    -0.0000
  4   0     6.0259     6.0000    -0.0259     4.0406     4.0406    -0.0000
  5   0     5.8583     6.0000     0.1417     4.0135     4.0135     0.0000
  6   0     7.1219     7.0000    -0.1219     3.1808     3.1808     0.0000
  7   0     5.8361     6.0000     0.1639     4.2523     4.2523     0.0000
  8   0     8.3463     8.0000    -0.3463     2.1290     2.1290    -0.0000
  9   0     5.9344     6.0000     0.0656     3.9325     3.9325     0.0000
 10   0     5.9047     6.0000     0.0953     4.1205     4.1205    -0.0000
 11   0     7.2039     7.0000    -0.2039     3.2269     3.2269     0.0000
 12   0     5.8694     6.0000     0.1306     4.2936     4.2936     0.0000
 13   0     8.3321     8.0000    -0.3321     2.1688     2.1688    -0.0000
 14   0     5.8005     6.0000     0.1995     3.8459     3.8459     0.0000
 15   0     7.2291     7.0000    -0.2291     3.1977     3.1977    -0.0000
 16   0     5.9221     6.0000     0.0779     4.2962     4.2962     0.0000
 17   0     8.2780     8.0000    -0.2780     2.2221     2.2221    -0.0000
 18   0     5.9772     6.0000     0.0228     3.9963     3.9963     0.0000
 19   0     5.7136     6.0000     0.2864     3.9477     3.9477     0.0000
 20   0     8.3062     8.0000    -0.3062     2.2054     2.2054     0.0000
 21   0     5.8699     6.0000     0.1301     4.0688     4.0688    -0.0000
 22   0     7.2337     7.0000    -0.2337     3.0511     3.0511     0.0000
 23   0     5.9566     6.0000     0.0434     3.6904     3.6904    -0.0000
 24   0     6.0305     6.0000    -0.0305     3.9162     3.9162    -0.0000
 25   0     5.9761     6.0000     0.0239     3.7873     3.7873    -0.0000
 26   0     5.9584     6.0000     0.0416     3.8101     3.8101     0.0000
 27   0     6.0492     6.0000    -0.0492     3.7464     3.7464    -0.0000
 28   0     5.8273     6.0000     0.1727     4.0096     4.0096    -0.0000
 29   0     8.2241     8.0000    -0.2241     2.2253     2.2253    -0.0000
 30   0     8.1931     8.0000    -0.1931     2.0421     2.0421    -0.0000
 31   0     5.8604     6.0000     0.1396     4.1542     4.1542    -0.0000
 32   0     8.2786     8.0000    -0.2786     2.2334     2.2334     0.0000
 33   0     7.1965     7.0000    -0.1965     3.1434     3.1434    -0.0000
 34   0     5.9052     6.0000     0.0948     3.9530     3.9530     0.0000
 35   0     5.8960     6.0000     0.1040     4.0118     4.0118     0.0000
 36   0     6.0801     6.0000    -0.0801     4.1705     4.1705    -0.0000
 37   0     5.7707     6.0000     0.2293     3.9837     3.9837    -0.0000
 38   0     7.1745     7.0000    -0.1745     3.1808     3.1808     0.0000
 39   0     5.9004     6.0000     0.0996     4.2994     4.2994     0.0000
 40   0     8.2696     8.0000    -0.2696     2.2540     2.2540    -0.0000
 41   0     8.2133     8.0000    -0.2133     2.0144     2.0144     0.0000
 42   0     0.9977     1.0000     0.0023     0.9881     0.9881    -0.0000
 43   0     0.9707     1.0000     0.0293     1.0040     1.0040    -0.0000
 44   0     0.9925     1.0000     0.0075     0.9742     0.9742     0.0000
 45   0     0.8948     1.0000     0.1052     0.9991     0.9991     0.0000
 46   0     0.9969     1.0000     0.0031     0.9946     0.9946    -0.0000
 47   0     0.9527     1.0000     0.0473     1.0227     1.0227    -0.0000
 48   0     0.9839     1.0000     0.0161     1.0074     1.0074    -0.0000
 49   0     0.9720     1.0000     0.0280     0.9863     0.9863     0.0000
 50   0     0.9864     1.0000     0.0136     0.9991     0.9991     0.0000
 51   0     0.9957     1.0000     0.0043     0.9872     0.9872     0.0000
 52   0     0.9901     1.0000     0.0099     1.0018     1.0018     0.0000
 53   0     1.0229     1.0000    -0.0229     0.9930     0.9930     0.0000
 54   0     0.9660     1.0000     0.0340     0.9980     0.9980    -0.0000
 55   0     0.9443     1.0000     0.0557     1.0358     1.0358    -0.0000
 56   0     0.9907     1.0000     0.0093     0.9762     0.9762    -0.0000
 57   0     0.8626     1.0000     0.1374     0.9969     0.9969    -0.0000
 58   0     0.9457     1.0000     0.0543     1.0003     1.0003    -0.0000
 59   0     0.9472     1.0000     0.0528     1.0060     1.0060    -0.0000
 60   0     0.8511     1.0000     0.1489     1.0158     1.0158     0.0000
 61   0     0.9654     1.0000     0.0346     0.9860     0.9860     0.0000
 62   0     0.9676     1.0000     0.0324     0.9804     0.9804     0.0000
 63   0     0.9744     1.0000     0.0256     0.9994     0.9994    -0.0000
 64   0     1.0068     1.0000    -0.0068     1.0089     1.0089     0.0000
 65   0     1.0149     1.0000    -0.0149     0.9789     0.9789    -0.0000
 66   0     1.0126     1.0000    -0.0126     0.9783     0.9783     0.0000
 67   0     1.0366     1.0000    -0.0366     0.9909     0.9909    -0.0000
 68   0     0.7974     1.0000     0.2026     0.9898     0.9898    -0.0000
 69   0     0.8050     1.0000     0.1950     1.0002     1.0002     0.0000
 70   0     0.8831     1.0000     0.1169     1.0144     1.0144     0.0000
 71   0     0.9485     1.0000     0.0515     1.0400     1.0400     0.0000
 72   0     0.9810     1.0000     0.0190     0.9790     0.9790     0.0000
 73   0     1.0227     1.0000    -0.0227     0.9939     0.9939    -0.0000
 74   0     0.9759     1.0000     0.0241     0.9780     0.9780     0.0000
 75   0     0.9791     1.0000     0.0209     0.9766     0.9766    -0.0000
 76   0     0.9925     1.0000     0.0075     0.9792     0.9792    -0.0000
 77   0     0.9824     1.0000     0.0176     0.9850     0.9850    -0.0000
 78   0     0.7909     1.0000     0.2091     1.0098     1.0098    -0.0000
      Bond orders larger than 0.1000000
           Atom A     A.N. of A          Atom B    A.N. of B              Bond order
                0             6               1            7                1.028595
                0             6              42            1                0.965413
                0             6              43            1                0.945060
                0             6              44            1                0.964424
                1             7               2            6                1.091392
                1             7              45            1                0.943944
                2             6               3            6                1.060587
                2             6              31            6                0.901158
                2             6              46            1                0.883281
                3             6               4            6                1.115915
                3             6              47            1                0.918458
                3             6              48            1                0.892874
                4             6               5            6                1.087227
                4             6              49            1                0.897466
                4             6              50            1                0.916383
                5             6               6            7                0.993723
                5             6              51            1                0.921581
                5             6              52            1                0.913756
                6             7               7            6                1.110461
                6             7              30            8                0.958296
                7             6               8            8                1.902985
                7             6               9            6                1.049766
                9             6              10            6                1.099828
                9             6              53            1                0.894170
                9             6              54            1                0.880045
               10             6              11            7                1.019930
               10             6              55            1                0.915725
               10             6              56            1                0.936974
               11             7              12            6                1.203057
               11             7              57            1                0.902588
               12             6              13            8                1.909520
               12             6              14            6                0.992987
               14             6              15            7                0.975050
               14             6              58            1                0.924454
               14             6              59            1                0.918576
               15             7              16            6                1.213421
               15             7              60            1                0.884988
               16             6              17            8                2.021644
               16             6              18            6                0.933045
               18             6              19            6                1.061879
               18             6              22            7                1.065555
               18             6              61            1                0.868046
               19             6              20            8                0.977372
               19             6              62            1                0.935312
               19             6              63            1                0.928750
               20             8              21            6                1.131432
               21             6              22            7                1.838826
               21             6              23            6                0.971791
               23             6              24            6                1.415249
               23             6              28            6                1.324362
               24             6              25            6                1.370306
               24             6              64            1                0.982567
               25             6              26            6                1.359024
               25             6              65            1                0.990928
               26             6              27            6                1.358390
               26             6              66            1                0.988028
               27             6              28            6                1.313270
               27             6              67            1                0.993445
               28             6              29            8                1.232383
               29             8              68            1                0.930276
               30             8              69            1                0.951910
               31             6              32            8                2.005970
               31             6              33            7                1.139802
               33             7              34            6                0.976390
               33             7              70            1                0.907801
               34             6              35            6                1.055400
               34             6              39            6                0.958589
               34             6              71            1                0.870339
               35             6              36            6                1.106781
               35             6              72            1                0.921143
               35             6              73            1                0.895456
               36             6              37            6                1.087737
               36             6              74            1                0.929695
               36             6              75            1                0.930615
               37             6              38            7                0.959563
               37             6              76            1                0.928263
               37             6              77            1                0.933264
               38             7              39            6                1.124316
               38             7              41            8                0.960599
               39             6              40            8                2.059334
               41             8              78            1                0.929362
# -----------------------------------------------------------
$ Calculation_Info
   description: Details of the calculation
   geom. index: 1
   prop. index: 1
     Multiplicity:                          1
     Charge:                                0
     number of atoms:                       79
     number of electrons:                   0
     number of frozen core electrons:       1
     number of correlated electrons:        0
     number of basis functions:             773
     number of aux C basis functions:       0
     number of aux J basis functions:       2465
     number of aux JK basis functions:      0
     number of aux CABS basis functions:    0
     Total Energy                           -2070.407413
# -----------------------------------------------------------
$ SCF_Electric_Properties
   description: The SCF Calculated Electric Properties
   geom. index: 1
   prop. index: 1
       Filename                          : 165.scfp 
       Do Dipole Moment Calculation      : true 
       Do Quadrupole Moment Calculation  : false 
       Do Polarizability Calculation     : true 
** Dipole moment part of electric properties **
        Magnitude of dipole moment (Debye) :        9.5265426449
        Electronic Contribution:
                  0    
      0      38.419298
      1       2.476929
      2       4.176893
        Nuclear Contribution:
                  0    
      0     -37.018899
      1      -4.849863
      2      -6.717607
        Total Dipole moment:
                  0    
      0       1.400399
      1      -2.372934
      2      -2.540714
** Polarizabilities part of electric properties **
        Isotropic polarizability :      363.8991827169
        The raw cartesian tensor (atomic units):
                  0          1          2    
      0     467.995492  -6.216150   6.574859
      1      -6.216150 275.613034 -15.074701
      2       6.574859 -15.074701 348.089022
        Diagonalised polarizability tensor :
                  0    
      0     272.483902
      1     350.600262
      2     468.613384
# -------------------------------------------------------------
----------------------- !GEOMETRIES! ------------------------
# -------------------------------------------------------------
------------------------ !GEOMETRY! -------------------------
    Number of atoms:    79 
    Geometry Index:     1 
    Coordinates:
               0 C     -3.413451000000    0.693677000000    3.185389000000
               1 N     -2.666082000000   -0.130140000000    2.299681000000
               2 C     -3.186148000000   -0.014259000000    0.917929000000
               3 C     -3.010324000000    1.411169000000    0.545945000000
               4 C     -3.428226000000    1.871968000000   -0.773996000000
               5 C     -2.793244000000    1.412704000000   -2.019038000000
               6 N     -1.442628000000    1.795538000000   -2.259186000000
               7 C     -0.287552000000    1.076905000000   -1.938802000000
               8 O      0.876594000000    1.634430000000   -2.202208000000
               9 C     -0.195555000000   -0.235889000000   -1.360003000000
              10 C      0.355284000000   -0.468258000000   -0.023730000000
              11 N      1.669371000000    0.024598000000    0.263813000000
              12 C      2.023939000000    1.383139000000    0.464446000000
              13 O      1.117237000000    2.298592000000    0.423284000000
              14 C      3.398403000000    1.845572000000    0.720712000000
              15 N      4.353471000000    0.791651000000    0.834362000000
              16 C      4.341602000000   -0.192165000000    1.851150000000
              17 O      3.463459000000   -0.179326000000    2.738002000000
              18 C      5.374501000000   -1.239083000000    1.864227000000
              19 C      6.255076000000   -1.167137000000    3.080292000000
              20 O      7.539566000000   -1.196857000000    2.537936000000
              21 C      7.514770000000   -1.105682000000    1.159963000000
              22 N      6.295994000000   -1.129045000000    0.768006000000
              23 C      8.710811000000   -0.999637000000    0.283453000000
              24 C      8.596909000000   -0.915531000000   -1.085186000000
              25 C      9.691247000000   -0.809350000000   -1.929286000000
              26 C     10.949635000000   -0.787657000000   -1.374061000000
              27 C     11.092496000000   -0.871269000000    0.004559000000
              28 C      9.980920000000   -0.976680000000    0.825144000000
              29 O     10.141467000000   -1.059161000000    2.195604000000
              30 O     -1.210574000000    3.027905000000   -2.893972000000
              31 C     -4.568527000000   -0.532069000000    0.892858000000
              32 O     -5.114834000000   -0.951506000000    1.947189000000
              33 N     -5.356426000000   -0.594945000000   -0.283109000000
              34 C     -6.713162000000   -1.117867000000   -0.232274000000
              35 C     -7.040523000000   -2.068103000000   -1.321485000000
              36 C     -8.499584000000   -1.957124000000   -1.705654000000
              37 C     -8.845568000000   -0.595444000000   -2.276262000000
              38 N     -8.377182000000    0.443888000000   -1.384224000000
              39 C     -7.614315000000    0.091231000000   -0.242986000000
              40 O     -7.664661000000    0.781266000000    0.806071000000
              41 O     -8.663944000000    1.742595000000   -1.632659000000
              42 H     -3.565545000000    0.129389000000    4.146801000000
              43 H     -4.400431000000    1.013627000000    2.825808000000
              44 H     -2.769164000000    1.589005000000    3.432312000000
              45 H     -2.631493000000   -1.135662000000    2.580076000000
              46 H     -2.521238000000   -0.697526000000    0.337003000000
              47 H     -1.928656000000    1.676428000000    0.681126000000
              48 H     -3.547171000000    2.015072000000    1.326342000000
              49 H     -3.201080000000    3.021742000000   -0.757644000000
              50 H     -4.556145000000    1.932508000000   -0.898768000000
              51 H     -2.892534000000    0.282772000000   -2.155837000000
              52 H     -3.398647000000    1.839327000000   -2.886573000000
              53 H     -1.212505000000   -0.724987000000   -1.446866000000
              54 H      0.464184000000   -0.893104000000   -2.096524000000
              55 H     -0.319798000000   -0.055140000000    0.798004000000
              56 H      0.403347000000   -1.585798000000    0.214969000000
              57 H      2.493312000000   -0.666512000000    0.320914000000
              58 H      3.676076000000    2.489488000000   -0.165667000000
              59 H      3.438136000000    2.550608000000    1.600658000000
              60 H      5.138497000000    0.715122000000    0.119947000000
              61 H      4.889019000000   -2.259918000000    1.776346000000
              62 H      6.025459000000   -2.032619000000    3.755595000000
              63 H      6.031084000000   -0.186774000000    3.596872000000
              64 H      7.581314000000   -0.935755000000   -1.502165000000
              65 H      9.507089000000   -0.746673000000   -3.003351000000
              66 H     11.785525000000   -0.702727000000   -2.060777000000
              67 H     12.108033000000   -0.849431000000    0.405111000000
              68 H     11.075704000000   -1.038737000000    2.572522000000
              69 H     -0.893655000000    2.849881000000   -3.811784000000
              70 H     -5.018097000000   -0.300568000000   -1.202163000000
              71 H     -6.926590000000   -1.597130000000    0.762508000000
              72 H     -6.877807000000   -3.133904000000   -1.035156000000
              73 H     -6.466467000000   -1.800500000000   -2.239469000000
              74 H     -9.126746000000   -2.204462000000   -0.837631000000
              75 H     -8.726284000000   -2.690270000000   -2.522597000000
              76 H     -8.387308000000   -0.469557000000   -3.273810000000
              77 H     -9.954735000000   -0.538617000000   -2.282917000000
              78 H     -8.944926000000    2.137093000000   -0.745105000000
