-------------------------------------------------------------
----------------------- !PROPERTIES! ------------------------
-------------------------------------------------------------
# -----------------------------------------------------------
$ SCF_Energy
   description: The SCF energy
   geom. index: 1
   prop. index: 1
        SCF Energy:    -1068.5555593859
# -----------------------------------------------------------
$ DFT_Energy
   description: The DFT energy
   geom. index: 1
   prop. index: 1
   Number of Alpha Electrons                 85.0000168070 
   Number of Beta  Electrons                 85.0000168070 
   Total number of  Electrons               170.0000336140 
   Exchange energy                         -113.4491758754 
   Correlation energy                        -6.8482634771 
   Correlation energy NL                      0.0000000000 
   Exchange-Correlation energy             -120.2974393525 
   Embedding correction                       0.0000000000 
   Total DFT Energy (No VdW correction)   -1068.5555593859 
# -----------------------------------------------------------
$ Mayer_Pop
   description: The Mayer population analysis
   geom. index: 1
   prop. index: 1
     Number of atoms                     : 42
     Threshold for printing              : 0.1000000
     Number of bond orders printed       : 44
  NA   - Mulliken gross atomic population
  ZA   - Total nuclear charge
  QA   - Mulliken gross atomic charge
  VA   - Mayer's total valence
  BVA  - Mayer's bonded valence
  FA   - Mayer's free valence
  ATOM       NA         ZA         QA         VA         BVA        FA
  0   0     5.8501     6.0000     0.1499     3.8923     3.8923     0.0000
  1   0     7.2579     7.0000    -0.2579     3.2550     3.2550    -0.0000
  2   0     5.8958     6.0000     0.1042     3.9352     3.9352    -0.0000
  3   0     6.0990     6.0000    -0.0990     3.8968     3.8968    -0.0000
  4   0     5.9697     6.0000     0.0303     3.7526     3.7526    -0.0000
  5   0     5.9526     6.0000     0.0474     3.8480     3.8480    -0.0000
  6   0     5.9993     6.0000     0.0007     3.8662     3.8662     0.0000
  7   0     5.9864     6.0000     0.0136     3.8314     3.8314    -0.0000
  8   0     5.9892     6.0000     0.0108     3.8422     3.8422     0.0000
  9   0     5.9834     6.0000     0.0166     3.8287     3.8287    -0.0000
 10   0     5.8493     6.0000     0.1507     4.2159     4.2159     0.0000
 11   0     8.2659     8.0000    -0.2659     2.2805     2.2805     0.0000
 12   0     7.2044     7.0000    -0.2044     3.1680     3.1680    -0.0000
 13   0     5.8440     6.0000     0.1560     3.9592     3.9592    -0.0000
 14   0     5.8824     6.0000     0.1176     4.1880     4.1880     0.0000
 15   0     8.3144     8.0000    -0.3144     2.2013     2.2013    -0.0000
 16   0     5.9432     6.0000     0.0568     3.9045     3.9045     0.0000
 17   0     6.0214     6.0000    -0.0214     3.7540     3.7540     0.0000
 18   0     6.0530     6.0000    -0.0530     3.8356     3.8356    -0.0000
 19   0     5.9595     6.0000     0.0405     3.7757     3.7757     0.0000
 20   0     5.9665     6.0000     0.0335     3.7957     3.7957     0.0000
 21   0     6.0324     6.0000    -0.0324     3.8071     3.8071     0.0000
 22   0     5.8391     6.0000     0.1609     4.0518     4.0518     0.0000
 23   0     8.2775     8.0000    -0.2775     2.1885     2.1885    -0.0000
 24   0     0.9646     1.0000     0.0354     0.9967     0.9967    -0.0000
 25   0     0.9621     1.0000     0.0379     1.0207     1.0207    -0.0000
 26   0     0.9522     1.0000     0.0478     0.9976     0.9976     0.0000
 27   0     0.9601     1.0000     0.0399     1.0197     1.0197     0.0000
 28   0     1.0255     1.0000    -0.0255     0.9846     0.9846    -0.0000
 29   0     1.0192     1.0000    -0.0192     0.9753     0.9753     0.0000
 30   0     1.0180     1.0000    -0.0180     0.9765     0.9765     0.0000
 31   0     1.0192     1.0000    -0.0192     0.9761     0.9761    -0.0000
 32   0     1.0166     1.0000    -0.0166     0.9861     0.9861    -0.0000
 33   0     0.8276     1.0000     0.1724     1.0054     1.0054    -0.0000
 34   0     0.9576     1.0000     0.0424     0.9782     0.9782    -0.0000
 35   0     0.9345     1.0000     0.0655     1.0268     1.0268     0.0000
 36   0     1.0082     1.0000    -0.0082     1.0034     1.0034    -0.0000
 37   0     1.0313     1.0000    -0.0313     0.9870     0.9870    -0.0000
 38   0     1.0280     1.0000    -0.0280     0.9773     0.9773     0.0000
 39   0     1.0175     1.0000    -0.0175     0.9779     0.9779    -0.0000
 40   0     1.0216     1.0000    -0.0216     0.9959     0.9959     0.0000
 41   0     0.8001     1.0000     0.1999     1.0050     1.0050     0.0000
      Bond orders larger than 0.1000000
           Atom A     A.N. of A          Atom B    A.N. of B              Bond order
                0             6               1            7                0.975258
                0             6              24            1                0.958435
                0             6              25            1                0.917637
                0             6              26            1                0.953652
                1             7               2            6                1.014714
                1             7              14            6                1.140610
                2             6               3            6                1.882765
                2             6              10            6                0.915482
                3             6               4            6                0.946043
                3             6              27            1                0.916280
                4             6               5            6                1.349830
                4             6               9            6                1.368535
                5             6               6            6                1.387762
                5             6              28            1                0.997171
                6             6               7            6                1.383052
                6             6              29            1                0.982317
                7             6               8            6                1.376460
                7             6              30            1                0.994000
                8             6               9            6                1.375001
                8             6              31            1                0.979987
                9             6              32            1                0.999051
               10             6              11            8                2.063879
               10             6              12            7                1.181872
               12             7              13            6                0.991315
               12             7              33            1                0.880498
               13             6              14            6                0.946006
               13             6              16            6                1.093664
               13             6              34            1                0.833135
               14             6              15            8                1.920552
               16             6              17            6                0.994207
               16             6              35            1                0.883105
               16             6              36            1                0.901250
               17             6              18            6                1.375237
               17             6              22            6                1.348565
               18             6              19            6                1.338869
               18             6              37            1                0.992595
               19             6              20            6                1.376243
               19             6              38            1                0.985718
               20             6              21            6                1.358357
               20             6              39            1                0.988101
               21             6              22            6                1.368554
               21             6              40            1                0.993481
               22             6              23            8                1.177902
               23             8              41            1                0.931179
# -----------------------------------------------------------
$ Calculation_Info
   description: Details of the calculation
   geom. index: 1
   prop. index: 1
     Multiplicity:                          1
     Charge:                                0
     number of atoms:                       42
     number of electrons:                   0
     number of frozen core electrons:       1
     number of correlated electrons:        0
     number of basis functions:             426
     number of aux C basis functions:       0
     number of aux J basis functions:       1374
     number of aux JK basis functions:      0
     number of aux CABS basis functions:    0
     Total Energy                           -1068.555559
# -----------------------------------------------------------
$ SCF_Electric_Properties
   description: The SCF Calculated Electric Properties
   geom. index: 1
   prop. index: 1
       Filename                          : 70.scfp 
       Do Dipole Moment Calculation      : true 
       Do Quadrupole Moment Calculation  : false 
       Do Polarizability Calculation     : true 
** Dipole moment part of electric properties **
        Magnitude of dipole moment (Debye) :        1.9490615522
        Electronic Contribution:
                  0    
      0      -4.164059
      1      -3.876635
      2      -0.638148
        Nuclear Contribution:
                  0    
      0       4.686434
      1       4.419663
      2       0.780394
        Total Dipole moment:
                  0    
      0       0.522375
      1       0.543028
      2       0.142246
** Polarizabilities part of electric properties **
        Isotropic polarizability :      229.7752082645
        The raw cartesian tensor (atomic units):
                  0          1          2    
      0     342.529896  10.666921 -13.387095
      1      10.666921 178.282071  -8.684973
      2     -13.387095  -8.684973 168.513658
        Diagonalised polarizability tensor :
                  0    
      0     163.205322
      1     181.796174
      2     344.324129
# -------------------------------------------------------------
----------------------- !GEOMETRIES! ------------------------
# -------------------------------------------------------------
------------------------ !GEOMETRY! -------------------------
    Number of atoms:    42 
    Geometry Index:     1 
    Coordinates:
               0 C      2.297957000000    1.446889000000   -0.014318000000
               1 N      1.216280000000    0.507213000000    0.062806000000
               2 C      1.343994000000   -0.892503000000   -0.125861000000
               3 C      2.503479000000   -1.467443000000   -0.280093000000
               4 C      3.765396000000   -0.826570000000   -0.272353000000
               5 C      4.310776000000   -0.270963000000    0.827614000000
               6 C      5.545498000000    0.304503000000    0.798644000000
               7 C      6.310831000000    0.355219000000   -0.353391000000
               8 C      5.716989000000   -0.225055000000   -1.463716000000
               9 C      4.477139000000   -0.804859000000   -1.436893000000
              10 C      0.113537000000   -1.725566000000   -0.080296000000
              11 O      0.253746000000   -2.971269000000   -0.251192000000
              12 N     -1.161299000000   -1.167003000000    0.141609000000
              13 C     -1.309617000000    0.182689000000    0.548042000000
              14 C     -0.124144000000    0.970300000000    0.289921000000
              15 O     -0.279101000000    2.250284000000    0.257799000000
              16 C     -2.473802000000    0.888806000000   -0.107684000000
              17 C     -3.783742000000    0.314869000000    0.145816000000
              18 C     -3.997079000000   -0.573892000000    1.155433000000
              19 C     -5.263741000000   -1.073257000000    1.346850000000
              20 C     -6.324834000000   -0.698745000000    0.543119000000
              21 C     -6.128647000000    0.198432000000   -0.481925000000
              22 C     -4.843646000000    0.687029000000   -0.654306000000
              23 O     -4.658273000000    1.605994000000   -1.708021000000
              24 H      2.648550000000    1.855577000000    0.941847000000
              25 H      1.751733000000    2.415137000000   -0.382528000000
              26 H      2.975211000000    1.383547000000   -0.854496000000
              27 H      2.503835000000   -2.567756000000   -0.426629000000
              28 H      3.798073000000   -0.250984000000    1.806132000000
              29 H      6.005831000000    0.764038000000    1.689829000000
              30 H      7.298459000000    0.814672000000   -0.393989000000
              31 H      6.318560000000   -0.186653000000   -2.384320000000
              32 H      4.069805000000   -1.250897000000   -2.371605000000
              33 H     -1.996738000000   -1.818552000000   -0.018735000000
              34 H     -1.480707000000    0.192829000000    1.662966000000
              35 H     -2.385631000000    1.974106000000    0.153585000000
              36 H     -2.308392000000    0.850955000000   -1.224599000000
              37 H     -3.191413000000   -0.884935000000    1.807514000000
              38 H     -5.463724000000   -1.784340000000    2.145305000000
              39 H     -7.333449000000   -1.087745000000    0.682488000000
              40 H     -6.922216000000    0.530064000000   -1.153687000000
              41 H     -3.795484000000    2.035835000000   -1.942244000000
