-------------------------------------------------------------
----------------------- !PROPERTIES! ------------------------
-------------------------------------------------------------
# -----------------------------------------------------------
$ SCF_Energy
   description: The SCF energy
   geom. index: 1
   prop. index: 1
        SCF Energy:    -1148.4992943595
# -----------------------------------------------------------
$ DFT_Energy
   description: The DFT energy
   geom. index: 1
   prop. index: 1
   Number of Alpha Electrons                 90.9999477047 
   Number of Beta  Electrons                 90.9999477047 
   Total number of  Electrons               181.9998954094 
   Exchange energy                         -121.9321227385 
   Correlation energy                        -7.3487936997 
   Correlation energy NL                      0.0000000000 
   Exchange-Correlation energy             -129.2809164382 
   Embedding correction                       0.0000000000 
   Total DFT Energy (No VdW correction)   -1148.4992943595 
# -----------------------------------------------------------
$ Mayer_Pop
   description: The Mayer population analysis
   geom. index: 1
   prop. index: 1
     Number of atoms                     : 44
     Threshold for printing              : 0.1000000
     Number of bond orders printed       : 48
  NA   - Mulliken gross atomic population
  ZA   - Total nuclear charge
  QA   - Mulliken gross atomic charge
  VA   - Mayer's total valence
  BVA  - Mayer's bonded valence
  FA   - Mayer's free valence
  ATOM       NA         ZA         QA         VA         BVA        FA
  0   0     5.9085     6.0000     0.0915     3.8960     3.8960    -0.0000
  1   0     6.0224     6.0000    -0.0224     3.9101     3.9101     0.0000
  2   0     6.0776     6.0000    -0.0776     3.7978     3.7978    -0.0000
  3   0     5.7484     6.0000     0.2516     3.8893     3.8893    -0.0000
  4   0     6.1163     6.0000    -0.1163     3.7529     3.7529    -0.0000
  5   0     5.7704     6.0000     0.2296     3.8975     3.8975     0.0000
  6   0     6.0638     6.0000    -0.0638     3.8356     3.8356    -0.0000
  7   0     8.2715     8.0000    -0.2715     2.2154     2.2154     0.0000
  8   0     5.7474     6.0000     0.2526     3.8851     3.8851    -0.0000
  9   0     6.1387     6.0000    -0.1387     3.7718     3.7718    -0.0000
 10   0     5.9891     6.0000     0.0109     3.8545     3.8545    -0.0000
 11   0     6.1200     6.0000    -0.1200     3.8112     3.8112    -0.0000
 12   0     5.7528     6.0000     0.2472     3.8659     3.8659     0.0000
 13   0     6.1488     6.0000    -0.1488     3.8291     3.8291    -0.0000
 14   0     5.7122     6.0000     0.2878     3.9927     3.9927     0.0000
 15   0     6.0931     6.0000    -0.0931     3.9634     3.9634    -0.0000
 16   0     6.1240     6.0000    -0.1240     3.9652     3.9652     0.0000
 17   0     5.5524     6.0000     0.4476     3.8461     3.8461     0.0000
 18   0     8.3459     8.0000    -0.3459     2.1357     2.1357    -0.0000
 19   0     6.0743     6.0000    -0.0743     3.8165     3.8165    -0.0000
 20   0     5.9353     6.0000     0.0647     3.7524     3.7524    -0.0000
 21   0     6.0646     6.0000    -0.0646     3.8239     3.8239    -0.0000
 22   0     5.7736     6.0000     0.2264     3.7926     3.7926     0.0000
 23   0     8.2816     8.0000    -0.2816     2.2505     2.2505    -0.0000
 24   0     5.9066     6.0000     0.0934     3.8867     3.8867    -0.0000
 25   0     8.2522     8.0000    -0.2522     2.1788     2.1788     0.0000
 26   0     0.9906     1.0000     0.0094     0.9993     0.9993     0.0000
 27   0     0.9704     1.0000     0.0296     0.9893     0.9893    -0.0000
 28   0     0.9709     1.0000     0.0291     0.9890     0.9890    -0.0000
 29   0     1.0466     1.0000    -0.0466     1.0015     1.0015    -0.0000
 30   0     1.0569     1.0000    -0.0569     1.0018     1.0018    -0.0000
 31   0     1.0437     1.0000    -0.0437     0.9986     0.9986    -0.0000
 32   0     1.0402     1.0000    -0.0402     1.0009     1.0009    -0.0000
 33   0     1.0428     1.0000    -0.0428     0.9984     0.9984     0.0000
 34   0     1.0140     1.0000    -0.0140     0.9730     0.9730    -0.0000
 35   0     0.9875     1.0000     0.0125     0.9907     0.9907     0.0000
 36   0     1.0076     1.0000    -0.0076     0.9907     0.9907     0.0000
 37   0     1.0482     1.0000    -0.0482     0.9820     0.9820     0.0000
 38   0     1.0227     1.0000    -0.0227     0.9788     0.9788    -0.0000
 39   0     1.0371     1.0000    -0.0371     0.9877     0.9877     0.0000
 40   0     0.9653     1.0000     0.0347     0.9879     0.9879     0.0000
 41   0     0.9817     1.0000     0.0183     0.9976     0.9976    -0.0000
 42   0     0.9837     1.0000     0.0163     0.9959     0.9959    -0.0000
 43   0     0.7984     1.0000     0.2016     0.9893     0.9893    -0.0000
      Bond orders larger than 0.1000000
           Atom A     A.N. of A          Atom B    A.N. of B              Bond order
                0             6               1            6                1.057295
                0             6              26            1                0.959198
                0             6              27            1                0.953665
                0             6              28            1                0.952589
                1             6               2            6                1.373613
                1             6               6            6                1.338296
                2             6               3            6                1.318828
                2             6              29            1                1.003483
                3             6               4            6                1.290742
                3             6              25            8                1.154227
                4             6               5            6                1.334337
                4             6              30            1                1.005048
                5             6               6            6                1.382120
                5             6               7            8                0.972237
                6             6              31            1                1.005654
                7             8               8            6                1.128273
                8             6               9            6                1.317466
                8             6              13            6                1.346231
                9             6              10            6                1.312523
                9             6              32            1                0.995427
               10             6              11            6                1.366262
               10             6              24            6                1.052416
               11             6              12            6                1.306619
               11             6              33            1                1.000382
               12             6              13            6                1.386465
               12             6              23            8                1.063358
               13             6              14            6                0.977750
               14             6              15            6                0.980064
               14             6              18            8                1.072853
               14             6              34            1                0.837636
               15             6              16            6                1.394692
               15             6              22            6                1.378868
               16             6              17            6                1.022360
               16             6              19            6                1.388776
               17             6              18            8                0.979077
               17             6              35            1                0.933554
               17             6              36            1                0.853898
               19             6              20            6                1.330360
               19             6              37            1                1.000912
               20             6              21            6                1.376046
               20             6              38            1                0.990449
               21             6              22            6                1.312242
               21             6              39            1                1.001327
               22             6              23            8                1.062556
               24             6              40            1                0.951074
               24             6              41            1                0.957690
               24             6              42            1                0.955241
               25             8              43            1                0.934475
# -----------------------------------------------------------
$ Calculation_Info
   description: Details of the calculation
   geom. index: 1
   prop. index: 1
     Multiplicity:                          1
     Charge:                                0
     number of atoms:                       44
     number of electrons:                   0
     number of frozen core electrons:       1
     number of correlated electrons:        0
     number of basis functions:             454
     number of aux C basis functions:       0
     number of aux J basis functions:       1472
     number of aux JK basis functions:      0
     number of aux CABS basis functions:    0
     Total Energy                           -1148.499294
# -----------------------------------------------------------
$ SCF_Electric_Properties
   description: The SCF Calculated Electric Properties
   geom. index: 1
   prop. index: 1
       Filename                          : 76.scfp 
       Do Dipole Moment Calculation      : true 
       Do Quadrupole Moment Calculation  : false 
       Do Polarizability Calculation     : true 
** Dipole moment part of electric properties **
        Magnitude of dipole moment (Debye) :        1.6340552701
        Electronic Contribution:
                  0    
      0     -11.018650
      1      -4.395087
      2      -4.751254
        Nuclear Contribution:
                  0    
      0      11.234741
      1       4.447371
      2       4.148048
        Total Dipole moment:
                  0    
      0       0.216091
      1       0.052284
      2      -0.603206
** Polarizabilities part of electric properties **
        Isotropic polarizability :      246.5444098629
        The raw cartesian tensor (atomic units):
                  0          1          2    
      0     325.761029  21.899771   0.045451
      1      21.899771 241.218953   5.995996
      2       0.045451   5.995996 172.653247
        Diagonalised polarizability tensor :
                  0    
      0     172.109585
      1     236.412956
      2     331.110689
# -------------------------------------------------------------
----------------------- !GEOMETRIES! ------------------------
# -------------------------------------------------------------
------------------------ !GEOMETRY! -------------------------
    Number of atoms:    44 
    Geometry Index:     1 
    Coordinates:
               0 C      5.048944000000   -0.473878000000    2.359081000000
               1 C      4.339367000000   -0.371510000000    1.039878000000
               2 C      5.052035000000   -0.172657000000   -0.127732000000
               3 C      4.396878000000   -0.077419000000   -1.351732000000
               4 C      3.021332000000   -0.183291000000   -1.394632000000
               5 C      2.280283000000   -0.383096000000   -0.238129000000
               6 C      2.973206000000   -0.470367000000    0.945241000000
               7 O      0.911934000000   -0.493862000000   -0.235836000000
               8 C      0.030755000000    0.536769000000   -0.101934000000
               9 C      0.454819000000    1.834196000000    0.049137000000
              10 C     -0.399188000000    2.905623000000    0.187719000000
              11 C     -1.747581000000    2.642593000000    0.173766000000
              12 C     -2.239166000000    1.339036000000    0.024869000000
              13 C     -1.325798000000    0.286140000000   -0.116541000000
              14 C     -1.758814000000   -1.068201000000   -0.399619000000
              15 C     -3.222645000000   -1.163167000000   -0.212444000000
              16 C     -3.497795000000   -2.497511000000   -0.318308000000
              17 C     -2.171228000000   -3.181146000000   -0.360997000000
              18 O     -1.344665000000   -2.158804000000    0.282059000000
              19 C     -4.845630000000   -2.839532000000   -0.298537000000
              20 C     -5.801119000000   -1.822583000000   -0.172366000000
              21 C     -5.445710000000   -0.491068000000   -0.064507000000
              22 C     -4.094943000000   -0.129093000000   -0.081202000000
              23 O     -3.628715000000    1.175015000000    0.041570000000
              24 C      0.129800000000    4.290797000000    0.345839000000
              25 O      5.142504000000    0.120612000000   -2.490603000000
              26 H      6.126017000000   -0.387557000000    2.176252000000
              27 H      4.818744000000   -1.429410000000    2.864923000000
              28 H      4.690214000000    0.336762000000    3.030666000000
              29 H      6.127472000000   -0.090873000000   -0.086006000000
              30 H      2.506693000000   -0.109551000000   -2.347239000000
              31 H      2.422566000000   -0.626961000000    1.871800000000
              32 H      1.524372000000    2.028129000000    0.060160000000
              33 H     -2.440843000000    3.485888000000    0.283113000000
              34 H     -1.523771000000   -1.259384000000   -1.515654000000
              35 H     -2.135143000000   -4.094340000000    0.236381000000
              36 H     -1.809083000000   -3.282180000000   -1.395109000000
              37 H     -5.089064000000   -3.879438000000   -0.381889000000
              38 H     -6.839290000000   -2.124501000000   -0.162654000000
              39 H     -6.200839000000    0.261169000000    0.031612000000
              40 H      0.410667000000    4.741622000000   -0.615713000000
              41 H     -0.612515000000    4.879138000000    0.913330000000
              42 H      1.057334000000    4.203152000000    0.945304000000
              43 H      4.707606000000    0.194736000000   -3.393319000000
