-------------------------------------------------------------
----------------------- !PROPERTIES! ------------------------
-------------------------------------------------------------
# -------------------------------------------------------------
----------------------- !GEOMETRIES! ------------------------
# -------------------------------------------------------------
------------------------ !GEOMETRY! -------------------------
    Number of atoms:    87 
    Geometry Index:     1 
    Coordinates:
               0  C      8.915427000000   -0.092631000000    2.849516000000
               1  C      9.510679000000   -0.172747000000    1.530217000000
               2  C      8.931255000000   -0.291111000000    0.391201000000
               3  C      7.541191000000   -0.383521000000    0.032571000000
               4  C      6.545681000000   -0.441714000000    1.133629000000
               5  C      5.186703000000   -0.513213000000    0.417230000000
               6  C      4.301822000000    0.444111000000    0.635119000000
               7  C      2.983121000000    0.392180000000   -0.047554000000
               8  C      1.839550000000    0.359509000000    0.965662000000
               9  C      0.524914000000    0.305474000000    0.244743000000
              10  C     -0.405536000000   -0.618612000000    0.318672000000
              11  C     -1.535196000000   -0.258724000000   -0.569853000000
              12  C     -1.678297000000   -1.336180000000   -1.545424000000
              13  C     -2.651502000000   -2.281136000000   -1.486686000000
              14  C     -2.761335000000   -3.282922000000   -2.416604000000
              15  C     -1.863999000000   -3.352837000000   -3.455000000000
              16  C     -0.855450000000   -2.412826000000   -3.557338000000
              17  C     -0.769100000000   -1.423959000000   -2.614912000000
              18  O      0.059472000000   -2.492178000000   -4.623804000000
              19  O     -3.581195000000   -2.247261000000   -0.444566000000
              20  C     -3.506158000000   -1.246960000000    0.529626000000
              21  O     -4.070567000000   -1.514527000000    1.613815000000
              22  C     -2.813085000000   -0.009069000000    0.251211000000
              23  C     -2.345739000000    0.689608000000    1.495678000000
              24  C     -3.241764000000    1.059547000000    2.576177000000
              25  C     -4.373167000000    1.963201000000    2.385500000000
              26  C     -4.373214000000    3.204971000000    2.911570000000
              27  C     -3.209258000000    3.703901000000    3.712410000000
              28  C     -5.528792000000    4.084438000000    2.693987000000
              29  C     -3.587672000000    0.984861000000   -0.599357000000
              30  C     -3.934138000000    0.509355000000   -1.939471000000
              31  O     -3.128323000000    0.663562000000   -2.881364000000
              32  C     -5.199567000000   -0.140788000000   -2.201865000000
              33  C     -5.469904000000   -0.583659000000   -3.504494000000
              34  C     -6.672683000000   -1.199324000000   -3.768935000000
              35  C     -7.610146000000   -1.384958000000   -2.774654000000
              36  C     -7.361343000000   -0.952467000000   -1.474919000000
              37  C     -6.137278000000   -0.333789000000   -1.237795000000
              38  O     -8.306230000000   -1.139249000000   -0.469169000000
              39  O     -4.513414000000   -0.389543000000   -4.500167000000
              40  O     -1.170120000000    0.970384000000   -1.177028000000
              41  C      0.074270000000    1.326642000000   -0.692621000000
              42  O      0.730669000000    2.377087000000   -1.008484000000
              43  C      4.972278000000   -1.650097000000   -0.469625000000
              44  C     11.043991000000   -0.102592000000    1.491723000000
              45  H      8.329443000000    0.855897000000    3.044596000000
              46  H      9.764282000000   -0.070759000000    3.635683000000
              47  H      8.289409000000   -0.953871000000    3.112541000000
              48  H      9.625144000000   -0.334608000000   -0.542574000000
              49  H      7.325415000000   -1.257086000000   -0.659672000000
              50  H      7.323250000000    0.526903000000   -0.635422000000
              51  H      6.606496000000   -1.386083000000    1.724208000000
              52  H      6.493298000000    0.446034000000    1.774546000000
              53  H      4.557207000000    1.255981000000    1.314044000000
              54  H      2.919812000000   -0.382315000000   -0.806395000000
              55  H      2.862761000000    1.377578000000   -0.573639000000
              56  H      1.892721000000    1.281313000000    1.566176000000
              57  H      1.942304000000   -0.499545000000    1.655746000000
              58  H     -0.372439000000   -1.506628000000    0.924581000000
              59  H     -3.553448000000   -4.035615000000   -2.356271000000
              60  H     -1.908683000000   -4.126064000000   -4.212095000000
              61  H      0.031189000000   -0.684815000000   -2.697718000000
              62  H      0.918418000000   -3.040314000000   -4.502392000000
              63  H     -1.885077000000    1.675340000000    1.106637000000
              64  H     -1.411268000000    0.143757000000    1.893350000000
              65  H     -3.691723000000    0.138778000000    3.098701000000
              66  H     -2.565485000000    1.545072000000    3.386084000000
              67  H     -5.289112000000    1.704997000000    1.869649000000
              68  H     -3.050657000000    3.161522000000    4.645666000000
              69  H     -3.245642000000    4.804973000000    3.822035000000
              70  H     -2.312039000000    3.518520000000    3.051684000000
              71  H     -6.435261000000    3.502787000000    2.425235000000
              72  H     -5.246702000000    4.813480000000    1.880908000000
              73  H     -5.763343000000    4.691377000000    3.607852000000
              74  H     -4.449818000000    1.337842000000   -0.029549000000
              75  H     -2.899787000000    1.889892000000   -0.645199000000
              76  H     -6.900468000000   -1.553006000000   -4.786694000000
              77  H     -8.550037000000   -1.865845000000   -2.975735000000
              78  H     -5.952359000000    0.007089000000   -0.226029000000
              79  H     -8.059474000000   -0.800541000000    0.453960000000
              80  H     -4.734232000000   -0.718928000000   -5.428616000000
              81  H      5.661703000000   -2.471655000000   -0.191988000000
              82  H      5.163720000000   -1.445845000000   -1.538191000000
              83  H      3.947317000000   -2.093065000000   -0.409930000000
              84  H     11.341020000000    0.717572000000    2.173323000000
              85  H     11.394983000000    0.130743000000    0.475035000000
              86  H     11.380308000000   -1.091095000000    1.857298000000
