-------------------------------------------------------------
----------------------- !PROPERTIES! ------------------------
-------------------------------------------------------------
# -----------------------------------------------------------
$ SCF_Energy
   description: The SCF energy
   geom. index: 1
   prop. index: 1
        SCF Energy:    -1945.7131858251
# -----------------------------------------------------------
$ DFT_Energy
   description: The DFT energy
   geom. index: 1
   prop. index: 1
   Number of Alpha Electrons                117.0000932347 
   Number of Beta  Electrons                117.0000932347 
   Total number of  Electrons               234.0001864695 
   Exchange energy                         -174.0989223479 
   Correlation energy                        -9.7752166430 
   Correlation energy NL                      0.0000000000 
   Exchange-Correlation energy             -183.8741389909 
   Embedding correction                       0.0000000000 
   Total DFT Energy (No VdW correction)   -1945.7131858251 
# -----------------------------------------------------------
$ Mayer_Pop
   description: The Mayer population analysis
   geom. index: 1
   prop. index: 1
     Number of atoms                     : 48
     Threshold for printing              : 0.1000000
     Number of bond orders printed       : 52
  NA   - Mulliken gross atomic population
  ZA   - Total nuclear charge
  QA   - Mulliken gross atomic charge
  VA   - Mayer's total valence
  BVA  - Mayer's bonded valence
  FA   - Mayer's free valence
  ATOM       NA         ZA         QA         VA         BVA        FA
  0   0     6.0370     6.0000    -0.0370     4.0956     4.0956    -0.0000
  1   0     5.8645     6.0000     0.1355     4.0368     4.0368     0.0000
  2   0     7.3868     7.0000    -0.3868     3.0246     3.0246    -0.0000
  3   0    15.2036    16.0000     0.7964     5.1545     5.1545     0.0000
  4   0     8.4633     8.0000    -0.4633     1.9495     1.9495    -0.0000
  5   0     8.4493     8.0000    -0.4493     1.9672     1.9672     0.0000
  6   0     5.9852     6.0000     0.0148     3.9220     3.9220    -0.0000
  7   0     5.9081     6.0000     0.0919     4.0124     4.0124    -0.0000
  8   0     5.7758     6.0000     0.2242     3.9445     3.9445    -0.0000
  9   0     6.0306     6.0000    -0.0306     3.8607     3.8607    -0.0000
 10   0     6.0167     6.0000    -0.0167     3.8071     3.8071    -0.0000
 11   0     6.0520     6.0000    -0.0520     3.7997     3.7997    -0.0000
 12   0     5.6895     6.0000     0.3105     3.8857     3.8857    -0.0000
 13   0     6.0383     6.0000    -0.0383     3.7584     3.7584    -0.0000
 14   0     5.9798     6.0000     0.0202     3.8029     3.8029    -0.0000
 15   0     9.2066     9.0000    -0.2066     1.1616     1.1616    -0.0000
 16   0     7.1902     7.0000    -0.1902     3.2031     3.2031     0.0000
 17   0     5.9566     6.0000     0.0434     4.2882     4.2882    -0.0000
 18   0     7.1115     7.0000    -0.1115     3.1237     3.1237    -0.0000
 19   0     5.9145     6.0000     0.0855     3.9964     3.9964    -0.0000
 20   0     6.0381     6.0000    -0.0381     3.7537     3.7537     0.0000
 21   0     5.9054     6.0000     0.0946     4.0318     4.0318    -0.0000
 22   0     7.1143     7.0000    -0.1143     3.1093     3.1093    -0.0000
 23   0     5.8687     6.0000     0.1313     3.9994     3.9994     0.0000
 24   0     7.1421     7.0000    -0.1421     2.9747     2.9747    -0.0000
 25   0     7.1013     7.0000    -0.1013     2.9718     2.9718     0.0000
 26   0     6.0021     6.0000    -0.0021     3.9660     3.9660     0.0000
 27   0     8.1229     8.0000    -0.1229     2.4429     2.4429    -0.0000
 28   0     5.4468     6.0000     0.5532     4.1554     4.1554    -0.0000
 29   0     9.2115     9.0000    -0.2115     1.1419     1.1419    -0.0000
 30   0     9.2232     9.0000    -0.2232     1.1284     1.1284    -0.0000
 31   0     0.9509     1.0000     0.0491     0.9922     0.9922    -0.0000
 32   0     0.9622     1.0000     0.0378     0.9790     0.9790     0.0000
 33   0     0.9845     1.0000     0.0155     0.9839     0.9839    -0.0000
 34   0     0.9707     1.0000     0.0293     0.9723     0.9723     0.0000
 35   0     0.9564     1.0000     0.0436     0.9966     0.9966     0.0000
 36   0     0.9251     1.0000     0.0749     0.9958     0.9958    -0.0000
 37   0     0.9696     1.0000     0.0304     0.9744     0.9744    -0.0000
 38   0     0.9838     1.0000     0.0162     1.0335     1.0335     0.0000
 39   0     0.9677     1.0000     0.0323     1.0070     1.0070     0.0000
 40   0     1.0166     1.0000    -0.0166     1.0001     1.0001    -0.0000
 41   0     1.0123     1.0000    -0.0123     0.9911     0.9911     0.0000
 42   0     1.0146     1.0000    -0.0146     0.9926     0.9926     0.0000
 43   0     1.0357     1.0000    -0.0357     0.9963     0.9963    -0.0000
 44   0     0.8393     1.0000     0.1607     1.0049     1.0049     0.0000
 45   0     0.9950     1.0000     0.0050     0.9993     0.9993    -0.0000
 46   0     0.9876     1.0000     0.0124     1.0158     1.0158    -0.0000
 47   0     0.9918     1.0000     0.0082     0.9939     0.9939    -0.0000
      Bond orders larger than 0.1000000
           Atom A     A.N. of A          Atom B    A.N. of B              Bond order
                0             6               1            6                1.110561
                0             6               6            6                1.043606
                0             6              31            1                0.928972
                0             6              32            1                0.931555
                1             6               2            7                0.998600
                1             6              33            1                0.930959
                1             6              34            1                0.921608
                2             7               3           16                0.876396
                2             7               7            6                0.962791
                3            16               4            8                1.659102
                3            16               5            8                1.648818
                3            16               6            6                0.844414
                6             6              35            1                0.928514
                6             6              36            1                0.937659
                7             6               8            6                1.105698
                7             6              37            1                0.908198
                7             6              38            1                0.882990
                8             6               9            6                0.953759
                8             6              16            7                1.011451
                8             6              39            1                0.864497
                9             6              10            6                1.387393
                9             6              14            6                1.431565
               10             6              11            6                1.347327
               10             6              40            1                0.999604
               11             6              12            6                1.351840
               11             6              41            1                0.990474
               12             6              13            6                1.372623
               12             6              15            9                1.086363
               13             6              14            6                1.298676
               13             6              42            1                0.981549
               14             6              43            1                0.975861
               16             7              17            6                1.160779
               16             7              44            1                0.894453
               17             6              18            7                1.465679
               17             6              22            7                1.410159
               18             7              19            6                1.525539
               19             6              20            6                1.328428
               19             6              45            1                0.985238
               20             6              21            6                1.336315
               20             6              23            6                1.033488
               21             6              22            7                1.542699
               21             6              46            1                0.976174
               23             6              24            7                1.578483
               23             6              26            6                0.104382
               23             6              27            8                1.209287
               24             7              25            7                1.265867
               25             7              26            6                1.599781
               26             6              27            8                1.164588
               26             6              28            6                1.009530
               28             6              29            9                1.095995
               28             6              30            9                1.083943
               28             6              47            1                0.941112
# -----------------------------------------------------------
$ Calculation_Info
   description: Details of the calculation
   geom. index: 1
   prop. index: 1
     Multiplicity:                          1
     Charge:                                0
     number of atoms:                       48
     number of electrons:                   0
     number of frozen core electrons:       1
     number of correlated electrons:        0
     number of basis functions:             523
     number of aux C basis functions:       0
     number of aux J basis functions:       1708
     number of aux JK basis functions:      0
     number of aux CABS basis functions:    0
     Total Energy                           -1945.713186
# -----------------------------------------------------------
$ SCF_Electric_Properties
   description: The SCF Calculated Electric Properties
   geom. index: 1
   prop. index: 1
       Filename                          : 243.scfp 
       Do Dipole Moment Calculation      : true 
       Do Quadrupole Moment Calculation  : false 
       Do Polarizability Calculation     : true 
** Dipole moment part of electric properties **
        Magnitude of dipole moment (Debye) :        6.5040359461
        Electronic Contribution:
                  0    
      0      38.688619
      1       0.140787
      2      -4.361257
        Nuclear Contribution:
                  0    
      0     -41.234443
      1      -0.342143
      2       4.200444
        Total Dipole moment:
                  0    
      0      -2.545824
      1      -0.201356
      2      -0.160813
** Polarizabilities part of electric properties **
        Isotropic polarizability :      268.8368114767
        The raw cartesian tensor (atomic units):
                  0          1          2    
      0     357.721042  83.898398 -15.602532
      1      83.898398 272.500399   7.389200
      2     -15.602532   7.389200 176.288993
        Diagonalised polarizability tensor :
                  0    
      0     171.676890
      1     225.240819
      2     409.592725
# -------------------------------------------------------------
----------------------- !GEOMETRIES! ------------------------
# -------------------------------------------------------------
------------------------ !GEOMETRY! -------------------------
    Number of atoms:    48 
    Geometry Index:     1 
    Coordinates:
               0 C     -2.489867000000    3.146984000000    0.177155000000
               1 C     -2.250392000000    1.988396000000    1.050942000000
               2 N     -1.523833000000    0.951935000000    0.403297000000
               3 S     -1.344782000000    1.438970000000   -1.268833000000
               4 O     -0.083126000000    2.180170000000   -1.512501000000
               5 O     -1.642918000000    0.352488000000   -2.219401000000
               6 C     -2.660241000000    2.679173000000   -1.262004000000
               7 C     -2.343936000000   -0.230991000000    0.404207000000
               8 C     -1.525649000000   -1.455780000000    0.508959000000
               9 C     -2.321114000000   -2.710030000000    0.495312000000
              10 C     -1.636356000000   -3.909807000000    0.459552000000
              11 C     -2.296322000000   -5.127772000000    0.444550000000
              12 C     -3.673349000000   -5.164370000000    0.465429000000
              13 C     -4.337623000000   -3.958641000000    0.500991000000
              14 C     -3.684105000000   -2.747556000000    0.515953000000
              15 F     -4.374283000000   -6.334212000000    0.452069000000
              16 N     -0.443486000000   -1.440233000000   -0.436458000000
              17 C      0.731970000000   -0.683663000000   -0.285788000000
              18 N      1.673588000000   -0.729313000000   -1.237632000000
              19 C      2.837941000000   -0.028173000000   -1.120042000000
              20 C      3.027448000000    0.734643000000    0.007617000000
              21 C      2.063683000000    0.784091000000    0.986508000000
              22 N      0.939850000000    0.064307000000    0.799453000000
              23 C      4.244523000000    1.508887000000    0.201158000000
              24 N      4.572680000000    2.295281000000    1.240530000000
              25 N      5.769044000000    2.815737000000    1.019572000000
              26 C      6.182674000000    2.345468000000   -0.168041000000
              27 O      5.240644000000    1.565820000000   -0.626107000000
              28 C      7.465223000000    2.646246000000   -0.844433000000
              29 F      7.566618000000    4.011902000000   -1.024102000000
              30 F      8.500809000000    2.198300000000   -0.031388000000
              31 H     -1.600903000000    3.825735000000    0.172182000000
              32 H     -3.407279000000    3.681800000000    0.521355000000
              33 H     -3.189448000000    1.607861000000    1.550990000000
              34 H     -1.620359000000    2.335831000000    1.923047000000
              35 H     -3.594773000000    2.149000000000   -1.435222000000
              36 H     -2.429144000000    3.490869000000   -1.950597000000
              37 H     -3.082037000000   -0.210898000000    1.268815000000
              38 H     -3.023619000000   -0.244440000000   -0.487893000000
              39 H     -1.061463000000   -1.419570000000    1.560966000000
              40 H     -0.548646000000   -3.907458000000    0.442506000000
              41 H     -1.767103000000   -6.070545000000    0.416585000000
              42 H     -5.423201000000   -4.001505000000    0.517162000000
              43 H     -4.215154000000   -1.801005000000    0.544022000000
              44 H     -0.567451000000   -2.055792000000   -1.305179000000
              45 H      3.591872000000   -0.073980000000   -1.897985000000
              46 H      2.218141000000    1.382314000000    1.865425000000
              47 H      7.535259000000    2.123525000000   -1.802710000000
