-------------------------------------------------------------
----------------------- !PROPERTIES! ------------------------
-------------------------------------------------------------
# -----------------------------------------------------------
$ SCF_Energy
   description: The SCF energy
   geom. index: 1
   prop. index: 1
        SCF Energy:     -939.3498263005
# -----------------------------------------------------------
$ DFT_Energy
   description: The DFT energy
   geom. index: 1
   prop. index: 1
   Number of Alpha Electrons                 77.9999112088 
   Number of Beta  Electrons                 77.9999112088 
   Total number of  Electrons               155.9998224176 
   Exchange energy                         -101.9756373153 
   Correlation energy                        -6.2296149212 
   Correlation energy NL                      0.0000000000 
   Exchange-Correlation energy             -108.2052522365 
   Embedding correction                       0.0000000000 
   Total DFT Energy (No VdW correction)    -939.3498263005 
# -----------------------------------------------------------
$ Mayer_Pop
   description: The Mayer population analysis
   geom. index: 1
   prop. index: 1
     Number of atoms                     : 41
     Threshold for printing              : 0.1000000
     Number of bond orders printed       : 43
  NA   - Mulliken gross atomic population
  ZA   - Total nuclear charge
  QA   - Mulliken gross atomic charge
  VA   - Mayer's total valence
  BVA  - Mayer's bonded valence
  FA   - Mayer's free valence
  ATOM       NA         ZA         QA         VA         BVA        FA
  0   0     5.9217     6.0000     0.0783     3.9304     3.9304    -0.0000
  1   0     6.1364     6.0000    -0.1364     4.0688     4.0688     0.0000
  2   0     6.2113     6.0000    -0.2113     4.1178     4.1178    -0.0000
  3   0     5.9179     6.0000     0.0821     3.9853     3.9853     0.0000
  4   0     5.6288     6.0000     0.3712     3.8652     3.8652     0.0000
  5   0     6.1720     6.0000    -0.1720     4.0116     4.0116     0.0000
  6   0     5.9970     6.0000     0.0030     3.9293     3.9293     0.0000
  7   0     6.0900     6.0000    -0.0900     3.6631     3.6631     0.0000
  8   0     5.7697     6.0000     0.2303     3.8966     3.8966     0.0000
  9   0     8.3258     8.0000    -0.3258     2.2316     2.2316    -0.0000
 10   0     6.0363     6.0000    -0.0363     3.8068     3.8068     0.0000
 11   0     5.9631     6.0000     0.0369     3.9275     3.9275    -0.0000
 12   0     6.9718     7.0000     0.0282     3.3492     3.3492     0.0000
 13   0     5.9886     6.0000     0.0114     4.3525     4.3525     0.0000
 14   0     8.2950     8.0000    -0.2950     2.2631     2.2631    -0.0000
 15   0     5.9043     6.0000     0.0957     3.7885     3.7885     0.0000
 16   0     5.9822     6.0000     0.0178     3.8544     3.8544     0.0000
 17   0     5.9683     6.0000     0.0317     3.8244     3.8244     0.0000
 18   0     5.9763     6.0000     0.0237     3.8318     3.8318     0.0000
 19   0     5.9650     6.0000     0.0350     3.8262     3.8262     0.0000
 20   0     6.0427     6.0000    -0.0427     3.8731     3.8731     0.0000
 21   0     5.8884     6.0000     0.1116     3.9453     3.9453     0.0000
 22   0     0.9974     1.0000     0.0026     0.9868     0.9868    -0.0000
 23   0     0.9659     1.0000     0.0341     0.9865     0.9865     0.0000
 24   0     0.9795     1.0000     0.0205     0.9899     0.9899     0.0000
 25   0     0.9950     1.0000     0.0050     1.0014     1.0014    -0.0000
 26   0     0.9942     1.0000     0.0058     0.9946     0.9946    -0.0000
 27   0     0.9834     1.0000     0.0166     0.9932     0.9932     0.0000
 28   0     0.9685     1.0000     0.0315     0.9874     0.9874     0.0000
 29   0     1.0098     1.0000    -0.0098     0.9763     0.9763     0.0000
 30   0     1.0079     1.0000    -0.0079     1.0247     1.0247     0.0000
 31   0     1.0000     1.0000    -0.0000     1.0000     1.0000    -0.0000
 32   0     0.8445     1.0000     0.1555     1.0040     1.0040     0.0000
 33   0     1.0389     1.0000    -0.0389     0.9982     0.9982     0.0000
 34   0     1.0252     1.0000    -0.0252     0.9760     0.9760     0.0000
 35   0     1.0237     1.0000    -0.0237     0.9759     0.9759    -0.0000
 36   0     1.0281     1.0000    -0.0281     0.9766     0.9766     0.0000
 37   0     1.0398     1.0000    -0.0398     0.9872     0.9872     0.0000
 38   0     0.9710     1.0000     0.0290     0.9930     0.9930    -0.0000
 39   0     0.9923     1.0000     0.0077     0.9940     0.9940     0.0000
 40   0     0.9825     1.0000     0.0175     0.9926     0.9926    -0.0000
      Bond orders larger than 0.1000000
           Atom A     A.N. of A          Atom B    A.N. of B              Bond order
                0             6               1            6                1.061509
                0             6              22            1                0.954799
                0             6              23            1                0.950265
                0             6              24            1                0.951815
                1             6               2            6                1.940265
                1             6              25            1                0.946606
                2             6               3            6                1.120866
                2             6               4            6                0.971281
                3             6              26            1                0.941257
                3             6              27            1                0.928964
                3             6              28            1                0.935785
                4             6               5            6                1.010027
                4             6               9            8                0.985556
                4             6              29            1                0.864280
                5             6               6            6                1.766791
                5             6              21            6                1.076677
                6             6               7            6                1.078102
                6             6              30            1                0.978869
                7             6               8            6                1.414859
                7             6              13            6                1.063491
                8             6               9            8                1.108138
                8             6              10            6                1.256087
               10             6              11            6                1.535566
               10             6              15            6                0.944662
               11             6              12            7                1.244961
               11             6              31            1                0.951139
               12             7              13            6                1.146216
               12             7              32            1                0.887201
               13             6              14            8                2.081549
               15             6              16            6                1.392628
               15             6              20            6                1.378237
               16             6              17            6                1.365267
               16             6              33            1                0.989591
               17             6              18            6                1.388571
               17             6              34            1                0.991767
               18             6              19            6                1.374266
               18             6              35            1                0.986052
               19             6              20            6                1.378064
               19             6              36            1                0.989886
               20             6              37            1                0.990451
               21             6              38            1                0.941664
               21             6              39            1                0.943964
               21             6              40            1                0.949024
# -----------------------------------------------------------
$ Calculation_Info
   description: Details of the calculation
   geom. index: 1
   prop. index: 1
     Multiplicity:                          1
     Charge:                                0
     number of atoms:                       41
     number of electrons:                   0
     number of frozen core electrons:       1
     number of correlated electrons:        0
     number of basis functions:             403
     number of aux C basis functions:       0
     number of aux J basis functions:       1287
     number of aux JK basis functions:      0
     number of aux CABS basis functions:    0
     Total Energy                           -939.349826
# -----------------------------------------------------------
$ SCF_Electric_Properties
   description: The SCF Calculated Electric Properties
   geom. index: 1
   prop. index: 1
       Filename                          : 181.scfp 
       Do Dipole Moment Calculation      : true 
       Do Quadrupole Moment Calculation  : false 
       Do Polarizability Calculation     : true 
** Dipole moment part of electric properties **
        Magnitude of dipole moment (Debye) :        3.2499687308
        Electronic Contribution:
                  0    
      0     -19.277261
      1      12.624251
      2       0.622672
        Nuclear Contribution:
                  0    
      0      18.751815
      1     -13.787483
      2      -0.697785
        Total Dipole moment:
                  0    
      0      -0.525446
      1      -1.163232
      2      -0.075114
** Polarizabilities part of electric properties **
        Isotropic polarizability :      219.0625596015
        The raw cartesian tensor (atomic units):
                  0          1          2    
      0     239.376116  16.049326  40.016616
      1      16.049326 262.275605  -0.910739
      2      40.016616  -0.910739 155.535958
        Diagonalised polarizability tensor :
                  0    
      0     139.119674
      1     244.053694
      2     274.014311
# -------------------------------------------------------------
----------------------- !GEOMETRIES! ------------------------
# -------------------------------------------------------------
------------------------ !GEOMETRY! -------------------------
    Number of atoms:    41 
    Geometry Index:     1 
    Coordinates:
               0 C      2.525805000000   -2.354290000000   -1.576696000000
               1 C      1.705770000000   -1.361621000000   -0.789427000000
               2 C      2.253719000000   -0.650597000000    0.191042000000
               3 C      3.690699000000   -0.878009000000    0.469003000000
               4 C      1.392455000000    0.316356000000    0.934183000000
               5 C      1.829655000000    1.691545000000    0.857778000000
               6 C      1.017841000000    2.655574000000    0.482237000000
               7 C     -0.368047000000    2.393499000000    0.121905000000
               8 C     -0.816986000000    1.112291000000    0.181387000000
               9 O      0.061349000000    0.138009000000    0.577789000000
              10 C     -2.123685000000    0.809924000000   -0.150283000000
              11 C     -2.922294000000    1.867313000000   -0.535971000000
              12 N     -2.471816000000    3.133110000000   -0.592735000000
              13 C     -1.217553000000    3.417187000000   -0.273469000000
              14 O     -0.752164000000    4.578218000000   -0.310502000000
              15 C     -2.596587000000   -0.567075000000   -0.083587000000
              16 C     -2.331096000000   -1.413415000000    0.971433000000
              17 C     -2.784597000000   -2.715545000000    1.022869000000
              18 C     -3.530436000000   -3.182914000000   -0.021855000000
              19 C     -3.827156000000   -2.373225000000   -1.109087000000
              20 C     -3.351018000000   -1.062215000000   -1.125238000000
              21 C      3.231212000000    2.125168000000    1.198021000000
              22 H      1.945203000000   -2.667401000000   -2.445697000000
              23 H      2.745614000000   -3.252705000000   -0.972729000000
              24 H      3.448553000000   -1.860795000000   -1.941814000000
              25 H      0.644972000000   -1.221492000000   -1.025058000000
              26 H      3.951566000000   -0.695200000000    1.536676000000
              27 H      3.977853000000   -1.959401000000    0.300208000000
              28 H      4.354389000000   -0.317113000000   -0.231643000000
              29 H      1.465839000000   -0.030674000000    2.013049000000
              30 H      1.368922000000    3.707450000000    0.428485000000
              31 H     -3.954896000000    1.686083000000   -0.806571000000
              32 H     -3.086405000000    3.944672000000   -0.889229000000
              33 H     -1.746395000000   -1.045151000000    1.789181000000
              34 H     -2.563916000000   -3.364666000000    1.863141000000
              35 H     -3.893658000000   -4.209575000000    0.008373000000
              36 H     -4.415889000000   -2.736050000000   -1.937854000000
              37 H     -3.588033000000   -0.437961000000   -1.978543000000
              38 H      3.859788000000    1.966505000000    0.311505000000
              39 H      3.592718000000    1.605490000000    2.108777000000
              40 H      3.278704000000    3.208698000000    1.430947000000
