-------------------------------------------------------------
----------------------- !PROPERTIES! ------------------------
-------------------------------------------------------------
# -----------------------------------------------------------
$ SCF_Energy
   description: The SCF energy
   geom. index: 1
   prop. index: 1
        SCF Energy:    -2180.9077329643
# -----------------------------------------------------------
$ DFT_Energy
   description: The DFT energy
   geom. index: 1
   prop. index: 1
   Number of Alpha Electrons                125.9999559046 
   Number of Beta  Electrons                125.9999559046 
   Total number of  Electrons               251.9999118093 
   Exchange energy                         -191.9657831673 
   Correlation energy                       -10.6188924010 
   Correlation energy NL                      0.0000000000 
   Exchange-Correlation energy             -202.5846755683 
   Embedding correction                       0.0000000000 
   Total DFT Energy (No VdW correction)   -2180.9077329643 
# -----------------------------------------------------------
$ Mayer_Pop
   description: The Mayer population analysis
   geom. index: 1
   prop. index: 1
     Number of atoms                     : 48
     Threshold for printing              : 0.1000000
     Number of bond orders printed       : 52
  NA   - Mulliken gross atomic population
  ZA   - Total nuclear charge
  QA   - Mulliken gross atomic charge
  VA   - Mayer's total valence
  BVA  - Mayer's bonded valence
  FA   - Mayer's free valence
  ATOM       NA         ZA         QA         VA         BVA        FA
  0   0     6.0374     6.0000    -0.0374     3.8521     3.8521    -0.0000
  1   0    15.1753    16.0000     0.8247     5.0195     5.0195    -0.0000
  2   0     8.4788     8.0000    -0.4788     1.8987     1.8987     0.0000
  3   0     8.5490     8.0000    -0.5490     1.8163     1.8163    -0.0000
  4   0     7.3152     7.0000    -0.3152     2.9987     2.9987    -0.0000
  5   0     5.7767     6.0000     0.2233     3.9505     3.9505     0.0000
  6   0     5.9002     6.0000     0.0998     3.9292     3.9292    -0.0000
  7   0     6.1073     6.0000    -0.1073     3.7662     3.7662    -0.0000
  8   0     5.7323     6.0000     0.2677     3.8529     3.8529    -0.0000
  9   0     6.0590     6.0000    -0.0590     3.7968     3.7968    -0.0000
 10   0     5.7645     6.0000     0.2355     3.8307     3.8307     0.0000
 11   0     6.0076     6.0000    -0.0076     3.8090     3.8090     0.0000
 12   0     6.0100     6.0000    -0.0100     3.8922     3.8922    -0.0000
 13   0     8.3456     8.0000    -0.3456     2.1132     2.1132    -0.0000
 14   0     5.4210     6.0000     0.5790     4.1771     4.1771     0.0000
 15   0     9.2384     9.0000    -0.2384     1.1097     1.1097    -0.0000
 16   0     9.1956     9.0000    -0.1956     1.1549     1.1549    -0.0000
 17   0     9.2305     9.0000    -0.2305     1.1431     1.1431     0.0000
 18   0     7.1635     7.0000    -0.1635     3.1306     3.1306     0.0000
 19   0     6.0050     6.0000    -0.0050     4.3219     4.3219    -0.0000
 20   0     7.0691     7.0000    -0.0691     3.0852     3.0852    -0.0000
 21   0     5.9035     6.0000     0.0965     4.0447     4.0447     0.0000
 22   0     6.0690     6.0000    -0.0690     3.8141     3.8141     0.0000
 23   0     5.8988     6.0000     0.1012     4.0154     4.0154     0.0000
 24   0     7.0551     7.0000    -0.0551     3.1344     3.1344     0.0000
 25   0     5.9357     6.0000     0.0643     4.0213     4.0213    -0.0000
 26   0     7.0493     7.0000    -0.0493     3.0246     3.0246     0.0000
 27   0     7.1281     7.0000    -0.1281     2.9837     2.9837     0.0000
 28   0     5.9920     6.0000     0.0080     3.9776     3.9776     0.0000
 29   0     8.1330     8.0000    -0.1330     2.4230     2.4230     0.0000
 30   0     5.4541     6.0000     0.5459     4.1410     4.1410     0.0000
 31   0     9.1980     9.0000    -0.1980     1.1617     1.1617     0.0000
 32   0     9.2286     9.0000    -0.2286     1.1212     1.1212     0.0000
 33   0     0.8877     1.0000     0.1123     1.0075     1.0075     0.0000
 34   0     0.9303     1.0000     0.0697     0.9967     0.9967     0.0000
 35   0     0.9173     1.0000     0.0827     1.0024     1.0024    -0.0000
 36   0     0.8997     1.0000     0.1003     1.0400     1.0400     0.0000
 37   0     0.9711     1.0000     0.0289     1.0023     1.0023    -0.0000
 38   0     1.0048     1.0000    -0.0048     1.0457     1.0457    -0.0000
 39   0     0.9772     1.0000     0.0228     1.0547     1.0547    -0.0000
 40   0     1.0296     1.0000    -0.0296     1.0059     1.0059     0.0000
 41   0     1.0185     1.0000    -0.0185     1.0041     1.0041     0.0000
 42   0     0.9941     1.0000     0.0059     1.0085     1.0085     0.0000
 43   0     0.9687     1.0000     0.0313     0.9920     0.9920     0.0000
 44   0     0.8591     1.0000     0.1409     0.9941     0.9941    -0.0000
 45   0     0.9736     1.0000     0.0264     0.9912     0.9912     0.0000
 46   0     0.9656     1.0000     0.0344     0.9907     0.9907     0.0000
 47   0     0.9753     1.0000     0.0247     0.9897     0.9897     0.0000
      Bond orders larger than 0.1000000
           Atom A     A.N. of A          Atom B    A.N. of B              Bond order
                0             6               1           16                0.897545
                0             6              33            1                0.934808
                0             6              34            1                0.944053
                0             6              35            1                0.936412
                1            16               2            8                1.582212
                1            16               3            8                1.491598
                1            16               4            7                0.931538
                4             7               5            6                0.953389
                4             7              36            1                0.944717
                5             6               6            6                1.005163
                5             6              37            1                0.910810
                5             6              38            1                0.964889
                6             6               7            6                0.922063
                6             6              18            7                1.076441
                6             6              39            1                0.912354
                7             6               8            6                1.392407
                7             6              12            6                1.384281
                8             6               9            6                1.315396
                8             6              17            9                1.044285
                9             6              10            6                1.377972
                9             6              40            1                1.005557
               10             6              11            6                1.325851
               10             6              13            8                0.973014
               11             6              12            6                1.383222
               11             6              41            1                0.997721
               12             6              42            1                0.974816
               13             8              14            6                1.050327
               14             6              15            9                1.025599
               14             6              16            9                1.093689
               14             6              43            1                0.953157
               18             7              19            6                1.108339
               18             7              44            1                0.922573
               19             6              20            7                1.439077
               19             6              24            7                1.540596
               20             7              21            6                1.545408
               20             7              23            6                0.100061
               21             6              22            6                1.358880
               21             6              45            1                0.980574
               22             6              23            6                1.409375
               22             6              25            6                0.950187
               23             6              24            7                1.451856
               23             6              46            1                0.975047
               25             6              26            7                1.702362
               25             6              28            6                0.103905
               25             6              29            8                1.163000
               26             7              27            7                1.242377
               27             7              28            6                1.627135
               28             6              29            8                1.190606
               28             6              30            6                0.995383
               30             6              31            9                1.112064
               30             6              32            9                1.067876
               30             6              47            1                0.943921
# -----------------------------------------------------------
$ Calculation_Info
   description: Details of the calculation
   geom. index: 1
   prop. index: 1
     Multiplicity:                          1
     Charge:                                0
     number of atoms:                       48
     number of electrons:                   0
     number of frozen core electrons:       1
     number of correlated electrons:        0
     number of basis functions:             541
     number of aux C basis functions:       0
     number of aux J basis functions:       1784
     number of aux JK basis functions:      0
     number of aux CABS basis functions:    0
     Total Energy                           -2180.907733
# -----------------------------------------------------------
$ SCF_Electric_Properties
   description: The SCF Calculated Electric Properties
   geom. index: 1
   prop. index: 1
       Filename                          : 245.scfp 
       Do Dipole Moment Calculation      : true 
       Do Quadrupole Moment Calculation  : false 
       Do Polarizability Calculation     : true 
** Dipole moment part of electric properties **
        Magnitude of dipole moment (Debye) :        4.7133340584
        Electronic Contribution:
                  0    
      0      20.877791
      1      22.342086
      2      -2.784126
        Nuclear Contribution:
                  0    
      0     -19.521168
      1     -23.026233
      2       3.847168
        Total Dipole moment:
                  0    
      0       1.356624
      1      -0.684147
      2       1.063042
** Polarizabilities part of electric properties **
        Isotropic polarizability :      253.1078422508
        The raw cartesian tensor (atomic units):
                  0          1          2    
      0     332.722502 -11.585766 -28.037359
      1     -11.585766 253.004359 -16.247127
      2     -28.037359 -16.247127 173.596665
        Diagonalised polarizability tensor :
                  0    
      0     165.109686
      1     255.793460
      2     338.420381
# -------------------------------------------------------------
----------------------- !GEOMETRIES! ------------------------
# -------------------------------------------------------------
------------------------ !GEOMETRY! -------------------------
    Number of atoms:    48 
    Geometry Index:     1 
    Coordinates:
               0 C     -2.140701000000   -5.360585000000    0.203776000000
               1 S     -2.331289000000   -3.647611000000    0.300533000000
               2 O     -3.346060000000   -3.080466000000   -0.686012000000
               3 O     -2.984672000000   -3.363000000000    1.718993000000
               4 N     -0.860555000000   -2.735402000000    0.311759000000
               5 C     -1.031898000000   -1.504125000000   -0.437878000000
               6 C     -1.284318000000   -0.537084000000    0.805096000000
               7 C     -2.281573000000    0.500156000000    0.182910000000
               8 C     -1.802402000000    1.442576000000   -0.647605000000
               9 C     -2.578250000000    2.543176000000   -0.939057000000
              10 C     -3.859717000000    2.612374000000   -0.413799000000
              11 C     -4.390033000000    1.616699000000    0.353618000000
              12 C     -3.604109000000    0.568257000000    0.651252000000
              13 O     -4.605352000000    3.733289000000   -0.731127000000
              14 C     -5.358560000000    4.461293000000    0.231247000000
              15 F     -4.926718000000    4.192426000000    1.527848000000
              16 F     -6.672614000000    4.129094000000    0.138535000000
              17 F     -0.724705000000    1.130352000000   -1.456146000000
              18 N     -0.284828000000    0.042424000000    1.559612000000
              19 C      1.110823000000    0.020904000000    1.144018000000
              20 N      1.478118000000    1.219115000000    0.636142000000
              21 C      2.596053000000    1.264663000000   -0.090614000000
              22 C      3.333262000000    0.114254000000   -0.243683000000
              23 C      2.907396000000   -1.088679000000    0.337090000000
              24 N      1.785039000000   -1.059835000000    1.057577000000
              25 C      4.741079000000    0.275488000000   -0.687133000000
              26 N      5.286937000000    0.191925000000   -1.854290000000
              27 N      6.566891000000    0.416379000000   -1.691160000000
              28 C      6.786511000000    0.664509000000   -0.388585000000
              29 O      5.646491000000    0.592630000000    0.229095000000
              30 C      8.116095000000    0.915216000000    0.221537000000
              31 F      8.891690000000    1.655832000000   -0.638506000000
              32 F      8.682608000000   -0.345148000000    0.438702000000
              33 H     -3.172778000000   -5.794015000000    0.367464000000
              34 H     -1.665567000000   -5.689203000000   -0.702083000000
              35 H     -1.580950000000   -5.717427000000    1.126613000000
              36 H     -0.103149000000   -3.111256000000    0.684765000000
              37 H      0.115713000000   -1.195465000000   -0.635156000000
              38 H     -1.516937000000   -1.375211000000   -1.244375000000
              39 H     -1.954834000000   -1.148998000000    1.505085000000
              40 H     -2.159421000000    3.349191000000   -1.514357000000
              41 H     -5.376875000000    1.655206000000    0.814282000000
              42 H     -4.000118000000   -0.279042000000    1.230037000000
              43 H     -5.150992000000    5.538370000000    0.070887000000
              44 H     -0.559453000000    0.544691000000    2.418813000000
              45 H      2.890742000000    2.188394000000   -0.600212000000
              46 H      3.342693000000   -2.024629000000   -0.039868000000
              47 H      8.031285000000    1.478296000000    1.176690000000
