-------------------------------------------------------------
----------------------- !PROPERTIES! ------------------------
-------------------------------------------------------------
# -----------------------------------------------------------
$ SCF_Energy
   description: The SCF energy
   geom. index: 1
   prop. index: 1
        SCF Energy:    -1809.3473085061
# -----------------------------------------------------------
$ DFT_Energy
   description: The DFT energy
   geom. index: 1
   prop. index: 1
   Number of Alpha Electrons                120.9999988967 
   Number of Beta  Electrons                120.9999988967 
   Total number of  Electrons               241.9999977935 
   Exchange energy                         -175.3821503793 
   Correlation energy                       -10.0556052606 
   Correlation energy NL                      0.0000000000 
   Exchange-Correlation energy             -185.4377556398 
   Embedding correction                       0.0000000000 
   Total DFT Energy (No VdW correction)   -1809.3473085061 
# -----------------------------------------------------------
$ Mayer_Pop
   description: The Mayer population analysis
   geom. index: 1
   prop. index: 1
     Number of atoms                     : 49
     Threshold for printing              : 0.1000000
     Number of bond orders printed       : 52
  NA   - Mulliken gross atomic population
  ZA   - Total nuclear charge
  QA   - Mulliken gross atomic charge
  VA   - Mayer's total valence
  BVA  - Mayer's bonded valence
  FA   - Mayer's free valence
  ATOM       NA         ZA         QA         VA         BVA        FA
  0   0     5.9488     6.0000     0.0512     3.8973     3.8973     0.0000
  1   0     5.8867     6.0000     0.1133     4.2554     4.2554     0.0000
  2   0     8.3170     8.0000    -0.3170     2.1759     2.1759    -0.0000
  3   0     7.3420     7.0000    -0.3420     3.1670     3.1670    -0.0000
  4   0     5.7977     6.0000     0.2023     3.9999     3.9999     0.0000
  5   0     5.8110     6.0000     0.1890     3.9672     3.9672     0.0000
  6   0     6.0121     6.0000    -0.0121     3.7798     3.7798     0.0000
  7   0     5.9722     6.0000     0.0278     3.8690     3.8690     0.0000
  8   0     6.0663     6.0000    -0.0663     3.7986     3.7986     0.0000
  9   0     5.6953     6.0000     0.3047     3.8719     3.8719    -0.0000
 10   0     6.0595     6.0000    -0.0595     3.8225     3.8225     0.0000
 11   0     5.9903     6.0000     0.0097     3.7932     3.7932    -0.0000
 12   0     9.2038     9.0000    -0.2038     1.1641     1.1641    -0.0000
 13   0     7.1915     7.0000    -0.1915     3.1738     3.1738     0.0000
 14   0     5.9117     6.0000     0.0883     4.2423     4.2423    -0.0000
 15   0     7.1298     7.0000    -0.1298     3.1127     3.1127    -0.0000
 16   0     5.9167     6.0000     0.0833     3.9962     3.9962    -0.0000
 17   0     6.0379     6.0000    -0.0379     3.7579     3.7579     0.0000
 18   0     5.9139     6.0000     0.0861     4.0138     4.0138     0.0000
 19   0     7.1383     7.0000    -0.1383     3.1301     3.1301    -0.0000
 20   0     5.8745     6.0000     0.1255     3.9875     3.9875     0.0000
 21   0     7.1104     7.0000    -0.1104     2.9790     2.9790    -0.0000
 22   0     7.1176     7.0000    -0.1176     2.9786     2.9786     0.0000
 23   0     5.9959     6.0000     0.0041     3.9536     3.9536     0.0000
 24   0     8.1311     8.0000    -0.1311     2.4360     2.4360     0.0000
 25   0     5.4463     6.0000     0.5537     4.1585     4.1585    -0.0000
 26   0     9.1949     9.0000    -0.1949     1.1613     1.1613     0.0000
 27   0     9.2237     9.0000    -0.2237     1.1269     1.1269    -0.0000
 28   0     5.9038     6.0000     0.0962     3.9137     3.9137    -0.0000
 29   0     5.4660     6.0000     0.5340     4.3974     4.3974    -0.0000
 30   0     9.1961     9.0000    -0.1961     1.1593     1.1593    -0.0000
 31   0     9.1955     9.0000    -0.1955     1.1627     1.1627    -0.0000
 32   0     9.1786     9.0000    -0.1786     1.1810     1.1810     0.0000
 33   0     0.9914     1.0000     0.0086     0.9946     0.9946     0.0000
 34   0     0.9340     1.0000     0.0660     1.0037     1.0037     0.0000
 35   0     0.9443     1.0000     0.0557     1.0097     1.0097    -0.0000
 36   0     0.9646     1.0000     0.0354     1.0264     1.0264    -0.0000
 37   0     0.9959     1.0000     0.0041     1.0133     1.0133    -0.0000
 38   0     0.9886     1.0000     0.0114     1.0170     1.0170     0.0000
 39   0     1.0397     1.0000    -0.0397     0.9918     0.9918     0.0000
 40   0     1.0127     1.0000    -0.0127     0.9893     0.9893    -0.0000
 41   0     1.0171     1.0000    -0.0171     0.9911     0.9911     0.0000
 42   0     1.0307     1.0000    -0.0307     1.0004     1.0004    -0.0000
 43   0     0.8620     1.0000     0.1380     1.0051     1.0051     0.0000
 44   0     0.9984     1.0000     0.0016     1.0011     1.0011    -0.0000
 45   0     0.9754     1.0000     0.0246     1.0097     1.0097     0.0000
 46   0     0.9893     1.0000     0.0107     0.9931     0.9931    -0.0000
 47   0     0.9370     1.0000     0.0630     1.0180     1.0180    -0.0000
 48   0     0.9421     1.0000     0.0579     1.0028     1.0028    -0.0000
      Bond orders larger than 0.1000000
           Atom A     A.N. of A          Atom B    A.N. of B              Bond order
                0             6               1            6                1.072822
                0             6              33            1                0.942133
                0             6              34            1                0.931700
                0             6              35            1                0.943954
                1             6               2            8                1.941968
                1             6               3            7                1.086475
                3             7               4            6                0.974218
                3             7              28            6                0.978455
                4             6               5            6                1.080636
                4             6              36            1                0.903465
                4             6              37            1                0.919210
                5             6               6            6                0.970112
                5             6              13            7                0.979050
                5             6              38            1                0.898797
                6             6               7            6                1.396194
                6             6              11            6                1.341026
                7             6               8            6                1.349600
                7             6              39            1                0.997810
                8             6               9            6                1.349071
                8             6              40            1                0.988848
                9             6              10            6                1.354139
                9             6              12            9                1.089633
               10             6              11            6                1.362465
               10             6              41            1                0.988946
               11             6              42            1                0.993362
               13             7              14            6                1.163159
               13             7              43            1                0.910705
               14             6              15            7                1.431201
               14             6              19            7                1.431838
               15             7              16            6                1.555845
               16             6              17            6                1.323079
               16             6              44            1                0.984206
               17             6              18            6                1.353396
               17             6              20            6                1.024567
               18             6              19            7                1.530288
               18             6              45            1                0.981909
               20             6              21            7                1.594336
               20             6              23            6                0.108850
               20             6              24            8                1.194365
               21             7              22            7                1.272562
               22             7              23            6                1.591599
               23             6              24            8                1.167317
               23             6              25            6                1.003238
               25             6              26            9                1.115022
               25             6              27            9                1.077374
               25             6              46            1                0.937989
               28             6              29            6                1.020863
               28             6              47            1                0.905872
               28             6              48            1                0.925095
               29             6              30            9                1.097968
               29             6              31            9                1.103058
               29             6              32            9                1.109031
# -----------------------------------------------------------
$ Calculation_Info
   description: Details of the calculation
   geom. index: 1
   prop. index: 1
     Multiplicity:                          1
     Charge:                                0
     number of atoms:                       49
     number of electrons:                   0
     number of frozen core electrons:       1
     number of correlated electrons:        0
     number of basis functions:             542
     number of aux C basis functions:       0
     number of aux J basis functions:       1793
     number of aux JK basis functions:      0
     number of aux CABS basis functions:    0
     Total Energy                           -1809.347309
# -----------------------------------------------------------
$ SCF_Electric_Properties
   description: The SCF Calculated Electric Properties
   geom. index: 1
   prop. index: 1
       Filename                          : 224.scfp 
       Do Dipole Moment Calculation      : true 
       Do Quadrupole Moment Calculation  : false 
       Do Polarizability Calculation     : true 
** Dipole moment part of electric properties **
        Magnitude of dipole moment (Debye) :        4.0887077218
        Electronic Contribution:
                  0    
      0      23.083037
      1       8.613734
      2      -0.661778
        Nuclear Contribution:
                  0    
      0     -24.056001
      1      -8.073166
      2      -0.499551
        Total Dipole moment:
                  0    
      0      -0.972964
      1       0.540568
      2      -1.161329
** Polarizabilities part of electric properties **
        Isotropic polarizability :      257.4395984719
        The raw cartesian tensor (atomic units):
                  0          1          2    
      0     354.540594  -6.371439  -0.413053
      1      -6.371439 199.254733   7.542763
      2      -0.413053   7.542763 218.523468
        Diagonalised polarizability tensor :
                  0    
      0     196.433660
      1     221.079728
      2     354.805407
# -------------------------------------------------------------
----------------------- !GEOMETRIES! ------------------------
# -------------------------------------------------------------
------------------------ !GEOMETRY! -------------------------
    Number of atoms:    49 
    Geometry Index:     1 
    Coordinates:
               0 C     -5.353927000000   -1.866898000000    0.889982000000
               1 C     -4.280990000000   -1.584565000000   -0.089538000000
               2 O     -3.858272000000   -2.610190000000   -0.725733000000
               3 N     -3.736557000000   -0.289860000000   -0.333355000000
               4 C     -2.694909000000   -0.188709000000   -1.324665000000
               5 C     -1.317483000000   -0.367864000000   -0.746590000000
               6 C     -0.988970000000    0.639170000000    0.286285000000
               7 C     -1.053619000000    0.367686000000    1.626092000000
               8 C     -0.746840000000    1.307613000000    2.571118000000
               9 C     -0.355828000000    2.579679000000    2.222903000000
              10 C     -0.284477000000    2.873170000000    0.872765000000
              11 C     -0.593908000000    1.925762000000   -0.093829000000
              12 F     -0.057889000000    3.490288000000    3.187434000000
              13 N     -0.292173000000   -0.303282000000   -1.769640000000
              14 C      1.063012000000   -0.457130000000   -1.364259000000
              15 N      2.060671000000   -0.404853000000   -2.282208000000
              16 C      3.354460000000   -0.550869000000   -1.901279000000
              17 C      3.677444000000   -0.754362000000   -0.578565000000
              18 C      2.673625000000   -0.805612000000    0.335119000000
              19 N      1.411260000000   -0.655546000000   -0.092376000000
              20 C      5.067682000000   -0.910928000000   -0.171598000000
              21 N      5.498156000000   -1.113315000000    1.085982000000
              22 N      6.802931000000   -1.199530000000    1.021479000000
              23 C      7.195592000000   -1.053772000000   -0.260322000000
              24 O      6.116323000000   -0.879079000000   -0.967027000000
              25 C      8.595405000000   -1.088006000000   -0.757866000000
              26 F      9.165099000000   -2.287094000000   -0.443975000000
              27 F      9.259437000000   -0.013024000000   -0.168350000000
              28 C     -4.237725000000    0.846757000000    0.406244000000
              29 C     -5.406518000000    1.508463000000   -0.300247000000
              30 F     -5.832006000000    2.580810000000    0.459196000000
              31 F     -6.488129000000    0.646176000000   -0.398427000000
              32 F     -5.022271000000    1.996462000000   -1.517435000000
              33 H     -5.443306000000   -1.133561000000    1.699861000000
              34 H     -6.326054000000   -1.950650000000    0.321209000000
              35 H     -5.216920000000   -2.901164000000    1.323274000000
              36 H     -2.855248000000   -0.990522000000   -2.070285000000
              37 H     -2.783517000000    0.768221000000   -1.878393000000
              38 H     -1.242199000000   -1.381911000000   -0.296492000000
              39 H     -1.353407000000   -0.610000000000    1.943360000000
              40 H     -0.810119000000    1.053782000000    3.633320000000
              41 H      0.024519000000    3.877433000000    0.618535000000
              42 H     -0.517029000000    2.222063000000   -1.130676000000
              43 H     -0.512339000000   -0.151155000000   -2.769597000000
              44 H      4.150258000000   -0.510345000000   -2.624863000000
              45 H      2.851580000000   -0.962362000000    1.391876000000
              46 H      8.589593000000   -0.938798000000   -1.852863000000
              47 H     -3.427441000000    1.605413000000    0.425418000000
              48 H     -4.466979000000    0.626010000000    1.465264000000
