-------------------------------------------------------------
----------------------- !PROPERTIES! ------------------------
-------------------------------------------------------------
# -----------------------------------------------------------
$ SCF_Energy
   description: The SCF energy
   geom. index: 1
   prop. index: 1
        SCF Energy:    -1584.3553190045
# -----------------------------------------------------------
$ DFT_Energy
   description: The DFT energy
   geom. index: 1
   prop. index: 1
   Number of Alpha Electrons                 99.9999790573 
   Number of Beta  Electrons                 99.9999790573 
   Total number of  Electrons               199.9999581145 
   Exchange energy                         -144.2405609912 
   Correlation energy                        -8.2939575631 
   Correlation energy NL                      0.0000000000 
   Exchange-Correlation energy             -152.5345185543 
   Embedding correction                       0.0000000000 
   Total DFT Energy (No VdW correction)   -1584.3553190045 
# -----------------------------------------------------------
$ Mayer_Pop
   description: The Mayer population analysis
   geom. index: 1
   prop. index: 1
     Number of atoms                     : 50
     Threshold for printing              : 0.1000000
     Number of bond orders printed       : 61
  NA   - Mulliken gross atomic population
  ZA   - Total nuclear charge
  QA   - Mulliken gross atomic charge
  VA   - Mayer's total valence
  BVA  - Mayer's bonded valence
  FA   - Mayer's free valence
  ATOM       NA         ZA         QA         VA         BVA        FA
  0   0     5.7911     6.0000     0.2089     3.9656     3.9656     0.0000
  1   0     8.3554     8.0000    -0.3554     2.1362     2.1362     0.0000
  2   0     5.8921     6.0000     0.1079     3.8230     3.8230     0.0000
  3   0     5.6954     6.0000     0.3046     3.9536     3.9536     0.0000
  4   0     6.5833     6.0000    -0.5833     3.3700     3.3700    -0.0000
  5   0     6.8412     6.0000    -0.8412     3.4950     3.4950     0.0000
  6   0     5.4430     6.0000     0.5570     1.0277     1.0277     0.0000
  7   0     5.7548     6.0000     0.2452     3.7279     3.7279    -0.0000
  8   0     6.0736     6.0000    -0.0736     3.8575     3.8575     0.0000
  9   0     6.1390     6.0000    -0.1390     3.9474     3.9474     0.0000
 10   0     5.6146     6.0000     0.3854     3.7060     3.7060    -0.0000
 11   0     7.3977     7.0000    -0.3977     2.6259     2.6259     0.0000
 12   0     5.8394     6.0000     0.1606     3.9607     3.9607     0.0000
 13   0     5.8355     6.0000     0.1645     3.9726     3.9726     0.0000
 14   0     6.1868     6.0000    -0.1868     3.7352     3.7352     0.0000
 15   0     6.1709     6.0000    -0.1709     3.8161     3.8161     0.0000
 16   0     5.9588     6.0000     0.0412     3.9463     3.9463     0.0000
 17   0     5.8353     6.0000     0.1647     3.9859     3.9859    -0.0000
 18   0     6.0592     6.0000    -0.0592     3.7764     3.7764    -0.0000
 19   0     6.0400     6.0000    -0.0400     3.7373     3.7373     0.0000
 20   0     8.2489     8.0000    -0.2489     2.2133     2.2133     0.0000
 21   0     8.3775     8.0000    -0.3775     2.1193     2.1193     0.0000
 22   0     5.8077     6.0000     0.1923     3.8722     3.8722    -0.0000
 23   0     8.3198     8.0000    -0.3198     2.2096     2.2096    -0.0000
 24   0     5.8103     6.0000     0.1897     3.9368     3.9368    -0.0000
 25   0    15.2861    17.0000     1.7139     3.1738     3.1738    -0.0000
 26   0     0.9838     1.0000     0.0162     0.9795     0.9795     0.0000
 27   0     1.0091     1.0000    -0.0091     0.9826     0.9826    -0.0000
 28   0     1.0109     1.0000    -0.0109     0.9812     0.9812     0.0000
 29   0     1.0528     1.0000    -0.0528     1.0131     1.0131    -0.0000
 30   0     1.0413     1.0000    -0.0413     1.0624     1.0624     0.0000
 31   0     0.9423     1.0000     0.0577     1.0413     1.0413    -0.0000
 32   0     0.9633     1.0000     0.0367     0.9928     0.9928    -0.0000
 33   0     0.9808     1.0000     0.0192     1.0178     1.0178     0.0000
 34   0     1.0134     1.0000    -0.0134     0.9824     0.9824    -0.0000
 35   0     0.9959     1.0000     0.0041     0.9836     0.9836    -0.0000
 36   0     1.0031     1.0000    -0.0031     0.9862     0.9862     0.0000
 37   0     1.0005     1.0000    -0.0005     0.9759     0.9759    -0.0000
 38   0     0.9978     1.0000     0.0022     0.9895     0.9895    -0.0000
 39   0     1.0811     1.0000    -0.0811     1.0032     1.0032     0.0000
 40   0     1.0239     1.0000    -0.0239     0.9934     0.9934    -0.0000
 41   0     1.0517     1.0000    -0.0517     0.9886     0.9886     0.0000
 42   0     0.7977     1.0000     0.2023     1.0026     1.0026     0.0000
 43   0     0.9714     1.0000     0.0286     0.9873     0.9873    -0.0000
 44   0     0.9732     1.0000     0.0268     0.9839     0.9839     0.0000
 45   0     0.9765     1.0000     0.0235     0.9974     0.9974     0.0000
 46   0     0.9998     1.0000     0.0002     0.9912     0.9912    -0.0000
 47   0     0.9768     1.0000     0.0232     0.9820     0.9820    -0.0000
 48   0     0.9870     1.0000     0.0130     0.9775     0.9775     0.0000
 49   0     1.8085     1.0000    -0.8085     1.3994     1.3994    -0.0000
      Bond orders larger than 0.1000000
           Atom A     A.N. of A          Atom B    A.N. of B              Bond order
                0             6               1            8                1.016962
                0             6              26            1                0.970045
                0             6              27            1                0.958828
                0             6              28            1                0.954979
                1             8               2            6                1.046958
                2             6               3            6                1.533163
                2             6              15            6                1.117333
                3             6               4            6                1.138797
                3             6              23            8                1.118229
                4             6               5            6                0.537813
                4             6              25           17                0.331735
                4             6              29            1                1.000437
                5             6               6            6                0.455758
                5             6              14            6                0.868481
                5             6              25           17                1.366899
                5             6              30            1                0.247555
                6             6               7            6                0.798608
                6             6              11            7               -0.643240
                6             6              25           17               -0.136410
                6             6              30            1                0.568341
                6             6              31            1                0.122661
                6             6              49            1               -0.463231
                7             6               8            6                0.997026
                7             6              31            1                0.817532
                7             6              32            1                0.858236
                8             6               9            6                1.286025
                8             6              19            6                1.317514
                9             6              10            6                1.031335
                9             6              16            6                1.428050
               10             6              11            7                0.867111
               10             6              33            1                0.882303
               10             6              34            1                0.847485
               11             7              12            6                0.907798
               11             7              25           17                0.432952
               11             7              49            1                0.678257
               12             6              13            6                1.044291
               12             6              35            1                0.908671
               12             6              36            1                0.921534
               13             6              14            6                1.091091
               13             6              37            1                0.885286
               13             6              38            1                0.894283
               14             6              15            6                1.475741
               15             6              39            1                0.992833
               16             6              17            6                1.289579
               16             6              21            8                1.085813
               17             6              18            6                1.326392
               17             6              20            8                1.215637
               18             6              19            6                1.337371
               18             6              40            1                1.000763
               19             6              41            1                1.003825
               20             8              42            1                0.926277
               21             8              22            6                0.927469
               22             6              43            1                0.972699
               22             6              44            1                0.978155
               22             6              45            1                0.960545
               23             8              24            6                0.993999
               24             6              46            1                0.953625
               24             6              47            1                0.971022
               24             6              48            1                0.963641
               25            17              49            1                0.816266
               30             1              49            1                0.137302
# -----------------------------------------------------------
$ Calculation_Info
   description: Details of the calculation
   geom. index: 1
   prop. index: 1
     Multiplicity:                          1
     Charge:                                0
     number of atoms:                       50
     number of electrons:                   0
     number of frozen core electrons:       1
     number of correlated electrons:        0
     number of basis functions:             488
     number of aux C basis functions:       0
     number of aux J basis functions:       1540
     number of aux JK basis functions:      0
     number of aux CABS basis functions:    0
     Total Energy                           -1584.355319
# -----------------------------------------------------------
$ SCF_Electric_Properties
   description: The SCF Calculated Electric Properties
   geom. index: 1
   prop. index: 1
       Filename                          : 108.scfp 
       Do Dipole Moment Calculation      : true 
       Do Quadrupole Moment Calculation  : false 
       Do Polarizability Calculation     : true 
** Dipole moment part of electric properties **
        Magnitude of dipole moment (Debye) :        7.0976118669
        Electronic Contribution:
                  0    
      0      -3.098816
      1      -1.545980
      2      -6.268612
        Nuclear Contribution:
                  0    
      0       0.362830
      1       2.076600
      2       6.442069
        Total Dipole moment:
                  0    
      0      -2.735986
      1       0.530620
      2       0.173457
** Polarizabilities part of electric properties **
        Isotropic polarizability :      340.2603549964
        The raw cartesian tensor (atomic units):
                  0          1          2    
      0     526.836769 -13.975288  76.664303
      1     -13.975288 195.951594 -51.877967
      2      76.664303 -51.877967 297.992702
        Diagonalised polarizability tensor :
                  0    
      0     173.316406
      1     294.998102
      2     552.466558
# -------------------------------------------------------------
----------------------- !GEOMETRIES! ------------------------
# -------------------------------------------------------------
------------------------ !GEOMETRY! -------------------------
    Number of atoms:    50 
    Geometry Index:     1 
    Coordinates:
               0 C      5.883285000000   -0.780883000000    2.192162000000
               1 O      5.401082000000   -0.092232000000    1.073614000000
               2 C      4.055651000000   -0.176104000000    0.741389000000
               3 C      3.635641000000    0.522278000000   -0.369950000000
               4 C      2.273197000000    0.421939000000   -0.684956000000
               5 C      1.425893000000   -0.336360000000    0.086904000000
               6 C     -0.012058000000   -0.452988000000   -0.230312000000
               7 C     -0.426837000000    0.447866000000   -1.366828000000
               8 C     -1.871504000000    0.217571000000   -1.582923000000
               9 C     -2.667049000000    0.142011000000   -0.459171000000
              10 C     -2.040937000000    0.293738000000    0.875683000000
              11 N     -0.716513000000   -0.177816000000    0.982151000000
              12 C     -0.467529000000   -1.091207000000    2.043559000000
              13 C      0.853214000000   -1.816953000000    1.954584000000
              14 C      1.856173000000   -1.028643000000    1.193178000000
              15 C      3.197469000000   -0.949788000000    1.531010000000
              16 C     -4.024532000000   -0.071933000000   -0.594951000000
              17 C     -4.617585000000   -0.215046000000   -1.853650000000
              18 C     -3.813543000000   -0.138118000000   -2.976180000000
              19 C     -2.457661000000    0.076560000000   -2.816540000000
              20 O     -5.986576000000   -0.430286000000   -1.978113000000
              21 O     -4.790391000000   -0.141801000000    0.556448000000
              22 C     -5.342330000000    1.090850000000    1.041977000000
              23 O      4.529102000000    1.274494000000   -1.117949000000
              24 C      4.197923000000    2.008925000000   -2.249775000000
              25 Cl     0.685317000000    0.000000000000    0.000000000000
              26 H      6.929467000000   -0.487221000000    2.427406000000
              27 H      5.778639000000   -1.867074000000    1.993958000000
              28 H      5.255001000000   -0.493639000000    3.061452000000
              29 H      1.942520000000    0.971359000000   -1.559341000000
              30 H     -0.184234000000   -1.501302000000   -0.588481000000
              31 H     -0.278663000000    1.495219000000   -1.009416000000
              32 H      0.176453000000    0.215031000000   -2.254299000000
              33 H     -2.718490000000   -0.137779000000    1.654439000000
              34 H     -2.034757000000    1.402960000000    1.089006000000
              35 H     -0.454771000000   -0.489508000000    2.999408000000
              36 H     -1.264686000000   -1.847822000000    2.183877000000
              37 H      0.743768000000   -2.800305000000    1.447706000000
              38 H      1.217911000000   -1.995730000000    2.988283000000
              39 H      3.544352000000   -1.491765000000    2.400442000000
              40 H     -4.279295000000   -0.250277000000   -3.959135000000
              41 H     -1.826939000000    0.137396000000   -3.685254000000
              42 H     -6.526953000000   -0.477988000000   -1.126917000000
              43 H     -4.919079000000    1.310824000000    2.049236000000
              44 H     -6.439586000000    0.987141000000    1.084915000000
              45 H     -5.087092000000    1.941043000000    0.401642000000
              46 H      3.215008000000    2.514779000000   -2.058726000000
              47 H      4.943639000000    2.847743000000   -2.344275000000
              48 H      4.194201000000    1.420843000000   -3.187286000000
              49 H     -0.685317000000    0.000000000000    0.000000000000
