-------------------------------------------------------------
----------------------- !PROPERTIES! ------------------------
-------------------------------------------------------------
# -----------------------------------------------------------
$ SCF_Energy
   description: The SCF energy
   geom. index: 1
   prop. index: 1
        SCF Energy:    -1299.6752295571
# -----------------------------------------------------------
$ DFT_Energy
   description: The DFT energy
   geom. index: 1
   prop. index: 1
   Number of Alpha Electrons                 77.9999879150 
   Number of Beta  Electrons                 77.9999879150 
   Total number of  Electrons               155.9999758301 
   Exchange energy                         -113.4827883103 
   Correlation energy                        -6.4597041470 
   Correlation energy NL                      0.0000000000 
   Exchange-Correlation energy             -119.9424924574 
   Embedding correction                       0.0000000000 
   Total DFT Energy (No VdW correction)   -1299.6752295571 
# -----------------------------------------------------------
$ Mayer_Pop
   description: The Mayer population analysis
   geom. index: 1
   prop. index: 1
     Number of atoms                     : 39
     Threshold for printing              : 0.1000000
     Number of bond orders printed       : 48
  NA   - Mulliken gross atomic population
  ZA   - Total nuclear charge
  QA   - Mulliken gross atomic charge
  VA   - Mayer's total valence
  BVA  - Mayer's bonded valence
  FA   - Mayer's free valence
  ATOM       NA         ZA         QA         VA         BVA        FA
  0   0     6.0151     6.0000    -0.0151     4.0314     4.0314    -0.0000
  1   0     6.0589     6.0000    -0.0589     4.0718     4.0718    -0.0000
  2   0     5.7859     6.0000     0.2141     4.0222     4.0222    -0.0000
  3   0     8.3218     8.0000    -0.3218     2.1790     2.1790    -0.0000
  4   0     6.3256     6.0000    -0.3256     4.1578     4.1578     0.0000
  5   0     8.0251     8.0000    -0.0251     1.8607     1.8607    -0.0000
  6   0     5.9931     6.0000     0.0069     3.4072     3.4072     0.0000
  7   0     6.1699     6.0000    -0.1699     3.9279     3.9279    -0.0000
  8   0     7.0646     7.0000    -0.0646     3.1773     3.1773    -0.0000
  9   0     6.0499     6.0000    -0.0499     3.8218     3.8218     0.0000
 10   0     6.9310     7.0000     0.0690     3.0320     3.0320     0.0000
 11   0     5.5812     6.0000     0.4188     3.3548     3.3548     0.0000
 12   0     5.8538     6.0000     0.1462     3.7899     3.7899     0.0000
 13   0     6.0857     6.0000    -0.0857     3.9591     3.9591    -0.0000
 14   0     6.0088     6.0000    -0.0088     3.8583     3.8583    -0.0000
 15   0     5.9648     6.0000     0.0352     3.8375     3.8375     0.0000
 16   0     5.9618     6.0000     0.0382     3.8199     3.8199     0.0000
 17   0     5.9613     6.0000     0.0387     3.8075     3.8075     0.0000
 18   0     5.9839     6.0000     0.0161     3.8397     3.8397    -0.0000
 19   0    16.3513    17.0000     0.6487     3.6348     3.6348     0.0000
 20   0     0.9818     1.0000     0.0182     0.9822     0.9822     0.0000
 21   0     0.9752     1.0000     0.0248     0.9839     0.9839    -0.0000
 22   0     0.9960     1.0000     0.0040     0.9952     0.9952     0.0000
 23   0     0.9879     1.0000     0.0121     0.9776     0.9776    -0.0000
 24   0     0.9874     1.0000     0.0126     1.0102     1.0102    -0.0000
 25   0     0.9746     1.0000     0.0254     0.9821     0.9821    -0.0000
 26   0     0.9929     1.0000     0.0071     0.9819     0.9819    -0.0000
 27   0     1.0356     1.0000    -0.0356     1.0037     1.0037     0.0000
 28   0     0.9968     1.0000     0.0032     1.0084     1.0084     0.0000
 29   0     1.0848     1.0000    -0.0848     1.1052     1.1052     0.0000
 30   0     0.9537     1.0000     0.0463     0.9983     0.9983     0.0000
 31   0     0.9565     1.0000     0.0435     1.0013     1.0013    -0.0000
 32   0     0.9800     1.0000     0.0200     1.0082     1.0082    -0.0000
 33   0     1.0124     1.0000    -0.0124     0.9915     0.9915    -0.0000
 34   0     1.0252     1.0000    -0.0252     0.9772     0.9772     0.0000
 35   0     1.0192     1.0000    -0.0192     0.9775     0.9775     0.0000
 36   0     1.0135     1.0000    -0.0135     0.9777     0.9777     0.0000
 37   0     1.0322     1.0000    -0.0322     0.9984     0.9984     0.0000
 38   0     1.5007     1.0000    -0.5007     1.3316     1.3316     0.0000
      Bond orders larger than 0.1000000
           Atom A     A.N. of A          Atom B    A.N. of B              Bond order
                0             6               1            6                1.090592
                0             6              20            1                0.966093
                0             6              21            1                0.972354
                0             6              22            1                0.967099
                1             6               2            6                1.079230
                1             6              23            1                0.940626
                1             6              24            1                0.938237
                2             6               3            8                0.944931
                2             6              25            1                0.940080
                2             6              26            1                0.953982
                3             8               4            6                1.174244
                4             6               5            8                0.780733
                4             6               6            6                0.352712
                4             6              11            6                0.111961
                4             6              19           17                1.461733
                5             8              19           17                0.842924
                6             6               7            6                1.169493
                6             6              10            7                0.967588
                6             6              19           17                0.697857
                6             6              29            1                0.104711
                7             6               8            7                1.491082
                7             6              27            1                0.988623
                8             7               9            6                1.572666
                9             6              10            7                0.959834
                9             6              28            1                0.962324
               10             7              11            6                0.490977
               10             7              38            1                0.397514
               11             6              12            6                0.976437
               11             6              13            6                0.948181
               11             6              29            1                0.517866
               11             6              38            1                0.293684
               12             6              30            1                0.927085
               12             6              31            1                0.945318
               12             6              32            1                0.942543
               13             6              14            6                1.354463
               13             6              18            6                1.427401
               14             6              15            6                1.392185
               14             6              33            1                0.977929
               15             6              16            6                1.361678
               15             6              34            1                0.993471
               16             6              17            6                1.386860
               16             6              35            1                0.989581
               17             6              18            6                1.348120
               17             6              36            1                0.984469
               18             6              37            1                0.983413
               19            17              29            1                0.112296
               19            17              38            1                0.329602
               29             1              38            1                0.134981
# -----------------------------------------------------------
$ Calculation_Info
   description: Details of the calculation
   geom. index: 1
   prop. index: 1
     Multiplicity:                          1
     Charge:                                0
     number of atoms:                       39
     number of electrons:                   0
     number of frozen core electrons:       1
     number of correlated electrons:        0
     number of basis functions:             379
     number of aux C basis functions:       0
     number of aux J basis functions:       1191
     number of aux JK basis functions:      0
     number of aux CABS basis functions:    0
     Total Energy                           -1299.675230
# -----------------------------------------------------------
$ SCF_Electric_Properties
   description: The SCF Calculated Electric Properties
   geom. index: 1
   prop. index: 1
       Filename                          : 286.scfp 
       Do Dipole Moment Calculation      : true 
       Do Quadrupole Moment Calculation  : false 
       Do Polarizability Calculation     : true 
** Dipole moment part of electric properties **
        Magnitude of dipole moment (Debye) :        5.9915636773
        Electronic Contribution:
                  0    
      0      -7.889916
      1      -7.365294
      2      -0.534300
        Nuclear Contribution:
                  0    
      0       7.913064
      1       9.679697
      2       0.980914
        Total Dipole moment:
                  0    
      0       0.023148
      1       2.314403
      2       0.446613
** Polarizabilities part of electric properties **
        Isotropic polarizability :      219.7115616655
        The raw cartesian tensor (atomic units):
                  0          1          2    
      0     327.793930 -20.185016   0.799373
      1     -20.185016 182.326374  -4.611095
      2       0.799373  -4.611095 149.014381
        Diagonalised polarizability tensor :
                  0    
      0     148.365788
      1     180.215023
      2     330.553874
# -------------------------------------------------------------
----------------------- !GEOMETRIES! ------------------------
# -------------------------------------------------------------
------------------------ !GEOMETRY! -------------------------
    Number of atoms:    39 
    Geometry Index:     1 
    Coordinates:
               0 C      5.582264000000    1.537266000000   -0.700335000000
               1 C      4.248787000000    0.851828000000   -0.922138000000
               2 C      4.188750000000   -0.326126000000    0.045487000000
               3 O      2.995161000000   -1.055714000000   -0.053981000000
               4 C      1.725812000000   -0.541413000000    0.164147000000
               5 O      1.626533000000    0.665913000000    0.474579000000
               6 C      0.563283000000   -1.418140000000    0.025139000000
               7 C      0.535679000000   -2.749705000000   -0.306429000000
               8 N     -0.726511000000   -3.161314000000   -0.321021000000
               9 C     -1.476806000000   -2.096766000000   -0.001825000000
              10 N     -0.692412000000   -1.024690000000    0.211641000000
              11 C     -1.204894000000    0.279215000000    0.574752000000
              12 C     -1.197645000000    0.546135000000    2.038113000000
              13 C     -2.607888000000    0.369411000000    0.092836000000
              14 C     -3.643502000000   -0.039998000000    0.923681000000
              15 C     -4.966597000000    0.017092000000    0.539292000000
              16 C     -5.249029000000    0.500857000000   -0.718068000000
              17 C     -4.237892000000    0.913064000000   -1.560387000000
              18 C     -2.929811000000    0.846663000000   -1.155524000000
              19 Cl     0.684697000000    0.000000000000    0.000000000000
              20 H      5.941881000000    1.950211000000   -1.672198000000
              21 H      5.548438000000    2.290821000000    0.093976000000
              22 H      6.307121000000    0.746786000000   -0.419276000000
              23 H      4.210225000000    0.519920000000   -1.967282000000
              24 H      3.403468000000    1.544387000000   -0.754415000000
              25 H      5.026111000000   -1.002478000000   -0.271287000000
              26 H      4.437447000000   -0.007738000000    1.077126000000
              27 H      1.448543000000   -3.334584000000   -0.516914000000
              28 H     -2.574771000000   -2.138439000000    0.064728000000
              29 H     -0.615101000000    1.034182000000   -0.018790000000
              30 H     -1.098119000000   -0.349954000000    2.670539000000
              31 H     -2.128385000000    1.075119000000    2.399721000000
              32 H     -0.377200000000    1.291571000000    2.249543000000
              33 H     -3.424503000000   -0.427429000000    1.929121000000
              34 H     -5.718072000000   -0.315813000000    1.231503000000
              35 H     -6.281778000000    0.550648000000   -1.031113000000
              36 H     -4.510195000000    1.291721000000   -2.553952000000
              37 H     -2.128392000000    1.167489000000   -1.808469000000
              38 H     -0.684697000000    0.000000000000    0.000000000000
