-------------------------------------------------------------
----------------------- !PROPERTIES! ------------------------
-------------------------------------------------------------
# -------------------------------------------------------------
----------------------- !GEOMETRIES! ------------------------
# -------------------------------------------------------------
------------------------ !GEOMETRY! -------------------------
    Number of atoms:    56 
    Geometry Index:     1 
    Coordinates:
               0  C      3.765718000000   -2.494282000000   -1.786421000000
               1  C      3.763723000000   -0.985592000000   -1.492414000000
               2  O      3.353220000000   -0.829413000000   -0.200386000000
               3  C      3.266062000000    0.444791000000    0.285197000000
               4  C      4.574236000000    1.148077000000    0.284172000000
               5  C      5.049726000000    1.071987000000    1.707782000000
               6  C      3.948944000000    0.549575000000    2.560207000000
               7  N      2.825112000000    0.363322000000    1.675476000000
               8  C      1.441782000000    0.126989000000    1.893410000000
               9  O      1.081733000000   -0.369468000000    3.013363000000
              10  C      0.399333000000    0.416015000000    0.916744000000
              11  C     -0.868946000000    0.168210000000    1.096413000000
              12  C     -1.946438000000    0.440681000000    0.164601000000
              13  C     -2.867721000000   -0.476832000000   -0.310287000000
              14  N     -3.719800000000    0.166468000000   -1.095371000000
              15  C     -3.423158000000    1.481511000000   -1.177889000000
              16  C     -3.990089000000    2.549220000000   -1.831279000000
              17  C     -3.460351000000    3.815282000000   -1.709560000000
              18  C     -2.337793000000    4.040374000000   -0.920910000000
              19  C     -1.806018000000    2.945184000000   -0.288892000000
              20  C     -2.303555000000    1.653594000000   -0.381763000000
              21  C     -2.862377000000   -1.943990000000    0.035532000000
              22  C     -4.040529000000   -2.595200000000   -0.648939000000
              23  C     -1.599618000000   -2.565130000000   -0.506694000000
              24  C     -3.006833000000   -2.139269000000    1.493053000000
              25  C     -3.986204000000   -1.557286000000    2.153860000000
              26  N      0.825643000000    0.966089000000   -0.316879000000
              27  C      2.235233000000    1.193570000000   -0.499324000000
              28  O      2.620784000000    2.043686000000   -1.339256000000
              29  H      3.397405000000   -2.677271000000   -2.804043000000
              30  H      4.816511000000   -2.877818000000   -1.636969000000
              31  H      3.121158000000   -3.036964000000   -1.059325000000
              32  H      4.755379000000   -0.628948000000   -1.758097000000
              33  H      2.996295000000   -0.549552000000   -2.192622000000
              34  H      4.439179000000    2.212431000000   -0.019935000000
              35  H      5.330335000000    0.647941000000   -0.353336000000
              36  H      5.923941000000    0.395983000000    1.826371000000
              37  H      5.393028000000    2.076769000000    2.028315000000
              38  H      4.213872000000   -0.386612000000    3.110846000000
              39  H      3.735213000000    1.303397000000    3.359842000000
              40  H     -1.122063000000   -0.298302000000    2.068146000000
              41  H     -4.521717000000   -0.277226000000   -1.591388000000
              42  H     -4.861045000000    2.353380000000   -2.439298000000
              43  H     -3.891272000000    4.654921000000   -2.212930000000
              44  H     -1.931757000000    5.038052000000   -0.833009000000
              45  H     -0.918806000000    3.102160000000    0.338090000000
              46  H     -3.914011000000   -2.596830000000   -1.768360000000
              47  H     -4.126482000000   -3.647921000000   -0.350332000000
              48  H     -4.977586000000   -2.095204000000   -0.351069000000
              49  H     -1.080602000000   -3.187936000000    0.265593000000
              50  H     -1.808021000000   -3.198760000000   -1.403215000000
              51  H     -0.905874000000   -1.767326000000   -0.845722000000
              52  H     -2.305515000000   -2.761271000000    2.013258000000
              53  H     -4.120376000000   -1.681769000000    3.231884000000
              54  H     -4.718819000000   -0.919697000000    1.667161000000
              55  H      0.149811000000    1.176210000000   -1.063403000000
