-------------------------------------------------------------
----------------------- !PROPERTIES! ------------------------
-------------------------------------------------------------
# -----------------------------------------------------------
$ SCF_Energy
   description: The SCF energy
   geom. index: 1
   prop. index: 1
        SCF Energy:    -1377.7884072850
# -----------------------------------------------------------
$ DFT_Energy
   description: The DFT energy
   geom. index: 1
   prop. index: 1
   Number of Alpha Electrons                113.0001376202 
   Number of Beta  Electrons                113.0001376202 
   Total number of  Electrons               226.0002752404 
   Exchange energy                         -148.6947187904 
   Correlation energy                        -9.0531363783 
   Correlation energy NL                      0.0000000000 
   Exchange-Correlation energy             -157.7478551687 
   Embedding correction                       0.0000000000 
   Total DFT Energy (No VdW correction)   -1377.7884072850 
# -----------------------------------------------------------
$ Mayer_Pop
   description: The Mayer population analysis
   geom. index: 1
   prop. index: 1
     Number of atoms                     : 58
     Threshold for printing              : 0.1000000
     Number of bond orders printed       : 62
  NA   - Mulliken gross atomic population
  ZA   - Total nuclear charge
  QA   - Mulliken gross atomic charge
  VA   - Mayer's total valence
  BVA  - Mayer's bonded valence
  FA   - Mayer's free valence
  ATOM       NA         ZA         QA         VA         BVA        FA
  0   0     5.9165     6.0000     0.0835     3.8884     3.8884    -0.0000
  1   0     6.0313     6.0000    -0.0313     3.9736     3.9736    -0.0000
  2   0     6.0048     6.0000    -0.0048     3.8504     3.8504     0.0000
  3   0     6.0171     6.0000    -0.0171     3.8165     3.8165     0.0000
  4   0     5.8218     6.0000     0.1782     3.7387     3.7387     0.0000
  5   0     6.0275     6.0000    -0.0275     3.7839     3.7839    -0.0000
  6   0     5.9989     6.0000     0.0011     3.8093     3.8093    -0.0000
  7   0     6.0785     6.0000    -0.0785     4.0588     4.0588     0.0000
  8   0     6.9543     7.0000     0.0457     3.0129     3.0129     0.0000
  9   0     8.2679     8.0000    -0.2679     2.0859     2.0859     0.0000
 10   0     5.7404     6.0000     0.2596     3.9565     3.9565     0.0000
 11   0     6.1190     6.0000    -0.1190     3.8078     3.8078     0.0000
 12   0     5.7788     6.0000     0.2212     4.2128     4.2128    -0.0000
 13   0     8.2379     8.0000    -0.2379     2.2826     2.2826     0.0000
 14   0     7.3229     7.0000    -0.3229     3.1909     3.1909    -0.0000
 15   0     5.7591     6.0000     0.2409     4.1277     4.1277    -0.0000
 16   0     8.2728     8.0000    -0.2728     2.1172     2.1172     0.0000
 17   0     5.8061     6.0000     0.1939     4.0213     4.0213     0.0000
 18   0     6.0052     6.0000    -0.0052     4.0686     4.0686     0.0000
 19   0     5.9056     6.0000     0.0944     3.8241     3.8241     0.0000
 20   0     5.9171     6.0000     0.0829     3.8573     3.8573     0.0000
 21   0     6.0140     6.0000    -0.0140     3.8446     3.8446     0.0000
 22   0     5.9647     6.0000     0.0353     3.8130     3.8130     0.0000
 23   0     5.9838     6.0000     0.0162     3.8376     3.8376     0.0000
 24   0     5.9722     6.0000     0.0278     3.8166     3.8166     0.0000
 25   0     6.0587     6.0000    -0.0587     3.8503     3.8503     0.0000
 26   0     5.9186     6.0000     0.0814     3.8454     3.8454     0.0000
 27   0     6.0248     6.0000    -0.0248     3.8613     3.8613    -0.0000
 28   0     5.9663     6.0000     0.0337     3.8418     3.8418    -0.0000
 29   0     5.9749     6.0000     0.0251     3.8327     3.8327    -0.0000
 30   0     5.9751     6.0000     0.0249     3.8486     3.8486     0.0000
 31   0     6.0202     6.0000    -0.0202     3.8579     3.8579     0.0000
 32   0     0.9867     1.0000     0.0133     0.9983     0.9983    -0.0000
 33   0     0.9694     1.0000     0.0306     0.9867     0.9867    -0.0000
 34   0     0.9711     1.0000     0.0289     0.9888     0.9888    -0.0000
 35   0     1.0442     1.0000    -0.0442     0.9853     0.9853    -0.0000
 36   0     1.0357     1.0000    -0.0357     1.0120     1.0120     0.0000
 37   0     1.0231     1.0000    -0.0231     1.0018     1.0018    -0.0000
 38   0     1.0433     1.0000    -0.0433     0.9864     0.9864    -0.0000
 39   0     1.0065     1.0000    -0.0065     1.0010     1.0010     0.0000
 40   0     0.9553     1.0000     0.0447     0.9868     0.9868     0.0000
 41   0     0.9960     1.0000     0.0040     0.9979     0.9979    -0.0000
 42   0     0.8013     1.0000     0.1987     1.0053     1.0053     0.0000
 43   0     0.9818     1.0000     0.0182     0.9902     0.9902     0.0000
 44   0     0.9906     1.0000     0.0094     1.0038     1.0038     0.0000
 45   0     0.9757     1.0000     0.0243     1.0006     1.0006     0.0000
 46   0     0.9957     1.0000     0.0043     0.9812     0.9812     0.0000
 47   0     1.0214     1.0000    -0.0214     1.0301     1.0301    -0.0000
 48   0     1.0455     1.0000    -0.0455     0.9877     0.9877    -0.0000
 49   0     1.0217     1.0000    -0.0217     0.9771     0.9771     0.0000
 50   0     1.0189     1.0000    -0.0189     0.9755     0.9755    -0.0000
 51   0     1.0287     1.0000    -0.0287     0.9750     0.9750     0.0000
 52   0     1.0445     1.0000    -0.0445     0.9916     0.9916    -0.0000
 53   0     1.0555     1.0000    -0.0555     0.9829     0.9829     0.0000
 54   0     1.0300     1.0000    -0.0300     0.9747     0.9747     0.0000
 55   0     1.0295     1.0000    -0.0295     0.9751     0.9751    -0.0000
 56   0     1.0332     1.0000    -0.0332     0.9745     0.9745     0.0000
 57   0     1.0379     1.0000    -0.0379     0.9858     0.9858     0.0000
      Bond orders larger than 0.1000000
           Atom A     A.N. of A          Atom B    A.N. of B              Bond order
                0             6               1            6                1.059327
                0             6              32            1                0.959192
                0             6              33            1                0.950847
                0             6              34            1                0.952141
                1             6               2            6                1.408561
                1             6               6            6                1.370740
                2             6               3            6                1.343034
                2             6              35            1                0.985542
                3             6               4            6                1.363450
                3             6              36            1                0.985328
                4             6               5            6                1.348818
                4             6               7            6                1.010864
                5             6               6            6                1.352783
                5             6              37            1                1.000754
                6             6              38            1                0.996258
                7             6               8            7                1.896507
                7             6              11            6                0.987145
                8             7               9            8                0.948855
                9             8              10            6                0.963413
               10             6              11            6                1.050630
               10             6              15            6                0.975744
               10             6              39            1                0.907422
               11             6              12            6                0.907025
               11             6              40            1                0.852974
               12             6              13            8                2.093647
               12             6              14            7                1.111060
               14             7              15            6                0.977687
               14             7              17            6                0.988214
               15             6              16            8                1.123144
               15             6              41            1                0.939785
               16             8              42            1                0.939372
               17             6              18            6                1.111662
               17             6              43            1                0.916625
               17             6              44            1                0.921626
               18             6              19            6                1.061141
               18             6              45            1                0.917033
               18             6              46            1                0.897183
               19             6              20            6                0.979266
               19             6              26            6                0.976621
               19             6              47            1                0.875493
               20             6              21            6                1.410235
               20             6              25            6                1.381745
               21             6              22            6                1.350768
               21             6              48            1                0.987578
               22             6              23            6                1.390072
               22             6              49            1                0.986536
               23             6              24            6                1.385726
               23             6              50            1                0.987096
               24             6              25            6                1.359499
               24             6              51            1                0.988851
               25             6              52            1                0.993193
               26             6              27            6                1.413065
               26             6              31            6                1.360632
               27             6              28            6                1.353372
               27             6              53            1                0.997863
               28             6              29            6                1.409802
               28             6              54            1                0.984813
               29             6              30            6                1.361955
               29             6              55            1                0.992462
               30             6              31            6                1.408687
               30             6              56            1                0.983705
               31             6              57            1                0.990073
# -----------------------------------------------------------
$ Calculation_Info
   description: Details of the calculation
   geom. index: 1
   prop. index: 1
     Multiplicity:                          1
     Charge:                                0
     number of atoms:                       58
     number of electrons:                   0
     number of frozen core electrons:       1
     number of correlated electrons:        0
     number of basis functions:             578
     number of aux C basis functions:       0
     number of aux J basis functions:       1854
     number of aux JK basis functions:      0
     number of aux CABS basis functions:    0
     Total Energy                           -1377.788407
# -----------------------------------------------------------
$ SCF_Electric_Properties
   description: The SCF Calculated Electric Properties
   geom. index: 1
   prop. index: 1
       Filename                          : 275.scfp 
       Do Dipole Moment Calculation      : true 
       Do Quadrupole Moment Calculation  : false 
       Do Polarizability Calculation     : true 
** Dipole moment part of electric properties **
        Magnitude of dipole moment (Debye) :        2.1050815896
        Electronic Contribution:
                  0    
      0       2.844141
      1       5.480726
      2      -6.384400
        Nuclear Contribution:
                  0    
      0      -3.345309
      1      -5.492303
      2       5.725167
        Total Dipole moment:
                  0    
      0      -0.501168
      1      -0.011577
      2      -0.659233
** Polarizabilities part of electric properties **
        Isotropic polarizability :      302.2179890169
        The raw cartesian tensor (atomic units):
                  0          1          2    
      0     354.524930 -16.944143  35.485668
      1     -16.944143 297.111828 -25.881027
      2      35.485668 -25.881027 255.017209
        Diagonalised polarizability tensor :
                  0    
      0     236.853823
      1     296.082425
      2     373.717720
# -------------------------------------------------------------
----------------------- !GEOMETRIES! ------------------------
# -------------------------------------------------------------
------------------------ !GEOMETRY! -------------------------
    Number of atoms:    58 
    Geometry Index:     1 
    Coordinates:
               0 C      8.373679000000   -1.001711000000    1.473395000000
               1 C      7.109776000000   -0.453317000000    0.881273000000
               2 C      6.081170000000   -1.286547000000    0.504452000000
               3 C      4.895542000000   -0.788425000000   -0.049677000000
               4 C      4.731352000000    0.565776000000   -0.231898000000
               5 C      5.763074000000    1.392776000000    0.146749000000
               6 C      6.940422000000    0.902214000000    0.696641000000
               7 C      3.486870000000    1.108027000000   -0.813215000000
               8 N      3.203250000000    2.335822000000   -1.044327000000
               9 O      1.964390000000    2.523238000000   -1.592114000000
              10 C      1.532795000000    1.267725000000   -2.065222000000
              11 C      2.337843000000    0.291968000000   -1.227006000000
              12 C      1.439151000000   -0.073468000000   -0.128639000000
              13 O      1.681783000000   -0.889253000000    0.776394000000
              14 N      0.205698000000    0.648393000000   -0.228679000000
              15 C      0.085925000000    1.075955000000   -1.622654000000
              16 O     -0.532993000000    0.165977000000   -2.442844000000
              17 C     -0.694806000000    0.939615000000    0.834951000000
              18 C     -1.742764000000   -0.046408000000    1.165281000000
              19 C     -2.736780000000   -0.419712000000    0.149778000000
              20 C     -3.560105000000    0.690304000000   -0.368716000000
              21 C     -3.962693000000    1.782132000000    0.366334000000
              22 C     -4.743066000000    2.787211000000   -0.206904000000
              23 C     -5.129756000000    2.711105000000   -1.523214000000
              24 C     -4.735616000000    1.630096000000   -2.264577000000
              25 C     -3.964831000000    0.643935000000   -1.686572000000
              26 C     -3.611875000000   -1.514287000000    0.704037000000
              27 C     -4.125227000000   -1.527939000000    1.958080000000
              28 C     -4.929685000000   -2.562943000000    2.429058000000
              29 C     -5.239464000000   -3.623264000000    1.634437000000
              30 C     -4.721213000000   -3.624415000000    0.345932000000
              31 C     -3.930435000000   -2.602227000000   -0.109765000000
              32 H      8.272358000000   -2.090361000000    1.566883000000
              33 H      9.252068000000   -0.734085000000    0.816796000000
              34 H      8.567788000000   -0.484337000000    2.436935000000
              35 H      6.220095000000   -2.343297000000    0.651378000000
              36 H      4.122357000000   -1.466171000000   -0.330122000000
              37 H      5.624334000000    2.448642000000   -0.000021000000
              38 H      7.755757000000    1.545421000000    0.996724000000
              39 H      1.706982000000    1.067479000000   -3.115274000000
              40 H      2.657201000000   -0.595847000000   -1.796678000000
              41 H     -0.471073000000    2.032499000000   -1.673429000000
              42 H     -1.276378000000    0.587910000000   -2.971752000000
              43 H     -0.130286000000    1.119761000000    1.812557000000
              44 H     -1.169093000000    1.969489000000    0.687031000000
              45 H     -1.239261000000   -1.003631000000    1.504893000000
              46 H     -2.308983000000    0.261957000000    2.097554000000
              47 H     -2.210661000000   -0.898325000000   -0.696924000000
              48 H     -3.663538000000    1.846808000000    1.395099000000
              49 H     -5.061579000000    3.652822000000    0.377876000000
              50 H     -5.744075000000    3.491884000000   -1.993205000000
              51 H     -5.053139000000    1.590885000000   -3.303585000000
              52 H     -3.676882000000   -0.188912000000   -2.305669000000
              53 H     -3.937760000000   -0.741324000000    2.642161000000
              54 H     -5.320633000000   -2.534705000000    3.441398000000
              55 H     -5.859137000000   -4.449366000000    1.954711000000
              56 H     -4.973495000000   -4.471005000000   -0.276413000000
              57 H     -3.554376000000   -2.662544000000   -1.132484000000
