-------------------------------------------------------------
----------------------- !PROPERTIES! ------------------------
-------------------------------------------------------------
# -----------------------------------------------------------
$ SCF_Energy
   description: The SCF energy
   geom. index: 1
   prop. index: 1
        SCF Energy:    -1433.4463831833
# -----------------------------------------------------------
$ DFT_Energy
   description: The DFT energy
   geom. index: 1
   prop. index: 1
   Number of Alpha Electrons                100.9999510995 
   Number of Beta  Electrons                100.9999510995 
   Total number of  Electrons               201.9999021990 
   Exchange energy                         -142.8753752181 
   Correlation energy                        -8.3149119105 
   Correlation energy NL                      0.0000000000 
   Exchange-Correlation energy             -151.1902871286 
   Embedding correction                       0.0000000000 
   Total DFT Energy (No VdW correction)   -1433.4463831833 
# -----------------------------------------------------------
$ Mayer_Pop
   description: The Mayer population analysis
   geom. index: 1
   prop. index: 1
     Number of atoms                     : 43
     Threshold for printing              : 0.1000000
     Number of bond orders printed       : 45
  NA   - Mulliken gross atomic population
  ZA   - Total nuclear charge
  QA   - Mulliken gross atomic charge
  VA   - Mayer's total valence
  BVA  - Mayer's bonded valence
  FA   - Mayer's free valence
  ATOM       NA         ZA         QA         VA         BVA        FA
  0   0     5.9215     6.0000     0.0785     3.8737     3.8737    -0.0000
  1   0     5.9401     6.0000     0.0599     4.3137     4.3137     0.0000
  2   0     8.3173     8.0000    -0.3173     2.1664     2.1664     0.0000
  3   0     7.2531     7.0000    -0.2531     3.1784     3.1784     0.0000
  4   0     5.7704     6.0000     0.2296     3.9509     3.9509     0.0000
  5   0     5.8340     6.0000     0.1660     3.9407     3.9407     0.0000
  6   0     6.0710     6.0000    -0.0710     3.8602     3.8602     0.0000
  7   0     6.0000     6.0000    -0.0000     3.8449     3.8449     0.0000
  8   0     6.0399     6.0000    -0.0399     3.7576     3.7576    -0.0000
  9   0     5.6615     6.0000     0.3385     3.8270     3.8270    -0.0000
 10   0     6.0419     6.0000    -0.0419     3.8137     3.8137     0.0000
 11   0     6.0238     6.0000    -0.0238     3.8012     3.8012     0.0000
 12   0     9.2048     9.0000    -0.2048     1.1595     1.1595    -0.0000
 13   0     7.2014     7.0000    -0.2014     3.1857     3.1857     0.0000
 14   0     5.9163     6.0000     0.0837     4.2412     4.2412     0.0000
 15   0     7.1213     7.0000    -0.1213     3.1154     3.1154    -0.0000
 16   0     5.9030     6.0000     0.0970     4.0142     4.0142    -0.0000
 17   0     6.0701     6.0000    -0.0701     3.7786     3.7786    -0.0000
 18   0     5.8989     6.0000     0.1011     3.9933     3.9933    -0.0000
 19   0     7.1499     7.0000    -0.1499     3.1347     3.1347    -0.0000
 20   0     5.8503     6.0000     0.1497     3.9871     3.9871    -0.0000
 21   0     7.1425     7.0000    -0.1425     2.9831     2.9831    -0.0000
 22   0     7.0762     7.0000    -0.0762     2.9942     2.9942     0.0000
 23   0     5.9954     6.0000     0.0046     3.9752     3.9752    -0.0000
 24   0     8.1494     8.0000    -0.1494     2.4143     2.4143    -0.0000
 25   0     5.4484     6.0000     0.5516     4.1559     4.1559    -0.0000
 26   0     9.2038     9.0000    -0.2038     1.1501     1.1501    -0.0000
 27   0     9.2269     9.0000    -0.2269     1.1242     1.1242     0.0000
 28   0     0.9441     1.0000     0.0559     1.0053     1.0053    -0.0000
 29   0     1.0075     1.0000    -0.0075     0.9949     0.9949     0.0000
 30   0     0.9483     1.0000     0.0517     1.0038     1.0038    -0.0000
 31   0     0.8707     1.0000     0.1293     1.0072     1.0072     0.0000
 32   0     0.9862     1.0000     0.0138     0.9943     0.9943     0.0000
 33   0     0.9699     1.0000     0.0301     1.0524     1.0524    -0.0000
 34   0     0.9752     1.0000     0.0248     0.9914     0.9914     0.0000
 35   0     1.0098     1.0000    -0.0098     1.0050     1.0050     0.0000
 36   0     1.0201     1.0000    -0.0201     0.9908     0.9908    -0.0000
 37   0     1.0142     1.0000    -0.0142     0.9909     0.9909    -0.0000
 38   0     1.0175     1.0000    -0.0175     1.0000     1.0000     0.0000
 39   0     0.8501     1.0000     0.1499     1.0079     1.0079    -0.0000
 40   0     0.9687     1.0000     0.0313     1.0150     1.0150    -0.0000
 41   0     1.0006     1.0000    -0.0006     0.9987     0.9987    -0.0000
 42   0     0.9843     1.0000     0.0157     0.9946     0.9946    -0.0000
      Bond orders larger than 0.1000000
           Atom A     A.N. of A          Atom B    A.N. of B              Bond order
                0             6               1            6                1.049368
                0             6              28            1                0.946907
                0             6              29            1                0.945950
                0             6              30            1                0.949329
                1             6               2            8                1.952637
                1             6               3            7                1.164587
                3             7               4            6                0.931694
                3             7              31            1                0.919846
                4             6               5            6                1.085488
                4             6              32            1                0.915076
                4             6              33            1                0.911787
                5             6               6            6                0.941804
                5             6              13            7                0.968865
                5             6              34            1                0.870005
                6             6               7            6                1.467185
                6             6              11            6                1.342202
                7             6               8            6                1.294147
                7             6              35            1                0.973922
                8             6               9            6                1.356563
                8             6              36            1                0.996292
                9             6              10            6                1.336593
                9             6              12            9                1.075241
               10             6              11            6                1.379290
               10             6              37            1                0.997052
               11             6              38            1                0.995060
               13             7              14            6                1.176391
               13             7              39            1                0.901468
               14             6              15            7                1.446946
               14             6              19            7                1.408857
               15             7              16            6                1.542615
               16             6              17            6                1.348148
               16             6              40            1                0.972211
               17             6              18            6                1.334618
               17             6              20            6                1.029145
               18             6              19            7                1.531188
               18             6              41            1                0.986387
               20             6              21            7                1.598835
               20             6              24            8                1.207076
               21             7              22            7                1.251579
               22             7              23            6                1.640380
               23             6              24            8                1.134453
               23             6              25            6                1.010352
               25             6              26            9                1.101052
               25             6              27            9                1.078218
               25             6              42            1                0.942614
# -----------------------------------------------------------
$ Calculation_Info
   description: Details of the calculation
   geom. index: 1
   prop. index: 1
     Multiplicity:                          1
     Charge:                                0
     number of atoms:                       43
     number of electrons:                   0
     number of frozen core electrons:       1
     number of correlated electrons:        0
     number of basis functions:             467
     number of aux C basis functions:       0
     number of aux J basis functions:       1537
     number of aux JK basis functions:      0
     number of aux CABS basis functions:    0
     Total Energy                           -1433.446383
# -----------------------------------------------------------
$ SCF_Electric_Properties
   description: The SCF Calculated Electric Properties
   geom. index: 1
   prop. index: 1
       Filename                          : 254.scfp 
       Do Dipole Moment Calculation      : true 
       Do Quadrupole Moment Calculation  : false 
       Do Polarizability Calculation     : true 
** Dipole moment part of electric properties **
        Magnitude of dipole moment (Debye) :        4.1426735335
        Electronic Contribution:
                  0    
      0      37.768686
      1      -4.231726
      2      -0.631320
        Nuclear Contribution:
                  0    
      0     -39.276206
      1       3.762863
      2       1.036123
        Total Dipole moment:
                  0    
      0      -1.507520
      1      -0.468863
      2       0.404802
** Polarizabilities part of electric properties **
        Isotropic polarizability :      244.6101555520
        The raw cartesian tensor (atomic units):
                  0          1          2    
      0     365.492684  47.629471 -18.713302
      1      47.629471 212.428791  15.736674
      2     -18.713302  15.736674 155.908992
        Diagonalised polarizability tensor :
                  0    
      0     147.149254
      1     206.735250
      2     379.945963
# -------------------------------------------------------------
----------------------- !GEOMETRIES! ------------------------
# -------------------------------------------------------------
------------------------ !GEOMETRY! -------------------------
    Number of atoms:    43 
    Geometry Index:     1 
    Coordinates:
               0 C     -3.453922000000    3.412867000000   -1.179156000000
               1 C     -2.674639000000    2.692506000000   -0.115572000000
               2 O     -2.208009000000    3.381042000000    0.839283000000
               3 N     -2.460967000000    1.287477000000   -0.166816000000
               4 C     -1.700649000000    0.684033000000    0.899094000000
               5 C     -1.532382000000   -0.790029000000    0.754392000000
               6 C     -2.813252000000   -1.528296000000    0.732306000000
               7 C     -4.018473000000   -0.937995000000    0.939212000000
               8 C     -5.162847000000   -1.730456000000    0.894298000000
               9 C     -5.057084000000   -3.082373000000    0.644245000000
              10 C     -3.840790000000   -3.667000000000    0.437467000000
              11 C     -2.718154000000   -2.902069000000    0.479277000000
              12 F     -6.162012000000   -3.858844000000    0.598870000000
              13 N     -0.719860000000   -1.206234000000   -0.343650000000
              14 C      0.650443000000   -0.870567000000   -0.497594000000
              15 N      1.400562000000   -1.266538000000   -1.534910000000
              16 C      2.706551000000   -0.935956000000   -1.657817000000
              17 C      3.310774000000   -0.158855000000   -0.684741000000
              18 C      2.525503000000    0.239976000000    0.375288000000
              19 N      1.221938000000   -0.118052000000    0.451663000000
              20 C      4.715758000000    0.204921000000   -0.803554000000
              21 N      5.557147000000   -0.133396000000   -1.792437000000
              22 N      6.754825000000    0.384090000000   -1.551513000000
              23 C      6.655911000000    1.047840000000   -0.405642000000
              24 O      5.404033000000    0.926040000000    0.034094000000
              25 C      7.686425000000    1.814538000000    0.332059000000
              26 F      8.760942000000    0.980321000000    0.526638000000
              27 F      8.085352000000    2.855846000000   -0.504806000000
              28 H     -4.291697000000    3.917216000000   -0.633016000000
              29 H     -3.806126000000    2.688788000000   -1.931064000000
              30 H     -2.838285000000    4.179700000000   -1.663755000000
              31 H     -2.867057000000    0.780404000000   -0.971630000000
              32 H     -2.158144000000    0.873596000000    1.894899000000
              33 H     -0.705276000000    1.162220000000    0.926371000000
              34 H     -1.004232000000   -1.138040000000    1.692182000000
              35 H     -4.064891000000    0.122950000000    1.133437000000
              36 H     -6.095167000000   -1.232244000000    1.061733000000
              37 H     -3.768007000000   -4.726885000000    0.242299000000
              38 H     -1.761121000000   -3.381209000000    0.313159000000
              39 H     -1.138626000000   -1.804334000000   -1.108059000000
              40 H      3.307495000000   -1.262378000000   -2.504018000000
              41 H      2.977682000000    0.841772000000    1.136902000000
              42 H      7.300326000000    2.253607000000    1.254344000000
