-------------------------------------------------------------
----------------------- !PROPERTIES! ------------------------
-------------------------------------------------------------
# -----------------------------------------------------------
$ SCF_Energy
   description: The SCF energy
   geom. index: 1
   prop. index: 1
        SCF Energy:    -1070.4087395036
# -----------------------------------------------------------
$ DFT_Energy
   description: The DFT energy
   geom. index: 1
   prop. index: 1
   Number of Alpha Electrons                 81.0000893251 
   Number of Beta  Electrons                 81.0000893251 
   Total number of  Electrons               162.0001786501 
   Exchange energy                         -110.2951215362 
   Correlation energy                        -6.5800736066 
   Correlation energy NL                      0.0000000000 
   Exchange-Correlation energy             -116.8751951429 
   Embedding correction                       0.0000000000 
   Total DFT Energy (No VdW correction)   -1070.4087395036 
# -----------------------------------------------------------
$ Mayer_Pop
   description: The Mayer population analysis
   geom. index: 1
   prop. index: 1
     Number of atoms                     : 40
     Threshold for printing              : 0.1000000
     Number of bond orders printed       : 42
  NA   - Mulliken gross atomic population
  ZA   - Total nuclear charge
  QA   - Mulliken gross atomic charge
  VA   - Mayer's total valence
  BVA  - Mayer's bonded valence
  FA   - Mayer's free valence
  ATOM       NA         ZA         QA         VA         BVA        FA
  0   0     5.8812     6.0000     0.1188     3.9195     3.9195    -0.0000
  1   0     6.1881     6.0000    -0.1881     4.1265     4.1265    -0.0000
  2   0     6.1203     6.0000    -0.1203     4.0038     4.0038    -0.0000
  3   0     5.8550     6.0000     0.1450     3.8998     3.8998     0.0000
  4   0     5.8741     6.0000     0.1259     4.0530     4.0530    -0.0000
  5   0     6.3317     6.0000    -0.3317     3.9736     3.9736    -0.0000
  6   0     5.7141     6.0000     0.2859     3.8983     3.8983     0.0000
  7   0     8.2975     8.0000    -0.2975     2.1102     2.1102     0.0000
  8   0     5.7801     6.0000     0.2199     3.8231     3.8231    -0.0000
  9   0     5.9942     6.0000     0.0058     4.2164     4.2164    -0.0000
 10   0     8.2879     8.0000    -0.2879     2.2028     2.2028    -0.0000
 11   0     5.9143     6.0000     0.0857     3.4640     3.4640    -0.0000
 12   0     5.8745     6.0000     0.1255     4.0186     4.0186    -0.0000
 13   0     6.0074     6.0000    -0.0074     3.7672     3.7672    -0.0000
 14   0     6.0288     6.0000    -0.0288     3.7670     3.7670    -0.0000
 15   0     5.7627     6.0000     0.2373     3.9692     3.9692    -0.0000
 16   0     6.1084     6.0000    -0.1084     3.7506     3.7506    -0.0000
 17   0     8.2504     8.0000    -0.2504     2.1719     2.1719    -0.0000
 18   0     8.2052     8.0000    -0.2052     2.2708     2.2708    -0.0000
 19   0     5.8353     6.0000     0.1647     4.3093     4.3093    -0.0000
 20   0     8.2128     8.0000    -0.2128     2.2621     2.2621    -0.0000
 21   0     8.2315     8.0000    -0.2315     2.1894     2.1894     0.0000
 22   0     0.9826     1.0000     0.0174     0.9962     0.9962    -0.0000
 23   0     0.9963     1.0000     0.0037     0.9964     0.9964    -0.0000
 24   0     0.9874     1.0000     0.0126     0.9971     0.9971    -0.0000
 25   0     1.0319     1.0000    -0.0319     0.9895     0.9895    -0.0000
 26   0     1.0048     1.0000    -0.0048     0.9762     0.9762     0.0000
 27   0     0.9725     1.0000     0.0275     1.0233     1.0233     0.0000
 28   0     1.0033     1.0000    -0.0033     1.0001     1.0001     0.0000
 29   0     0.9769     1.0000     0.0231     1.0128     1.0128    -0.0000
 30   0     0.9989     1.0000     0.0011     1.0013     1.0013    -0.0000
 31   0     0.8331     1.0000     0.1669     1.0325     1.0325    -0.0000
 32   0     0.9919     1.0000     0.0081     1.0056     1.0056    -0.0000
 33   0     0.9751     1.0000     0.0249     1.0015     1.0015    -0.0000
 34   0     1.0265     1.0000    -0.0265     1.0009     1.0009    -0.0000
 35   0     1.0193     1.0000    -0.0193     0.9937     0.9937    -0.0000
 36   0     1.0432     1.0000    -0.0432     1.0140     1.0140    -0.0000
 37   0     0.7980     1.0000     0.2020     0.9916     0.9916     0.0000
 38   0     0.8133     1.0000     0.1867     1.0487     1.0487    -0.0000
 39   0     0.7893     1.0000     0.2107     1.0027     1.0027     0.0000
      Bond orders larger than 0.1000000
           Atom A     A.N. of A          Atom B    A.N. of B              Bond order
                0             6               1            6                1.047824
                0             6              22            1                0.953699
                0             6              23            1                0.956746
                0             6              24            1                0.952087
                1             6               2            6                1.895966
                1             6               6            6                1.019126
                2             6               3            6                1.004377
                2             6              25            1                0.957011
                3             6               4            6                1.071692
                3             6              26            1                0.911380
                3             6              27            1                0.906439
                4             6               5            6                1.090906
                4             6              28            1                0.916426
                4             6              29            1                0.901934
                5             6               6            6                0.898810
                5             6               8            6                1.038410
                5             6              19            6                0.874791
                6             6               7            8                1.080859
                6             6              30            1                0.867366
                7             8              31            1                0.948398
                8             6               9            6                1.049520
                8             6              32            1                0.896691
                8             6              33            1                0.867786
                9             6              10            8                1.986192
                9             6              11            6                1.002399
               11             6              12            6                1.231616
               11             6              16            6                1.272956
               12             6              13            6                1.321461
               12             6              18            8                1.272739
               13             6              14            6                1.345897
               13             6              16            6                0.104630
               13             6              34            1                1.004199
               14             6              15            6                1.343915
               14             6              35            1                0.992649
               15             6              16            6                1.322843
               15             6              17            8                1.159957
               16             6              36            1                0.974774
               17             8              37            1                0.932576
               18             8              38            1                0.919304
               19             6              20            8                2.099000
               19             6              21            8                1.190634
               21             8              39            1                0.911758
# -----------------------------------------------------------
$ Calculation_Info
   description: Details of the calculation
   geom. index: 1
   prop. index: 1
     Multiplicity:                          1
     Charge:                                0
     number of atoms:                       40
     number of electrons:                   0
     number of frozen core electrons:       1
     number of correlated electrons:        0
     number of basis functions:             398
     number of aux C basis functions:       0
     number of aux J basis functions:       1276
     number of aux JK basis functions:      0
     number of aux CABS basis functions:    0
     Total Energy                           -1070.408740
# -----------------------------------------------------------
$ SCF_Electric_Properties
   description: The SCF Calculated Electric Properties
   geom. index: 1
   prop. index: 1
       Filename                          : 143.scfp 
       Do Dipole Moment Calculation      : true 
       Do Quadrupole Moment Calculation  : false 
       Do Polarizability Calculation     : true 
** Dipole moment part of electric properties **
        Magnitude of dipole moment (Debye) :        3.2559642198
        Electronic Contribution:
                  0    
      0      11.817409
      1      -3.745238
      2      -1.083386
        Nuclear Contribution:
                  0    
      0     -11.788343
      1       4.794726
      2       0.349484
        Total Dipole moment:
                  0    
      0       0.029065
      1       1.049487
      2      -0.733902
** Polarizabilities part of electric properties **
        Isotropic polarizability :      184.7156411585
        The raw cartesian tensor (atomic units):
                  0          1          2    
      0     196.040566  38.392901  28.663027
      1      38.392901 171.391141  -6.554358
      2      28.663027  -6.554358 186.715217
        Diagonalised polarizability tensor :
                  0    
      0     133.393061
      1     187.618736
      2     233.135126
# -------------------------------------------------------------
----------------------- !GEOMETRIES! ------------------------
# -------------------------------------------------------------
------------------------ !GEOMETRY! -------------------------
    Number of atoms:    40 
    Geometry Index:     1 
    Coordinates:
               0 C     -2.455518000000    2.184909000000    0.825980000000
               1 C     -2.323354000000    0.896309000000    0.031971000000
               2 C     -3.367147000000    0.116389000000   -0.122249000000
               3 C     -3.239392000000   -1.145407000000   -0.899399000000
               4 C     -1.829737000000   -1.651370000000   -0.716406000000
               5 C     -0.841127000000   -0.654939000000   -1.240407000000
               6 C     -0.980470000000    0.634601000000   -0.510238000000
               7 O     -0.642980000000    1.740919000000   -1.296434000000
               8 C      0.583232000000   -1.176600000000   -1.049867000000
               9 C      0.964743000000   -1.434319000000    0.333336000000
              10 O      0.412475000000   -2.368153000000    0.995419000000
              11 C      1.976532000000   -0.645688000000    0.998178000000
              12 C      2.313123000000   -0.927913000000    2.321792000000
              13 C      3.306577000000   -0.159492000000    2.979855000000
              14 C      3.901854000000    0.842930000000    2.274158000000
              15 C      3.594314000000    1.143235000000    0.979101000000
              16 C      2.606547000000    0.368855000000    0.346366000000
              17 O      4.213563000000    2.162724000000    0.292523000000
              18 O      1.769397000000   -1.906442000000    3.094138000000
              19 C     -0.951851000000   -0.429981000000   -2.702241000000
              20 O     -1.718552000000   -1.114068000000   -3.389192000000
              21 O     -0.189060000000    0.550552000000   -3.293007000000
              22 H     -2.623268000000    3.044221000000    0.157132000000
              23 H     -3.339428000000    2.082686000000    1.485890000000
              24 H     -1.542641000000    2.273296000000    1.447008000000
              25 H     -4.324494000000    0.395932000000    0.319813000000
              26 H     -3.932704000000   -1.925010000000   -0.441558000000
              27 H     -3.462261000000   -1.015646000000   -1.957593000000
              28 H     -1.684477000000   -2.668570000000   -1.135889000000
              29 H     -1.696952000000   -1.709567000000    0.398038000000
              30 H     -0.246240000000    0.634785000000    0.324713000000
              31 H     -1.396188000000    1.985319000000   -1.900654000000
              32 H      1.256593000000   -0.495958000000   -1.553007000000
              33 H      0.597851000000   -2.153146000000   -1.610506000000
              34 H      3.546457000000   -0.398688000000    4.000306000000
              35 H      4.664280000000    1.436750000000    2.770740000000
              36 H      2.391059000000    0.649726000000   -0.689526000000
              37 H      4.017937000000    2.410476000000   -0.647221000000
              38 H      1.102522000000   -2.565562000000    2.943550000000
              39 H     -0.431216000000    0.991907000000   -4.164612000000
