-------------------------------------------------------------
----------------------- !PROPERTIES! ------------------------
-------------------------------------------------------------
# -------------------------------------------------------------
----------------------- !GEOMETRIES! ------------------------
# -------------------------------------------------------------
------------------------ !GEOMETRY! -------------------------
    Number of atoms:    73 
    Geometry Index:     1 
    Coordinates:
               0  C      5.993425000000    1.270657000000    2.020870000000
               1  C      5.306151000000    2.108486000000    0.967048000000
               2  C      4.436583000000    3.112918000000    1.700680000000
               3  C      4.548979000000    1.318796000000    0.013488000000
               4  C      5.431832000000    0.262814000000   -0.637057000000
               5  N      5.097567000000   -0.964529000000   -1.007989000000
               6  C      6.023226000000   -1.798070000000   -1.476575000000
               7  C      7.294217000000   -1.249216000000   -1.579345000000
               8  S      7.061049000000    0.293181000000   -0.919737000000
               9  N      3.225506000000    0.889704000000    0.234277000000
              10  C      2.822776000000   -0.441256000000    0.460916000000
              11  O      3.705051000000   -1.229119000000    0.927447000000
              12  C      1.484448000000   -0.908009000000    0.056047000000
              13  C      1.370884000000   -0.829294000000   -1.465158000000
              14  C      2.698048000000   -1.330056000000   -2.027806000000
              15  C      1.112946000000    0.537314000000   -1.978807000000
              16  N      0.390541000000   -0.459878000000    0.792910000000
              17  C     -0.958882000000   -0.585180000000    0.366650000000
              18  O     -1.202432000000   -0.738238000000   -0.827860000000
              19  C     -2.030255000000   -0.564621000000    1.359999000000
              20  C     -3.232117000000   -1.422706000000    0.788544000000
              21  C     -3.099470000000   -2.857575000000    0.831238000000
              22  C     -4.292891000000   -3.573024000000    0.633005000000
              23  C     -4.251702000000   -4.898380000000    0.235581000000
              24  C     -3.064556000000   -5.498657000000    0.031078000000
              25  C     -1.856480000000   -4.851504000000    0.246220000000
              26  C     -1.932626000000   -3.504269000000    0.634049000000
              27  N     -2.719706000000    0.646679000000    1.622236000000
              28  C     -3.515620000000    1.360189000000    0.723939000000
              29  O     -3.436274000000    1.054252000000   -0.495709000000
              30  O     -4.404506000000    2.353848000000    1.152480000000
              31  C     -5.309404000000    2.827756000000    0.179165000000
              32  C     -4.604926000000    3.653867000000   -0.835260000000
              33  C     -5.906562000000    1.608035000000   -0.536736000000
              34  C     -6.440324000000    3.587702000000    0.798522000000
              35  H      6.634220000000    1.969271000000    2.588149000000
              36  H      6.686961000000    0.514107000000    1.582570000000
              37  H      5.314825000000    0.784517000000    2.728870000000
              38  H      6.084747000000    2.681247000000    0.430193000000
              39  H      3.747183000000    3.539310000000    0.941630000000
              40  H      5.136042000000    3.853455000000    2.121741000000
              41  H      3.864833000000    2.555919000000    2.471951000000
              42  H      4.429182000000    1.998870000000   -0.950890000000
              43  H      5.751498000000   -2.845061000000   -1.614948000000
              44  H      8.146495000000   -1.761047000000   -2.054158000000
              45  H      2.460723000000    1.631089000000    0.264485000000
              46  H      1.484107000000   -2.061191000000    0.241901000000
              47  H      0.648110000000   -1.602942000000   -1.852842000000
              48  H      3.316059000000   -0.378993000000   -2.168046000000
              49  H      3.208355000000   -1.960054000000   -1.308723000000
              50  H      2.621874000000   -1.807240000000   -3.002842000000
              51  H      2.046984000000    1.034493000000   -2.376333000000
              52  H      0.420366000000    0.458763000000   -2.858997000000
              53  H      0.690340000000    1.236400000000   -1.227111000000
              54  H      0.551175000000   -0.057230000000    1.753250000000
              55  H     -1.793893000000   -1.156774000000    2.282998000000
              56  H     -4.201432000000   -1.034548000000    1.074148000000
              57  H     -3.187414000000   -1.184385000000   -0.349172000000
              58  H     -5.241240000000   -3.092916000000    0.680857000000
              59  H     -5.151880000000   -5.437627000000   -0.020971000000
              60  H     -3.040453000000   -6.551055000000   -0.302363000000
              61  H     -0.975748000000   -5.414762000000    0.200578000000
              62  H     -0.997138000000   -2.991676000000    0.792524000000
              63  H     -2.705887000000    0.988450000000    2.644438000000
              64  H     -4.108577000000    3.024957000000   -1.593529000000
              65  H     -3.857881000000    4.339407000000   -0.329057000000
              66  H     -5.365452000000    4.275874000000   -1.404490000000
              67  H     -6.981185000000    1.687962000000   -0.690563000000
              68  H     -5.430729000000    1.487963000000   -1.536696000000
              69  H     -5.722526000000    0.677126000000    0.033518000000
              70  H     -6.066357000000    4.565756000000    1.196921000000
              71  H     -7.013973000000    3.012439000000    1.551708000000
              72  H     -7.146808000000    3.837507000000   -0.007766000000
