-------------------------------------------------------------
----------------------- !PROPERTIES! ------------------------
-------------------------------------------------------------
# -----------------------------------------------------------
$ SCF_Energy
   description: The SCF energy
   geom. index: 1
   prop. index: 1
        SCF Energy:    -2228.6927690958
# -----------------------------------------------------------
$ DFT_Energy
   description: The DFT energy
   geom. index: 1
   prop. index: 1
   Number of Alpha Electrons                114.0000563960 
   Number of Beta  Electrons                114.0000563960 
   Total number of  Electrons               228.0001127919 
   Exchange energy                         -179.1043187899 
   Correlation energy                        -9.6356737942 
   Correlation energy NL                      0.0000000000 
   Exchange-Correlation energy             -188.7399925840 
   Embedding correction                       0.0000000000 
   Total DFT Energy (No VdW correction)   -2228.6927690958 
# -----------------------------------------------------------
$ Mayer_Pop
   description: The Mayer population analysis
   geom. index: 1
   prop. index: 1
     Number of atoms                     : 44
     Threshold for printing              : 0.1000000
     Number of bond orders printed       : 46
  NA   - Mulliken gross atomic population
  ZA   - Total nuclear charge
  QA   - Mulliken gross atomic charge
  VA   - Mayer's total valence
  BVA  - Mayer's bonded valence
  FA   - Mayer's free valence
  ATOM       NA         ZA         QA         VA         BVA        FA
  0   0     6.0726     6.0000    -0.0726     3.8565     3.8565    -0.0000
  1   0    15.1949    16.0000     0.8051     5.1801     5.1801    -0.0000
  2   0     8.5008     8.0000    -0.5008     1.8923     1.8923     0.0000
  3   0     8.4684     8.0000    -0.4684     1.9291     1.9291    -0.0000
  4   0     7.2759     7.0000    -0.2759     2.9687     2.9687    -0.0000
  5   0     5.8950     6.0000     0.1050     4.0718     4.0718     0.0000
  6   0     5.7724     6.0000     0.2276     3.9729     3.9729    -0.0000
  7   0     6.0712     6.0000    -0.0712     3.8317     3.8317    -0.0000
  8   0     6.0284     6.0000    -0.0284     3.8402     3.8402    -0.0000
  9   0     5.9661     6.0000     0.0339     3.8987     3.8987    -0.0000
 10   0     5.9017     6.0000     0.0983     3.8159     3.8159     0.0000
 11   0     5.9730     6.0000     0.0270     3.8833     3.8833    -0.0000
 12   0     5.9911     6.0000     0.0089     3.8654     3.8654    -0.0000
 13   0    17.0969    17.0000    -0.0969     1.1170     1.1170    -0.0000
 14   0     7.1935     7.0000    -0.1935     3.1990     3.1990     0.0000
 15   0     5.8999     6.0000     0.1001     4.2398     4.2398    -0.0000
 16   0     7.1304     7.0000    -0.1304     3.1407     3.1407    -0.0000
 17   0     5.9089     6.0000     0.0911     4.0003     4.0003    -0.0000
 18   0     6.0645     6.0000    -0.0645     3.7977     3.7977     0.0000
 19   0     5.9247     6.0000     0.0753     4.0416     4.0416     0.0000
 20   0     7.1296     7.0000    -0.1296     3.1220     3.1220     0.0000
 21   0     5.8520     6.0000     0.1480     3.9915     3.9915     0.0000
 22   0     7.1404     7.0000    -0.1404     2.9732     2.9732     0.0000
 23   0     7.0908     7.0000    -0.0908     2.9828     2.9828    -0.0000
 24   0     5.9916     6.0000     0.0084     3.9724     3.9724     0.0000
 25   0     8.1466     8.0000    -0.1466     2.4315     2.4315     0.0000
 26   0     5.4596     6.0000     0.5404     4.1402     4.1402    -0.0000
 27   0     9.2318     9.0000    -0.2318     1.1149     1.1149     0.0000
 28   0     9.2087     9.0000    -0.2087     1.1441     1.1441     0.0000
 29   0     0.9074     1.0000     0.0926     1.0006     1.0006     0.0000
 30   0     0.9341     1.0000     0.0659     0.9955     0.9955    -0.0000
 31   0     0.9062     1.0000     0.0938     1.0077     1.0077    -0.0000
 32   0     0.8593     1.0000     0.1407     0.9988     0.9988     0.0000
 33   0     1.0086     1.0000    -0.0086     0.9868     0.9868     0.0000
 34   0     0.9538     1.0000     0.0462     1.0411     1.0411    -0.0000
 35   0     0.9884     1.0000     0.0116     0.9912     0.9912    -0.0000
 36   0     1.0190     1.0000    -0.0190     1.0012     1.0012    -0.0000
 37   0     1.0114     1.0000    -0.0114     0.9975     0.9975    -0.0000
 38   0     1.0240     1.0000    -0.0240     0.9968     0.9968     0.0000
 39   0     1.0297     1.0000    -0.0297     0.9955     0.9955    -0.0000
 40   0     0.8336     1.0000     0.1664     1.0018     1.0018     0.0000
 41   0     0.9941     1.0000     0.0059     0.9976     0.9976     0.0000
 42   0     0.9769     1.0000     0.0231     1.0130     1.0130     0.0000
 43   0     0.9717     1.0000     0.0283     1.0011     1.0011    -0.0000
      Bond orders larger than 0.1000000
           Atom A     A.N. of A          Atom B    A.N. of B              Bond order
                0             6               1           16                0.869674
                0             6              29            1                0.948187
                0             6              30            1                0.944241
                0             6              31            1                0.946701
                1            16               2            8                1.614426
                1            16               3            8                1.692973
                1            16               4            7                0.900857
                4             7               5            6                1.003394
                4             7              32            1                0.892472
                5             6               6            6                1.140848
                5             6              33            1                0.904008
                5             6              34            1                0.884691
                6             6               7            6                0.921673
                6             6              14            7                0.991358
                6             6              35            1                0.867725
                7             6               8            6                1.376874
                7             6              12            6                1.435862
                8             6               9            6                1.376270
                8             6              36            1                0.997847
                9             6              10            6                1.373219
                9             6              37            1                0.990347
               10             6              11            6                1.413189
               10             6              13           17                0.962762
               11             6              12            6                1.307517
               11             6              38            1                0.989597
               12             6              39            1                0.981356
               14             7              15            6                1.186467
               14             7              40            1                0.890152
               15             6              16            7                1.429061
               15             6              20            7                1.409594
               16             7              17            6                1.540780
               17             6              18            6                1.333788
               17             6              41            1                0.980219
               18             6              19            6                1.368594
               18             6              21            6                1.017556
               19             6              20            7                1.580665
               19             6              42            1                0.968673
               21             6              22            7                1.611326
               21             6              25            8                1.212949
               22             7              23            7                1.234028
               23             7              24            6                1.638895
               24             6              25            8                1.145722
               24             6              26            6                1.005087
               26             6              27            9                1.060445
               26             6              28            9                1.096786
               26             6              43            1                0.950287
# -----------------------------------------------------------
$ Calculation_Info
   description: Details of the calculation
   geom. index: 1
   prop. index: 1
     Multiplicity:                          1
     Charge:                                0
     number of atoms:                       44
     number of electrons:                   0
     number of frozen core electrons:       1
     number of correlated electrons:        0
     number of basis functions:             489
     number of aux C basis functions:       0
     number of aux J basis functions:       1590
     number of aux JK basis functions:      0
     number of aux CABS basis functions:    0
     Total Energy                           -2228.692769
# -----------------------------------------------------------
$ SCF_Electric_Properties
   description: The SCF Calculated Electric Properties
   geom. index: 1
   prop. index: 1
       Filename                          : 216.scfp 
       Do Dipole Moment Calculation      : true 
       Do Quadrupole Moment Calculation  : false 
       Do Polarizability Calculation     : true 
** Dipole moment part of electric properties **
        Magnitude of dipole moment (Debye) :        7.8114391902
        Electronic Contribution:
                  0    
      0      25.005051
      1       3.820935
      2       1.955951
        Nuclear Contribution:
                  0    
      0     -26.908222
      1      -2.957738
      2      -4.209250
        Total Dipole moment:
                  0    
      0      -1.903171
      1       0.863197
      2      -2.253299
** Polarizabilities part of electric properties **
        Isotropic polarizability :      266.2654507067
        The raw cartesian tensor (atomic units):
                  0          1          2    
      0     396.306207 -59.016013  -2.241940
      1     -59.016013 241.180782  31.015295
      2      -2.241940  31.015295 161.309363
        Diagonalised polarizability tensor :
                  0    
      0     149.338783
      1     232.675594
      2     416.781976
# -------------------------------------------------------------
----------------------- !GEOMETRIES! ------------------------
# -------------------------------------------------------------
------------------------ !GEOMETRY! -------------------------
    Number of atoms:    44 
    Geometry Index:     1 
    Coordinates:
               0 C     -2.895507000000   -3.428374000000   -1.382176000000
               1 S     -1.595877000000   -3.098123000000   -0.246612000000
               2 O     -2.130018000000   -3.122721000000    1.158829000000
               3 O     -0.491086000000   -4.094805000000   -0.346736000000
               4 N     -0.962377000000   -1.484148000000   -0.488537000000
               5 C     -2.051727000000   -0.560865000000   -0.238086000000
               6 C     -1.730334000000    0.877896000000   -0.374243000000
               7 C     -2.970702000000    1.702188000000   -0.111522000000
               8 C     -2.848419000000    3.079629000000   -0.002980000000
               9 C     -3.961144000000    3.844908000000    0.240337000000
              10 C     -5.183049000000    3.239815000000    0.373609000000
              11 C     -5.311963000000    1.873062000000    0.267097000000
              12 C     -4.176401000000    1.089167000000    0.018668000000
              13 Cl    -6.594979000000    4.245997000000    0.685519000000
              14 N     -0.730231000000    1.340641000000    0.551980000000
              15 C      0.627005000000    0.989110000000    0.555480000000
              16 N      1.170196000000    0.166900000000   -0.332353000000
              17 C      2.448580000000   -0.191821000000   -0.364588000000
              18 C      3.299888000000    0.318018000000    0.591035000000
              19 C      2.773776000000    1.164349000000    1.516122000000
              20 N      1.486526000000    1.484645000000    1.495214000000
              21 C      4.722215000000   -0.052735000000    0.592594000000
              22 N      5.657309000000    0.363810000000    1.456057000000
              23 N      6.824852000000   -0.199133000000    1.119628000000
              24 C      6.597404000000   -0.959375000000    0.049115000000
              25 O      5.314414000000   -0.853524000000   -0.250946000000
              26 C      7.532625000000   -1.809449000000   -0.741486000000
              27 F      7.541276000000   -1.284101000000   -2.029515000000
              28 F      7.092761000000   -3.108685000000   -0.763367000000
              29 H     -3.906853000000   -3.354118000000   -0.909251000000
              30 H     -2.880860000000   -2.727526000000   -2.257480000000
              31 H     -2.777525000000   -4.443642000000   -1.793813000000
              32 H     -0.652464000000   -1.410950000000   -1.505529000000
              33 H     -2.821965000000   -0.823075000000   -1.017445000000
              34 H     -2.490236000000   -0.774684000000    0.748247000000
              35 H     -1.418148000000    1.176286000000   -1.398532000000
              36 H     -1.876413000000    3.531247000000   -0.111669000000
              37 H     -3.852861000000    4.926960000000    0.323645000000
              38 H     -6.268329000000    1.394601000000    0.371079000000
              39 H     -4.334053000000    0.037749000000   -0.051117000000
              40 H     -1.036297000000    2.020218000000    1.321959000000
              41 H      2.836158000000   -0.868130000000   -1.115021000000
              42 H      3.468266000000    1.555799000000    2.263602000000
              43 H      8.556566000000   -1.773009000000   -0.335421000000
