-------------------------------------------------------------
----------------------- !PROPERTIES! ------------------------
-------------------------------------------------------------
# -------------------------------------------------------------
----------------------- !GEOMETRIES! ------------------------
# -------------------------------------------------------------
------------------------ !GEOMETRY! -------------------------
    Number of atoms:    43 
    Geometry Index:     1 
    Coordinates:
               0  C     -4.650514000000    1.820147000000    0.041214000000
               1  O     -4.078149000000    0.785662000000    0.769020000000
               2  N     -2.963706000000    0.285966000000    0.139051000000
               3  C     -3.157326000000   -0.818225000000   -0.755875000000
               4  C     -1.968391000000   -1.699476000000   -0.827530000000
               5  O     -2.089938000000   -2.961144000000   -1.001351000000
               6  N     -0.691490000000   -1.100310000000   -0.697957000000
               7  C     -0.506053000000   -0.043070000000    0.267878000000
               8  C     -1.684038000000    0.837288000000    0.363390000000
               9  O     -1.550327000000    2.037069000000    0.635142000000
              10  C      0.719342000000    0.736325000000   -0.150139000000
              11  C      1.930474000000   -0.075971000000   -0.182842000000
              12  C      2.136502000000   -1.379477000000    0.186780000000
              13  N      3.430616000000   -1.725998000000   -0.007345000000
              14  C      4.068055000000   -0.649761000000   -0.502324000000
              15  C      5.392734000000   -0.525547000000   -0.853600000000
              16  C      5.813199000000    0.698623000000   -1.345096000000
              17  C      4.916851000000    1.737838000000   -1.467479000000
              18  C      3.588505000000    1.607255000000   -1.113076000000
              19  C      3.157592000000    0.383423000000   -0.619173000000
              20  S     -0.280856000000   -0.727310000000    1.949575000000
              21  C     -0.058912000000    0.682823000000    3.067122000000
              22  C     -4.327029000000   -1.691090000000   -0.345503000000
              23  O     -4.151311000000   -2.229295000000    0.920268000000
              24  H     -4.011903000000    2.206232000000   -0.761662000000
              25  H     -4.895044000000    2.662769000000    0.747927000000
              26  H     -5.647832000000    1.462065000000   -0.329441000000
              27  H     -3.318272000000   -0.416846000000   -1.780521000000
              28  H      0.092607000000   -1.428259000000   -1.296222000000
              29  H      0.517930000000    1.089282000000   -1.193738000000
              30  H      0.847717000000    1.664074000000    0.448866000000
              31  H      1.410637000000   -2.047086000000    0.575286000000
              32  H      3.840081000000   -2.664043000000    0.196365000000
              33  H      6.072937000000   -1.351297000000   -0.748387000000
              34  H      6.868481000000    0.794173000000   -1.622306000000
              35  H      5.278971000000    2.692453000000   -1.857225000000
              36  H      2.871252000000    2.410597000000   -1.200145000000
              37  H      1.027780000000    0.779904000000    3.330703000000
              38  H     -0.686663000000    0.604727000000    3.966967000000
              39  H     -0.317000000000    1.652777000000    2.583647000000
              40  H     -4.460210000000   -2.543741000000   -1.041315000000
              41  H     -5.247265000000   -1.075367000000   -0.417053000000
              42  H     -3.240035000000   -2.478158000000    1.123425000000
