-------------------------------------------------------------
----------------------- !PROPERTIES! ------------------------
-------------------------------------------------------------
# -----------------------------------------------------------
$ SCF_Energy
   description: The SCF energy
   geom. index: 1
   prop. index: 1
        SCF Energy:    -1148.4878535458
# -----------------------------------------------------------
$ DFT_Energy
   description: The DFT energy
   geom. index: 1
   prop. index: 1
   Number of Alpha Electrons                 90.9999224924 
   Number of Beta  Electrons                 90.9999224924 
   Total number of  Electrons               181.9998449849 
   Exchange energy                         -121.9168647732 
   Correlation energy                        -7.3483165251 
   Correlation energy NL                      0.0000000000 
   Exchange-Correlation energy             -129.2651812984 
   Embedding correction                       0.0000000000 
   Total DFT Energy (No VdW correction)   -1148.4878535458 
# -----------------------------------------------------------
$ Mayer_Pop
   description: The Mayer population analysis
   geom. index: 1
   prop. index: 1
     Number of atoms                     : 44
     Threshold for printing              : 0.1000000
     Number of bond orders printed       : 48
  NA   - Mulliken gross atomic population
  ZA   - Total nuclear charge
  QA   - Mulliken gross atomic charge
  VA   - Mayer's total valence
  BVA  - Mayer's bonded valence
  FA   - Mayer's free valence
  ATOM       NA         ZA         QA         VA         BVA        FA
  0   0     5.9264     6.0000     0.0736     3.9078     3.9078     0.0000
  1   0     6.0192     6.0000    -0.0192     3.8889     3.8889     0.0000
  2   0     6.0536     6.0000    -0.0536     3.7783     3.7783     0.0000
  3   0     5.7822     6.0000     0.2178     3.9375     3.9375    -0.0000
  4   0     6.0887     6.0000    -0.0887     3.7500     3.7500    -0.0000
  5   0     5.7561     6.0000     0.2439     3.8888     3.8888     0.0000
  6   0     6.0502     6.0000    -0.0502     3.8066     3.8066     0.0000
  7   0     8.3340     8.0000    -0.3340     2.0886     2.0886     0.0000
  8   0     5.7094     6.0000     0.2906     3.8079     3.8079     0.0000
  9   0     6.1379     6.0000    -0.1379     3.7954     3.7954    -0.0000
 10   0     5.7476     6.0000     0.2524     3.7771     3.7771    -0.0000
 11   0     6.0254     6.0000    -0.0254     3.8427     3.8427    -0.0000
 12   0     5.7764     6.0000     0.2236     3.9588     3.9588    -0.0000
 13   0     6.1011     6.0000    -0.1011     3.9775     3.9775    -0.0000
 14   0     6.1030     6.0000    -0.1030     3.9449     3.9449    -0.0000
 15   0     5.5391     6.0000     0.4609     3.8397     3.8397    -0.0000
 16   0     8.3730     8.0000    -0.3730     2.1038     2.1038     0.0000
 17   0     6.0956     6.0000    -0.0956     3.8177     3.8177    -0.0000
 18   0     5.9368     6.0000     0.0632     3.7412     3.7412    -0.0000
 19   0     6.0720     6.0000    -0.0720     3.8411     3.8411    -0.0000
 20   0     5.7780     6.0000     0.2220     3.7912     3.7912    -0.0000
 21   0     8.2910     8.0000    -0.2910     2.2439     2.2439    -0.0000
 22   0     6.0817     6.0000    -0.0817     3.9786     3.9786    -0.0000
 23   0     6.1038     6.0000    -0.1038     3.8050     3.8050    -0.0000
 24   0     5.8661     6.0000     0.1339     3.8952     3.8952    -0.0000
 25   0     8.2620     8.0000    -0.2620     2.1684     2.1684     0.0000
 26   0     0.9634     1.0000     0.0366     0.9870     0.9870     0.0000
 27   0     0.9912     1.0000     0.0088     0.9932     0.9932     0.0000
 28   0     0.9760     1.0000     0.0240     0.9911     0.9911     0.0000
 29   0     1.0447     1.0000    -0.0447     1.0037     1.0037     0.0000
 30   0     1.0445     1.0000    -0.0445     1.0041     1.0041    -0.0000
 31   0     1.0469     1.0000    -0.0469     1.0001     1.0001     0.0000
 32   0     1.0343     1.0000    -0.0343     1.0060     1.0060    -0.0000
 33   0     1.0098     1.0000    -0.0098     0.9691     0.9691    -0.0000
 34   0     0.9855     1.0000     0.0145     0.9919     0.9919    -0.0000
 35   0     1.0086     1.0000    -0.0086     0.9925     0.9925    -0.0000
 36   0     1.0424     1.0000    -0.0424     0.9821     0.9821    -0.0000
 37   0     1.0159     1.0000    -0.0159     0.9796     0.9796    -0.0000
 38   0     1.0268     1.0000    -0.0268     0.9886     0.9886    -0.0000
 39   0     1.0491     1.0000    -0.0491     1.0016     1.0016    -0.0000
 40   0     0.9591     1.0000     0.0409     0.9978     0.9978    -0.0000
 41   0     0.9999     1.0000     0.0001     0.9892     0.9892    -0.0000
 42   0     0.9833     1.0000     0.0167     1.0029     1.0029    -0.0000
 43   0     0.8084     1.0000     0.1916     0.9964     0.9964     0.0000
      Bond orders larger than 0.1000000
           Atom A     A.N. of A          Atom B    A.N. of B              Bond order
                0             6               1            6                1.063904
                0             6              26            1                0.947974
                0             6              27            1                0.956643
                0             6              28            1                0.959110
                1             6               2            6                1.349796
                1             6               6            6                1.328985
                2             6               3            6                1.346931
                2             6              29            1                1.013712
                3             6               4            6                1.294526
                3             6              25            8                1.128136
                4             6               5            6                1.361595
                4             6              30            1                0.993583
                5             6               6            6                1.390650
                5             6               7            8                0.951089
                6             6              31            1                0.998999
                7             8               8            6                0.998069
                8             6               9            6                1.345972
                8             6              23            6                1.333549
                9             6              10            6                1.295171
                9             6              32            1                1.001956
               10             6              11            6                1.343348
               10             6              21            8                1.057969
               11             6              12            6                0.997142
               11             6              22            6                1.373746
               12             6              13            6                0.962799
               12             6              16            8                1.014219
               12             6              33            1                0.829623
               13             6              14            6                1.374849
               13             6              20            6                1.378093
               14             6              15            6                1.020290
               14             6              17            6                1.398952
               15             6              16            8                0.974343
               15             6              34            1                0.930409
               15             6              35            1                0.863607
               17             6              18            6                1.316456
               17             6              36            1                0.997202
               18             6              19            6                1.383032
               18             6              37            1                0.992242
               19             6              20            6                1.316954
               19             6              38            1                0.989110
               20             6              21            8                1.069217
               22             6              23            6                1.322983
               22             6              24            6                1.110832
               23             6              39            1                1.006638
               24             6              40            1                0.936847
               24             6              41            1                0.946529
               24             6              42            1                0.925054
               25             8              43            1                0.943171
# -----------------------------------------------------------
$ Calculation_Info
   description: Details of the calculation
   geom. index: 1
   prop. index: 1
     Multiplicity:                          1
     Charge:                                0
     number of atoms:                       44
     number of electrons:                   0
     number of frozen core electrons:       1
     number of correlated electrons:        0
     number of basis functions:             454
     number of aux C basis functions:       0
     number of aux J basis functions:       1472
     number of aux JK basis functions:      0
     number of aux CABS basis functions:    0
     Total Energy                           -1148.487854
# -----------------------------------------------------------
$ SCF_Electric_Properties
   description: The SCF Calculated Electric Properties
   geom. index: 1
   prop. index: 1
       Filename                          : 79.scfp 
       Do Dipole Moment Calculation      : true 
       Do Quadrupole Moment Calculation  : false 
       Do Polarizability Calculation     : true 
** Dipole moment part of electric properties **
        Magnitude of dipole moment (Debye) :        1.7856630436
        Electronic Contribution:
                  0    
      0      -5.726242
      1       2.331394
      2     -11.563317
        Nuclear Contribution:
                  0    
      0       5.052807
      1      -2.301106
      2      11.761059
        Total Dipole moment:
                  0    
      0      -0.673435
      1       0.030288
      2       0.197742
** Polarizabilities part of electric properties **
        Isotropic polarizability :      243.8751889929
        The raw cartesian tensor (atomic units):
                  0          1          2    
      0     323.252491 -22.330631   3.124819
      1     -22.330631 174.708155 -50.716878
      2       3.124819 -50.716878 233.664921
        Diagonalised polarizability tensor :
                  0    
      0     143.744649
      1     259.946758
      2     327.934160
# -------------------------------------------------------------
----------------------- !GEOMETRIES! ------------------------
# -------------------------------------------------------------
------------------------ !GEOMETRY! -------------------------
    Number of atoms:    44 
    Geometry Index:     1 
    Coordinates:
               0 C      6.040062000000   -0.128727000000    1.709874000000
               1 C      5.211050000000   -0.002920000000    0.494342000000
               2 C      5.534411000000    0.956582000000   -0.434335000000
               3 C      4.740720000000    1.051676000000   -1.562815000000
               4 C      3.655109000000    0.233494000000   -1.787453000000
               5 C      3.346358000000   -0.719574000000   -0.849391000000
               6 C      4.127555000000   -0.823269000000    0.275373000000
               7 O      2.248793000000   -1.553143000000   -1.067627000000
               8 C      0.969380000000   -1.237996000000   -0.636009000000
               9 C      0.079515000000   -0.533714000000   -1.411152000000
              10 C     -1.201001000000   -0.192296000000   -1.036971000000
              11 C     -1.641159000000   -0.591550000000    0.225192000000
              12 C     -2.983664000000   -0.418222000000    0.697042000000
              13 C     -3.698174000000    0.497460000000   -0.226623000000
              14 C     -4.889696000000    0.753439000000    0.390448000000
              15 C     -4.782008000000    0.162948000000    1.771585000000
              16 O     -3.324759000000    0.125332000000    1.901271000000
              17 C     -5.786903000000    1.491473000000   -0.344410000000
              18 C     -5.452813000000    1.930135000000   -1.632738000000
              19 C     -4.214630000000    1.626691000000   -2.177322000000
              20 C     -3.276730000000    0.877305000000   -1.454274000000
              21 O     -2.010715000000    0.554226000000   -1.927736000000
              22 C     -0.762226000000   -1.305067000000    1.036649000000
              23 C      0.506886000000   -1.617070000000    0.612923000000
              24 C     -1.185920000000   -1.751162000000    2.400427000000
              25 O      5.084398000000    2.031090000000   -2.493685000000
              26 H      6.881557000000   -0.827284000000    1.443050000000
              27 H      5.510224000000   -0.594633000000    2.548576000000
              28 H      6.432023000000    0.843678000000    2.068633000000
              29 H      6.365122000000    1.631571000000   -0.330480000000
              30 H      3.051439000000    0.349766000000   -2.706882000000
              31 H      3.863859000000   -1.591227000000    1.012527000000
              32 H      0.424647000000   -0.222808000000   -2.405115000000
              33 H     -3.568862000000   -1.416381000000    0.648183000000
              34 H     -5.190287000000    0.850098000000    2.505976000000
              35 H     -5.083465000000   -0.879651000000    1.820945000000
              36 H     -6.743772000000    1.712297000000    0.112062000000
              37 H     -6.180824000000    2.512734000000   -2.198765000000
              38 H     -3.939945000000    1.960377000000   -3.174579000000
              39 H      1.198039000000   -2.174890000000    1.243759000000
              40 H     -1.061789000000   -0.949835000000    3.156062000000
              41 H     -0.578436000000   -2.615744000000    2.730137000000
              42 H     -2.243485000000   -2.127326000000    2.369339000000
              43 H      4.530117000000    2.122119000000   -3.316016000000
