-------------------------------------------------------------
----------------------- !PROPERTIES! ------------------------
-------------------------------------------------------------
# -----------------------------------------------------------
$ SCF_Energy
   description: The SCF energy
   geom. index: 1
   prop. index: 1
        SCF Energy:    -1146.5385324528
# -----------------------------------------------------------
$ DFT_Energy
   description: The DFT energy
   geom. index: 1
   prop. index: 1
   Number of Alpha Electrons                 86.9998431982 
   Number of Beta  Electrons                 86.9998431982 
   Total number of  Electrons               173.9996863963 
   Exchange energy                         -118.6642502883 
   Correlation energy                        -7.1024464110 
   Correlation energy NL                      0.0000000000 
   Exchange-Correlation energy             -125.7666966993 
   Embedding correction                       0.0000000000 
   Total DFT Energy (No VdW correction)   -1146.5385324528 
# -----------------------------------------------------------
$ Mayer_Pop
   description: The Mayer population analysis
   geom. index: 1
   prop. index: 1
     Number of atoms                     : 42
     Threshold for printing              : 0.1000000
     Number of bond orders printed       : 46
  NA   - Mulliken gross atomic population
  ZA   - Total nuclear charge
  QA   - Mulliken gross atomic charge
  VA   - Mayer's total valence
  BVA  - Mayer's bonded valence
  FA   - Mayer's free valence
  ATOM       NA         ZA         QA         VA         BVA        FA
  0   0     5.8654     6.0000     0.1346     3.8814     3.8814     0.0000
  1   0     6.0069     6.0000    -0.0069     4.2096     4.2096     0.0000
  2   0     8.2432     8.0000    -0.2432     2.2345     2.2345    -0.0000
  3   0     6.3198     6.0000    -0.3198     4.0959     4.0959    -0.0000
  4   0     5.8902     6.0000     0.1098     4.0203     4.0203     0.0000
  5   0     5.8381     6.0000     0.1619     4.0943     4.0943    -0.0000
  6   0     6.0230     6.0000    -0.0230     4.1888     4.1888    -0.0000
  7   0     6.0051     6.0000    -0.0051     3.9457     3.9457     0.0000
  8   0     5.7654     6.0000     0.2346     4.0171     4.0171    -0.0000
  9   0     8.3026     8.0000    -0.3026     2.1347     2.1347     0.0000
 10   0     5.7040     6.0000     0.2960     3.9302     3.9302     0.0000
 11   0     8.3160     8.0000    -0.3160     2.1549     2.1549    -0.0000
 12   0     6.1256     6.0000    -0.1256     4.1209     4.1209    -0.0000
 13   0     5.8316     6.0000     0.1684     3.6285     3.6285     0.0000
 14   0     5.9544     6.0000     0.0456     4.1382     4.1382     0.0000
 15   0     8.2428     8.0000    -0.2428     2.2698     2.2698    -0.0000
 16   0     5.9400     6.0000     0.0600     3.6095     3.6095     0.0000
 17   0     5.8849     6.0000     0.1151     3.9351     3.9351    -0.0000
 18   0     6.0339     6.0000    -0.0339     3.7401     3.7401    -0.0000
 19   0     6.0137     6.0000    -0.0137     3.7557     3.7557    -0.0000
 20   0     5.9180     6.0000     0.0820     3.9188     3.9188     0.0000
 21   0     5.8967     6.0000     0.1033     3.6535     3.6535     0.0000
 22   0     8.2651     8.0000    -0.2651     2.2086     2.2086     0.0000
 23   0     8.2677     8.0000    -0.2677     2.2155     2.2155    -0.0000
 24   0     0.9656     1.0000     0.0344     1.0047     1.0047     0.0000
 25   0     0.9828     1.0000     0.0172     1.0132     1.0132    -0.0000
 26   0     0.9631     1.0000     0.0369     1.0132     1.0132    -0.0000
 27   0     1.0003     1.0000    -0.0003     1.0246     1.0246    -0.0000
 28   0     0.9743     1.0000     0.0257     1.0030     1.0030     0.0000
 29   0     1.0021     1.0000    -0.0021     0.9815     0.9815    -0.0000
 30   0     0.9977     1.0000     0.0023     0.9826     0.9826    -0.0000
 31   0     1.0215     1.0000    -0.0215     0.9957     0.9957    -0.0000
 32   0     1.0009     1.0000    -0.0009     1.0022     1.0022    -0.0000
 33   0     1.0021     1.0000    -0.0021     1.0355     1.0355     0.0000
 34   0     0.8296     1.0000     0.1704     1.0337     1.0337    -0.0000
 35   0     1.0083     1.0000    -0.0083     0.9710     0.9710     0.0000
 36   0     1.0121     1.0000    -0.0121     0.9899     0.9899    -0.0000
 37   0     0.9677     1.0000     0.0323     1.0087     1.0087    -0.0000
 38   0     1.0101     1.0000    -0.0101     0.9956     0.9956    -0.0000
 39   0     1.0177     1.0000    -0.0177     0.9950     0.9950     0.0000
 40   0     0.7964     1.0000     0.2036     1.0125     1.0125     0.0000
 41   0     0.7936     1.0000     0.2064     1.0206     1.0206     0.0000
      Bond orders larger than 0.1000000
           Atom A     A.N. of A          Atom B    A.N. of B              Bond order
                0             6               1            6                1.128301
                0             6              24            1                0.939588
                0             6              25            1                0.933398
                0             6              26            1                0.915375
                1             6               2            8                2.076979
                1             6               3            6                0.866593
                3             6               4            6                1.039984
                3             6               8            6                1.039209
                3             6              13            6                1.005732
                4             6               5            6                1.122220
                4             6              27            1                0.865059
                4             6              28            1                0.893689
                5             6               6            6                1.143444
                5             6              29            1                0.885042
                5             6              30            1                0.911479
                6             6               7            6                1.012147
                6             6              12            6                0.999496
                6             6              31            1                0.906398
                7             6               8            6                0.965005
                7             6              10            6                1.024793
                7             6              32            1                0.900798
                8             6               9            8                1.044965
                8             6              33            1                0.886774
                9             8              34            1                0.952997
               10             6              11            8                1.014068
               10             6              35            1                0.931625
               10             6              36            1                0.928788
               11             8              12            6                1.061045
               12             6              13            6                0.967886
               12             6              21            6                0.877783
               13             6              14            6                0.934120
               13             6              37            1                0.821221
               14             6              15            8                2.062792
               14             6              16            6                1.005732
               16             6              17            6                1.202538
               16             6              21            6                1.376289
               17             6              18            6                1.352461
               17             6              23            8                1.237594
               18             6              19            6                1.319705
               18             6              38            1                1.002163
               19             6              20            6                1.302394
               19             6              39            1                0.997376
               20             6              21            6                1.321419
               20             6              22            8                1.222285
               22             8              40            1                0.925427
               23             8              41            1                0.912097
# -----------------------------------------------------------
$ Calculation_Info
   description: Details of the calculation
   geom. index: 1
   prop. index: 1
     Multiplicity:                          1
     Charge:                                0
     number of atoms:                       42
     number of electrons:                   0
     number of frozen core electrons:       1
     number of correlated electrons:        0
     number of basis functions:             426
     number of aux C basis functions:       0
     number of aux J basis functions:       1374
     number of aux JK basis functions:      0
     number of aux CABS basis functions:    0
     Total Energy                           -1146.538532
# -----------------------------------------------------------
$ SCF_Electric_Properties
   description: The SCF Calculated Electric Properties
   geom. index: 1
   prop. index: 1
       Filename                          : 164.scfp 
       Do Dipole Moment Calculation      : true 
       Do Quadrupole Moment Calculation  : false 
       Do Polarizability Calculation     : true 
** Dipole moment part of electric properties **
        Magnitude of dipole moment (Debye) :        1.0891064143
        Electronic Contribution:
                  0    
      0       9.878782
      1       3.738436
      2      -3.162426
        Nuclear Contribution:
                  0    
      0      -9.838080
      1      -4.142722
      2       3.298405
        Total Dipole moment:
                  0    
      0       0.040701
      1      -0.404286
      2       0.135980
** Polarizabilities part of electric properties **
        Isotropic polarizability :      193.0348005077
        The raw cartesian tensor (atomic units):
                  0          1          2    
      0     241.627252  -1.505407   7.703338
      1      -1.505407 189.289687  33.337936
      2       7.703338  33.337936 148.187462
        Diagonalised polarizability tensor :
                  0    
      0     129.080447
      1     207.729784
      2     242.294170
# -------------------------------------------------------------
----------------------- !GEOMETRIES! ------------------------
# -------------------------------------------------------------
------------------------ !GEOMETRY! -------------------------
    Number of atoms:    42 
    Geometry Index:     1 
    Coordinates:
               0 C     -2.811264000000    2.546075000000    0.593686000000
               1 C     -2.752625000000    1.221994000000   -0.061446000000
               2 O     -3.752619000000    0.954330000000   -0.761107000000
               3 C     -1.644815000000    0.244737000000    0.050747000000
               4 C     -1.348131000000   -0.163376000000    1.489593000000
               5 C     -0.333494000000   -1.272397000000    1.441513000000
               6 C      0.068970000000   -1.670558000000    0.039467000000
               7 C     -1.121718000000   -2.069357000000   -0.814087000000
               8 C     -2.175347000000   -1.037901000000   -0.594588000000
               9 O     -3.104005000000   -1.599696000000    0.309887000000
              10 C     -0.561133000000   -1.819815000000   -2.200951000000
              11 O      0.496360000000   -0.970391000000   -2.077582000000
              12 C      0.551049000000   -0.503573000000   -0.784764000000
              13 C     -0.348331000000    0.692767000000   -0.561202000000
              14 C      0.471262000000    1.514716000000    0.331849000000
              15 O      0.084733000000    2.445553000000    1.064604000000
              16 C      1.866421000000    1.100263000000    0.264496000000
              17 C      3.053166000000    1.682381000000    0.728838000000
              18 C      4.285043000000    1.095857000000    0.534978000000
              19 C      4.309040000000   -0.100969000000   -0.141930000000
              20 C      3.127274000000   -0.687261000000   -0.608167000000
              21 C      1.925196000000   -0.084798000000   -0.401103000000
              22 O      3.252211000000   -1.897365000000   -1.283751000000
              23 O      3.007671000000    2.901967000000    1.415839000000
              24 H     -2.547769000000    2.524744000000    1.668121000000
              25 H     -3.881873000000    2.918067000000    0.594398000000
              26 H     -2.269501000000    3.266416000000   -0.018989000000
              27 H     -2.321074000000   -0.590391000000    1.868687000000
              28 H     -1.038701000000    0.693849000000    2.116864000000
              29 H     -0.733668000000   -2.190163000000    1.924648000000
              30 H      0.583484000000   -1.006532000000    1.978944000000
              31 H      0.817732000000   -2.467243000000    0.112392000000
              32 H     -1.444063000000   -3.100591000000   -0.656041000000
              33 H     -2.721178000000   -0.746997000000   -1.503701000000
              34 H     -3.874997000000   -1.025869000000    0.467454000000
              35 H     -0.310037000000   -2.775729000000   -2.724141000000
              36 H     -1.327201000000   -1.326740000000   -2.861946000000
              37 H     -0.504098000000    1.242473000000   -1.508256000000
              38 H      5.200966000000    1.573396000000    0.909637000000
              39 H      5.268066000000   -0.570583000000   -0.300413000000
              40 H      2.409413000000   -2.322683000000   -1.633144000000
              41 H      2.149584000000    3.381393000000    1.590667000000
