-------------------------------------------------------------
----------------------- !PROPERTIES! ------------------------
-------------------------------------------------------------
# -----------------------------------------------------------
$ SCF_Energy
   description: The SCF energy
   geom. index: 1
   prop. index: 1
        SCF Energy:    -1265.2845013673
# -----------------------------------------------------------
$ DFT_Energy
   description: The DFT energy
   geom. index: 1
   prop. index: 1
   Number of Alpha Electrons                101.0000447045 
   Number of Beta  Electrons                101.0000447045 
   Total number of  Electrons               202.0000894091 
   Exchange energy                         -134.2089272007 
   Correlation energy                        -8.1204204851 
   Correlation energy NL                      0.0000000000 
   Exchange-Correlation energy             -142.3293476858 
   Embedding correction                       0.0000000000 
   Total DFT Energy (No VdW correction)   -1265.2845013673 
# -----------------------------------------------------------
$ Mayer_Pop
   description: The Mayer population analysis
   geom. index: 1
   prop. index: 1
     Number of atoms                     : 52
     Threshold for printing              : 0.1000000
     Number of bond orders printed       : 55
  NA   - Mulliken gross atomic population
  ZA   - Total nuclear charge
  QA   - Mulliken gross atomic charge
  VA   - Mayer's total valence
  BVA  - Mayer's bonded valence
  FA   - Mayer's free valence
  ATOM       NA         ZA         QA         VA         BVA        FA
  0   0     5.9067     6.0000     0.0933     3.9013     3.9013     0.0000
  1   0     6.0506     6.0000    -0.0506     4.2769     4.2769    -0.0000
  2   0     6.0033     6.0000    -0.0033     4.0405     4.0405    -0.0000
  3   0     5.8209     6.0000     0.1791     3.9029     3.9029     0.0000
  4   0     6.0753     6.0000    -0.0753     3.9128     3.9128     0.0000
  5   0     5.7553     6.0000     0.2447     3.9027     3.9027    -0.0000
  6   0     8.3171     8.0000    -0.3171     2.1481     2.1481    -0.0000
  7   0     6.0511     6.0000    -0.0511     3.8334     3.8334     0.0000
  8   0     5.9729     6.0000     0.0271     3.7971     3.7971    -0.0000
  9   0     6.0195     6.0000    -0.0195     3.9384     3.9384    -0.0000
 10   0     6.0877     6.0000    -0.0877     3.8549     3.8549    -0.0000
 11   0     5.8377     6.0000     0.1623     3.8070     3.8070    -0.0000
 12   0     6.0771     6.0000    -0.0771     4.0287     4.0287     0.0000
 13   0     6.1189     6.0000    -0.1189     3.7213     3.7213     0.0000
 14   0     5.7275     6.0000     0.2725     4.1947     4.1947    -0.0000
 15   0     8.2220     8.0000    -0.2220     2.3121     2.3121    -0.0000
 16   0     8.2414     8.0000    -0.2414     2.2417     2.2417    -0.0000
 17   0     5.6867     6.0000     0.3133     4.1294     4.1294     0.0000
 18   0     8.3352     8.0000    -0.3352     2.1113     2.1113     0.0000
 19   0     5.8298     6.0000     0.1702     3.9735     3.9735     0.0000
 20   0     5.9729     6.0000     0.0271     3.8579     3.8579     0.0000
 21   0     5.9528     6.0000     0.0472     3.8171     3.8171    -0.0000
 22   0     6.0336     6.0000    -0.0336     3.8412     3.8412     0.0000
 23   0     5.7781     6.0000     0.2219     3.9045     3.9045     0.0000
 24   0     6.0299     6.0000    -0.0299     3.7950     3.7950     0.0000
 25   0     5.9612     6.0000     0.0388     3.8319     3.8319    -0.0000
 26   0     8.3170     8.0000    -0.3170     2.0778     2.0778     0.0000
 27   0     5.8980     6.0000     0.1020     3.9301     3.9301     0.0000
 28   0     0.9823     1.0000     0.0177     1.0048     1.0048    -0.0000
 29   0     0.9935     1.0000     0.0065     1.0003     1.0003     0.0000
 30   0     1.0017     1.0000    -0.0017     0.9961     0.9961    -0.0000
 31   0     0.9985     1.0000     0.0015     0.9819     0.9819     0.0000
 32   0     1.0061     1.0000    -0.0061     0.9829     0.9829    -0.0000
 33   0     1.0076     1.0000    -0.0076     0.9836     0.9836    -0.0000
 34   0     0.9899     1.0000     0.0101     0.9884     0.9884    -0.0000
 35   0     1.0307     1.0000    -0.0307     0.9932     0.9932     0.0000
 36   0     1.0312     1.0000    -0.0312     0.9875     0.9875    -0.0000
 37   0     1.0638     1.0000    -0.0638     0.9921     0.9921    -0.0000
 38   0     0.9940     1.0000     0.0060     0.9944     0.9944    -0.0000
 39   0     0.9640     1.0000     0.0360     0.9993     0.9993    -0.0000
 40   0     0.9954     1.0000     0.0046     0.9938     0.9938    -0.0000
 41   0     0.9817     1.0000     0.0183     0.9820     0.9820    -0.0000
 42   0     0.9665     1.0000     0.0335     0.9888     0.9888    -0.0000
 43   0     0.9951     1.0000     0.0049     0.9768     0.9768    -0.0000
 44   0     1.0470     1.0000    -0.0470     0.9944     0.9944    -0.0000
 45   0     1.0458     1.0000    -0.0458     0.9968     0.9968     0.0000
 46   0     1.0349     1.0000    -0.0349     0.9950     0.9950     0.0000
 47   0     1.0307     1.0000    -0.0307     0.9932     0.9932     0.0000
 48   0     0.7794     1.0000     0.2206     0.9710     0.9710    -0.0000
 49   0     0.9888     1.0000     0.0112     0.9979     0.9979     0.0000
 50   0     1.0000     1.0000    -0.0000     0.9947     0.9947     0.0000
 51   0     0.9912     1.0000     0.0088     0.9977     0.9977    -0.0000
      Bond orders larger than 0.1000000
           Atom A     A.N. of A          Atom B    A.N. of B              Bond order
                0             6               1            6                1.043112
                0             6              28            1                0.953877
                0             6              29            1                0.958084
                0             6              30            1                0.958098
                1             6               2            6                1.050930
                1             6               6            8                0.938572
                1             6              27            6                1.063605
                2             6               3            6                1.072386
                2             6              31            1                0.931577
                2             6              32            1                0.916035
                3             6               4            6                1.024064
                3             6              33            1                0.912209
                3             6              34            1                0.911445
                4             6               5            6                1.310676
                4             6              10            6                1.388167
                5             6               6            8                1.102588
                5             6               7            6                1.383362
                7             6               8            6                1.332856
                7             6              35            1                0.995968
                8             6               9            6                1.402236
                8             6              36            1                0.992269
                9             6              10            6                1.331698
                9             6              11            6                1.032678
               10             6              37            1                0.991994
               11             6              12            6                1.082515
               11             6              38            1                0.885282
               11             6              39            1                0.866435
               12             6              13            6                1.785807
               12             6              17            6                0.965110
               13             6              14            6                0.931042
               13             6              20            6                0.970233
               14             6              15            8                2.123807
               14             6              16            8                1.082500
               16             8              17            6                1.040816
               17             6              18            8                1.051714
               17             6              40            1                0.892839
               18             8              19            6                0.982938
               19             6              41            1                0.967609
               19             6              42            1                0.974961
               19             6              43            1                0.954171
               20             6              21            6                1.417122
               20             6              25            6                1.377021
               21             6              22            6                1.328733
               21             6              44            1                0.982596
               22             6              23            6                1.380913
               22             6              45            1                0.990612
               23             6              24            6                1.347296
               23             6              26            8                1.080582
               24             6              25            6                1.343342
               24             6              46            1                0.996030
               25             6              47            1                0.985530
               26             8              48            1                0.929854
               27             6              49            1                0.953120
               27             6              50            1                0.954241
               27             6              51            1                0.951498
# -----------------------------------------------------------
$ Calculation_Info
   description: Details of the calculation
   geom. index: 1
   prop. index: 1
     Multiplicity:                          1
     Charge:                                0
     number of atoms:                       52
     number of electrons:                   0
     number of frozen core electrons:       1
     number of correlated electrons:        0
     number of basis functions:             512
     number of aux C basis functions:       0
     number of aux J basis functions:       1636
     number of aux JK basis functions:      0
     number of aux CABS basis functions:    0
     Total Energy                           -1265.284501
# -----------------------------------------------------------
$ SCF_Electric_Properties
   description: The SCF Calculated Electric Properties
   geom. index: 1
   prop. index: 1
       Filename                          : 71.scfp 
       Do Dipole Moment Calculation      : true 
       Do Quadrupole Moment Calculation  : false 
       Do Polarizability Calculation     : true 
** Dipole moment part of electric properties **
        Magnitude of dipole moment (Debye) :        5.7400452423
        Electronic Contribution:
                  0    
      0     -30.708786
      1       1.600759
      2      -8.736710
        Nuclear Contribution:
                  0    
      0      32.347532
      1      -1.252103
      2      10.250875
        Total Dipole moment:
                  0    
      0       1.638746
      1       0.348656
      2       1.514165
** Polarizabilities part of electric properties **
        Isotropic polarizability :        0.0000000000
        The raw cartesian tensor (atomic units):
                  0          1          2    
      0       0.000000   0.000000   0.000000
      1       0.000000   0.000000   0.000000
      2       0.000000   0.000000   0.000000
        Diagonalised polarizability tensor :
                  0    
      0       0.000000
      1       0.000000
      2       0.000000
# -------------------------------------------------------------
----------------------- !GEOMETRIES! ------------------------
# -------------------------------------------------------------
------------------------ !GEOMETRY! -------------------------
    Number of atoms:    52 
    Geometry Index:     1 
    Coordinates:
               0 C      4.290242000000   -2.927563000000    0.071899000000
               1 C      4.083234000000   -1.415542000000   -0.010975000000
               2 C      3.861865000000   -0.912209000000    1.377409000000
               3 C      2.439463000000   -1.027023000000    1.820851000000
               4 C      1.623603000000   -0.260440000000    0.831709000000
               5 C      1.974521000000   -0.364733000000   -0.519893000000
               6 O      3.042277000000   -1.157045000000   -0.912692000000
               7 C      1.226563000000    0.342398000000   -1.432586000000
               8 C      0.154563000000    1.138248000000   -1.035621000000
               9 C     -0.197686000000    1.245967000000    0.300554000000
              10 C      0.576815000000    0.517241000000    1.214627000000
              11 C     -1.268760000000    2.107109000000    0.730971000000
              12 C     -2.651785000000    1.774398000000    0.438356000000
              13 C     -3.265709000000    0.787960000000   -0.150984000000
              14 C     -4.739258000000    1.023052000000   -0.147801000000
              15 O     -5.551023000000    0.211537000000   -0.658448000000
              16 O     -4.956245000000    2.210674000000    0.480611000000
              17 C     -3.742277000000    2.740506000000    0.878442000000
              18 O     -3.488189000000    3.985884000000    0.312989000000
              19 C     -3.312216000000    4.905254000000    1.326876000000
              20 C     -2.702525000000   -0.437062000000   -0.711832000000
              21 C     -1.921376000000   -1.297444000000    0.002401000000
              22 C     -1.396317000000   -2.447044000000   -0.601491000000
              23 C     -1.638962000000   -2.760785000000   -1.922148000000
              24 C     -2.430228000000   -1.887015000000   -2.638551000000
              25 C     -2.952651000000   -0.746243000000   -2.045484000000
              26 O     -1.104903000000   -3.910306000000   -2.496278000000
              27 C      5.404169000000   -0.840073000000   -0.487138000000
              28 H      3.340993000000   -3.482257000000    0.071956000000
              29 H      4.868658000000   -3.200673000000   -0.847387000000
              30 H      4.926838000000   -3.121198000000    0.948075000000
              31 H      4.147585000000    0.170908000000    1.501579000000
              32 H      4.536242000000   -1.465476000000    2.054707000000
              33 H      2.372843000000   -0.508273000000    2.822690000000
              34 H      2.077088000000   -2.045786000000    1.971590000000
              35 H      1.488067000000    0.271626000000   -2.485091000000
              36 H     -0.429405000000    1.693940000000   -1.771418000000
              37 H      0.289023000000    0.612985000000    2.252264000000
              38 H     -1.157965000000    2.309441000000    1.854289000000
              39 H     -1.094642000000    3.159884000000    0.314054000000
              40 H     -3.737070000000    2.816262000000    1.990372000000
              41 H     -4.228339000000    4.946896000000    1.935497000000
              42 H     -3.150077000000    5.898621000000    0.837293000000
              43 H     -2.447892000000    4.661409000000    1.983492000000
              44 H     -1.712929000000   -1.109456000000    1.045955000000
              45 H     -0.780043000000   -3.120661000000   -0.030588000000
              46 H     -2.634736000000   -2.114954000000   -3.682471000000
              47 H     -3.573816000000   -0.051355000000   -2.591278000000
              48 H     -1.648345000000   -4.781781000000   -2.456565000000
              49 H      5.669371000000   -1.340977000000   -1.426321000000
              50 H      6.165731000000   -1.064368000000    0.277713000000
              51 H      5.355612000000    0.265542000000   -0.586185000000
