-------------------------------------------------------------
----------------------- !PROPERTIES! ------------------------
-------------------------------------------------------------
# -----------------------------------------------------------
$ SCF_Energy
   description: The SCF energy
   geom. index: 1
   prop. index: 1
        SCF Energy:    -2112.6579559220
# -----------------------------------------------------------
$ DFT_Energy
   description: The DFT energy
   geom. index: 1
   prop. index: 1
   Number of Alpha Electrons                172.0001001067 
   Number of Beta  Electrons                172.0001001067 
   Total number of  Electrons               344.0002002133 
   Exchange energy                         -225.8723127217 
   Correlation energy                       -13.7733614180 
   Correlation energy NL                      0.0000000000 
   Exchange-Correlation energy             -239.6456741398 
   Embedding correction                       0.0000000000 
   Total DFT Energy (No VdW correction)   -2112.6579559220 
# -----------------------------------------------------------
$ Mayer_Pop
   description: The Mayer population analysis
   geom. index: 1
   prop. index: 1
     Number of atoms                     : 93
     Threshold for printing              : 0.1000000
     Number of bond orders printed       : 99
  NA   - Mulliken gross atomic population
  ZA   - Total nuclear charge
  QA   - Mulliken gross atomic charge
  VA   - Mayer's total valence
  BVA  - Mayer's bonded valence
  FA   - Mayer's free valence
  ATOM       NA         ZA         QA         VA         BVA        FA
  0   0     6.0512     6.0000    -0.0512     4.0054     4.0054    -0.0000
  1   0     5.7994     6.0000     0.2006     4.0288     4.0288    -0.0000
  2   0     8.3002     8.0000    -0.3002     2.2178     2.2178     0.0000
  3   0     5.7643     6.0000     0.2357     4.2075     4.2075    -0.0000
  4   0     8.2934     8.0000    -0.2934     2.2001     2.2001     0.0000
  5   0     6.0619     6.0000    -0.0619     4.0360     4.0360     0.0000
  6   0     5.8244     6.0000     0.1756     4.0589     4.0589     0.0000
  7   0     5.9177     6.0000     0.0823     4.0940     4.0940     0.0000
  8   0     6.0149     6.0000    -0.0149     4.0275     4.0275     0.0000
  9   0     5.8557     6.0000     0.1443     4.0494     4.0494    -0.0000
 10   0     5.7896     6.0000     0.2104     3.9274     3.9274    -0.0000
 11   0     6.0257     6.0000    -0.0257     3.7706     3.7706     0.0000
 12   0     5.8608     6.0000     0.1392     3.8939     3.8939    -0.0000
 13   0     8.3344     8.0000    -0.3344     2.1159     2.1159    -0.0000
 14   0     6.0388     6.0000    -0.0388     3.8231     3.8231     0.0000
 15   0     6.0558     6.0000    -0.0558     3.7682     3.7682     0.0000
 16   0     5.8601     6.0000     0.1399     3.7930     3.7930    -0.0000
 17   0     5.8874     6.0000     0.1126     3.7728     3.7728    -0.0000
 18   0     5.9507     6.0000     0.0493     3.8012     3.8012     0.0000
 19   0     5.8202     6.0000     0.1798     3.7597     3.7597     0.0000
 20   0     8.3408     8.0000    -0.3408     2.1470     2.1470    -0.0000
 21   0     6.1081     6.0000    -0.1081     3.8462     3.8462     0.0000
 22   0     6.0882     6.0000    -0.0882     3.8722     3.8722    -0.0000
 23   0     5.8056     6.0000     0.1944     3.9088     3.9088     0.0000
 24   0     6.1011     6.0000    -0.1011     3.5994     3.5994     0.0000
 25   0     8.2759     8.0000    -0.2759     2.1604     2.1604    -0.0000
 26   0     5.7529     6.0000     0.2471     3.7798     3.7798     0.0000
 27   0     6.0758     6.0000    -0.0758     4.0662     4.0662    -0.0000
 28   0     6.0748     6.0000    -0.0748     3.9169     3.9169     0.0000
 29   0     5.8611     6.0000     0.1389     3.9652     3.9652    -0.0000
 30   0     5.9191     6.0000     0.0809     3.9578     3.9578    -0.0000
 31   0     6.0960     6.0000    -0.0960     3.9618     3.9618    -0.0000
 32   0     6.1622     6.0000    -0.1622     4.2299     4.2299     0.0000
 33   0     5.9216     6.0000     0.0784     3.9267     3.9267    -0.0000
 34   0     5.8408     6.0000     0.1592     3.9772     3.9772     0.0000
 35   0     5.9541     6.0000     0.0459     3.9777     3.9777    -0.0000
 36   0     6.0726     6.0000    -0.0726     3.9695     3.9695    -0.0000
 37   0     6.2514     6.0000    -0.2514     4.2568     4.2568    -0.0000
 38   0     5.8919     6.0000     0.1081     3.9129     3.9129    -0.0000
 39   0     5.9223     6.0000     0.0777     3.9482     3.9482     0.0000
 40   0     5.8072     6.0000     0.1928     4.2522     4.2522     0.0000
 41   0     8.2403     8.0000    -0.2403     2.2536     2.2536     0.0000
 42   0     8.2775     8.0000    -0.2775     2.1680     2.1680    -0.0000
 43   0     8.2469     8.0000    -0.2469     2.1971     2.1971    -0.0000
 44   0     6.1881     6.0000    -0.1881     4.2369     4.2369     0.0000
 45   0     6.0089     6.0000    -0.0089     3.9605     3.9605    -0.0000
 46   0     5.8874     6.0000     0.1126     3.8895     3.8895     0.0000
 47   0     0.9832     1.0000     0.0168     0.9830     0.9830     0.0000
 48   0     0.9778     1.0000     0.0222     0.9995     0.9995     0.0000
 49   0     0.9519     1.0000     0.0481     1.0099     1.0099     0.0000
 50   0     0.9763     1.0000     0.0237     0.9793     0.9793     0.0000
 51   0     0.9797     1.0000     0.0203     0.9838     0.9838    -0.0000
 52   0     1.0102     1.0000    -0.0102     0.9860     0.9860    -0.0000
 53   0     0.9968     1.0000     0.0032     0.9979     0.9979    -0.0000
 54   0     0.9592     1.0000     0.0408     0.9943     0.9943    -0.0000
 55   0     0.9938     1.0000     0.0062     0.9834     0.9834    -0.0000
 56   0     1.0078     1.0000    -0.0078     0.9881     0.9881    -0.0000
 57   0     0.9925     1.0000     0.0075     0.9902     0.9902    -0.0000
 58   0     0.9814     1.0000     0.0186     1.0167     1.0167     0.0000
 59   0     1.0319     1.0000    -0.0319     0.9921     0.9921    -0.0000
 60   0     1.0548     1.0000    -0.0548     0.9873     0.9873     0.0000
 61   0     1.0501     1.0000    -0.0501     1.0113     1.0113     0.0000
 62   0     1.0776     1.0000    -0.0776     1.0809     1.0809     0.0000
 63   0     0.8032     1.0000     0.1968     0.9947     0.9947    -0.0000
 64   0     0.9865     1.0000     0.0135     0.9979     0.9979    -0.0000
 65   0     0.9856     1.0000     0.0144     1.0437     1.0437    -0.0000
 66   0     0.9928     1.0000     0.0072     1.0138     1.0138    -0.0000
 67   0     1.0001     1.0000    -0.0001     0.9874     0.9874    -0.0000
 68   0     1.0167     1.0000    -0.0167     0.9865     0.9865     0.0000
 69   0     0.9839     1.0000     0.0161     1.0457     1.0457     0.0000
 70   0     1.0075     1.0000    -0.0075     0.9722     0.9722    -0.0000
 71   0     1.0381     1.0000    -0.0381     0.9903     0.9903     0.0000
 72   0     0.9762     1.0000     0.0238     0.9883     0.9883     0.0000
 73   0     0.9734     1.0000     0.0266     1.0068     1.0068    -0.0000
 74   0     1.0131     1.0000    -0.0131     0.9977     0.9977    -0.0000
 75   0     1.0083     1.0000    -0.0083     0.9761     0.9761     0.0000
 76   0     1.0191     1.0000    -0.0191     0.9878     0.9878     0.0000
 77   0     0.9905     1.0000     0.0095     0.9819     0.9819    -0.0000
 78   0     1.0156     1.0000    -0.0156     1.0027     1.0027    -0.0000
 79   0     1.0291     1.0000    -0.0291     1.0007     1.0007    -0.0000
 80   0     0.9870     1.0000     0.0130     0.9998     0.9998    -0.0000
 81   0     0.9939     1.0000     0.0061     0.9877     0.9877     0.0000
 82   0     0.9825     1.0000     0.0175     0.9856     0.9856    -0.0000
 83   0     0.9657     1.0000     0.0343     0.9855     0.9855     0.0000
 84   0     1.0112     1.0000    -0.0112     0.9935     0.9935    -0.0000
 85   0     0.9673     1.0000     0.0327     0.9853     0.9853     0.0000
 86   0     0.7911     1.0000     0.2089     1.0027     1.0027     0.0000
 87   0     0.7954     1.0000     0.2046     0.9891     0.9891    -0.0000
 88   0     1.0034     1.0000    -0.0034     0.9904     0.9904    -0.0000
 89   0     1.0182     1.0000    -0.0182     0.9802     0.9802     0.0000
 90   0     0.9823     1.0000     0.0177     0.9842     0.9842     0.0000
 91   0     0.9956     1.0000     0.0044     1.0196     1.0196     0.0000
 92   0     0.9628     1.0000     0.0372     1.0001     1.0001    -0.0000
      Bond orders larger than 0.1000000
           Atom A     A.N. of A          Atom B    A.N. of B              Bond order
                0             6               1            6                1.104236
                0             6              47            1                0.961424
                0             6              48            1                0.967666
                0             6              49            1                0.966408
                1             6               2            8                0.917358
                1             6              50            1                0.958818
                1             6              51            1                0.951364
                2             8               3            6                1.216042
                3             6               4            8                1.981257
                3             6               5            6                0.899959
                5             6               6            6                1.046096
                5             6              10            6                1.017093
                5             6              13            8                0.923172
                6             6               7            6                1.084100
                6             6              52            1                0.902861
                6             6              53            1                0.915940
                7             6               8            6                1.097418
                7             6              54            1                0.896647
                7             6              55            1                0.902985
                8             6               9            6                1.007569
                8             6              44            6                1.000786
                8             6              56            1                0.845227
                9             6              10            6                1.024155
                9             6              11            6                0.930293
                9             6              20            8                0.983527
               10             6              57            1                0.919652
               10             6              58            1                0.884259
               11             6              12            6                1.347120
               11             6              17            6                1.357637
               12             6              13            8                1.065662
               12             6              14            6                1.327085
               14             6              15            6                1.374473
               14             6              59            1                1.000534
               15             6              16            6                1.290422
               15             6              60            1                0.990385
               16             6              17            6                1.300103
               16             6              43            8                1.119722
               17             6              18            6                1.053645
               18             6              19            6                1.304123
               18             6              24            6                1.320574
               19             6              20            8                1.021303
               19             6              21            6                1.322957
               21             6              22            6                1.325652
               21             6              24            6                0.118559
               21             6              61            1                1.028377
               22             6              23            6                1.401724
               22             6              26            6                1.017146
               23             6              24            6                1.265183
               23             6              25            8                1.113648
               24             6              62            1                0.975217
               25             8              63            1                0.930724
               26             6              27            6                1.053672
               26             6              64            1                0.856703
               26             6              65            1                0.898470
               27             6              28            6                1.827350
               27             6              66            1                0.941185
               28             6              29            6                1.026672
               28             6              40            6                1.010563
               29             6              30            6                1.078180
               29             6              67            1                0.909988
               29             6              68            1                0.923477
               30             6              31            6                1.042184
               30             6              69            1                0.920530
               30             6              70            1                0.901880
               31             6              32            6                1.883680
               31             6              71            1                0.958919
               32             6              33            6                1.105859
               32             6              34            6                1.063870
               33             6              72            1                0.938492
               33             6              73            1                0.932232
               33             6              74            1                0.937130
               34             6              35            6                1.078691
               34             6              75            1                0.908087
               34             6              76            1                0.921051
               35             6              36            6                1.029869
               35             6              77            1                0.916084
               35             6              78            1                0.910829
               36             6              37            6                1.927977
               36             6              79            1                0.954106
               37             6              38            6                1.082809
               37             6              39            6                1.074925
               38             6              80            1                0.958667
               38             6              81            1                0.943189
               38             6              82            1                0.949087
               39             6              83            1                0.946470
               39             6              84            1                0.945284
               39             6              85            1                0.947670
               40             6              41            8                2.020495
               40             6              42            8                1.132708
               42             8              86            1                0.914716
               43             8              62            1                0.116720
               43             8              87            1                0.919967
               44             6              45            6                1.998901
               44             6              46            6                1.064992
               45             6              88            1                0.922175
               45             6              89            1                0.943358
               46             6              90            1                0.944812
               46             6              91            1                0.944849
               46             6              92            1                0.945583
# -----------------------------------------------------------
$ Calculation_Info
   description: Details of the calculation
   geom. index: 1
   prop. index: 1
     Multiplicity:                          1
     Charge:                                0
     number of atoms:                       93
     number of electrons:                   0
     number of frozen core electrons:       1
     number of correlated electrons:        0
     number of basis functions:             888
     number of aux C basis functions:       0
     number of aux J basis functions:       2809
     number of aux JK basis functions:      0
     number of aux CABS basis functions:    0
     Total Energy                           -2112.657956
# -----------------------------------------------------------
$ SCF_Electric_Properties
   description: The SCF Calculated Electric Properties
   geom. index: 1
   prop. index: 1
       Filename                          : 196.scfp 
       Do Dipole Moment Calculation      : true 
       Do Quadrupole Moment Calculation  : false 
       Do Polarizability Calculation     : true 
** Dipole moment part of electric properties **
        Magnitude of dipole moment (Debye) :        5.4413940749
        Electronic Contribution:
                  0    
      0     -67.936955
      1     -12.273278
      2       1.407290
        Nuclear Contribution:
                  0    
      0      67.508329
      1      10.813952
      2       0.099205
        Total Dipole moment:
                  0    
      0      -0.428626
      1      -1.459326
      2       1.506494
** Polarizabilities part of electric properties **
        Isotropic polarizability :      453.6500900063
        The raw cartesian tensor (atomic units):
                  0          1          2    
      0     592.506693  10.179018  10.654358
      1      10.179018 405.423622 -39.781539
      2      10.654358 -39.781539 363.019955
        Diagonalised polarizability tensor :
                  0    
      0     338.329906
      1     429.236892
      2     593.383472
# -------------------------------------------------------------
----------------------- !GEOMETRIES! ------------------------
# -------------------------------------------------------------
------------------------ !GEOMETRY! -------------------------
    Number of atoms:    93 
    Geometry Index:     1 
    Coordinates:
               0 C     -9.650317000000   -1.093217000000   -3.689041000000
               1 C    -10.139856000000   -0.818412000000   -2.285269000000
               2 O     -9.050346000000   -0.723428000000   -1.385682000000
               3 C     -8.040812000000    0.200688000000   -1.515653000000
               4 O     -8.112259000000    0.991189000000   -2.496662000000
               5 C     -6.914073000000    0.286015000000   -0.566595000000
               6 C     -7.045116000000    1.614519000000    0.171961000000
               7 C     -6.012347000000    1.530569000000    1.315344000000
               8 C     -4.678803000000    1.410052000000    0.601414000000
               9 C     -4.483230000000    0.170504000000   -0.188793000000
              10 C     -5.585423000000    0.166154000000   -1.260294000000
              11 C     -4.691090000000   -1.099530000000    0.556989000000
              12 C     -5.981088000000   -1.427443000000    0.871337000000
              13 O     -7.075690000000   -0.693012000000    0.464109000000
              14 C     -6.255585000000   -2.555780000000    1.635845000000
              15 C     -5.220360000000   -3.347809000000    2.076583000000
              16 C     -3.903019000000   -3.027678000000    1.759874000000
              17 C     -3.660654000000   -1.911178000000    1.004739000000
              18 C     -2.300648000000   -1.611018000000    0.541601000000
              19 C     -2.110741000000   -0.536369000000   -0.330870000000
              20 O     -3.192010000000    0.217287000000   -0.742600000000
              21 C     -0.824228000000   -0.213269000000   -0.795714000000
              22 C      0.244706000000   -0.958145000000   -0.387601000000
              23 C      0.041023000000   -2.002898000000    0.464381000000
              24 C     -1.233823000000   -2.357896000000    0.952281000000
              25 O      1.119185000000   -2.770714000000    0.887124000000
              26 C      1.661894000000   -0.682431000000   -0.818476000000
              27 C      2.429059000000   -0.037538000000    0.209873000000
              28 C      2.987261000000    1.144223000000    0.120341000000
              29 C      3.765828000000    1.678999000000    1.306304000000
              30 C      5.209592000000    1.886927000000    0.945615000000
              31 C      5.873279000000    0.630213000000    0.533742000000
              32 C      6.451813000000    0.515070000000   -0.637560000000
              33 C      6.468167000000    1.630380000000   -1.596043000000
              34 C      7.112976000000   -0.797574000000   -1.000641000000
              35 C      8.577501000000   -0.578955000000   -1.264840000000
              36 C      9.318488000000   -0.024007000000   -0.119393000000
              37 C     10.335889000000   -0.655128000000    0.457664000000
              38 C     11.076410000000   -0.078464000000    1.617796000000
              39 C     10.720675000000   -1.990877000000   -0.101345000000
              40 C      2.851889000000    1.952417000000   -1.047047000000
              41 O      2.246226000000    1.715345000000   -2.103873000000
              42 O      3.485342000000    3.224149000000   -1.040885000000
              43 O     -2.944923000000   -3.872476000000    2.237785000000
              44 C     -3.563578000000    1.851920000000    1.466824000000
              45 C     -3.732340000000    1.913185000000    2.782396000000
              46 C     -2.229309000000    2.295639000000    0.965589000000
              47 H    -10.419683000000   -1.617703000000   -4.305331000000
              48 H     -8.711437000000   -1.642885000000   -3.641238000000
              49 H     -9.444679000000   -0.112414000000   -4.185710000000
              50 H    -10.756367000000   -1.685197000000   -1.929543000000
              51 H    -10.733816000000    0.119865000000   -2.263216000000
              52 H     -8.037006000000    1.669298000000    0.611948000000
              53 H     -6.825502000000    2.487253000000   -0.435297000000
              54 H     -6.225663000000    0.732148000000    2.019371000000
              55 H     -6.011490000000    2.544653000000    1.775084000000
              56 H     -4.748087000000    2.243731000000   -0.191878000000
              57 H     -5.586112000000   -0.776102000000   -1.821371000000
              58 H     -5.480712000000    1.043290000000   -1.923784000000
              59 H     -7.272500000000   -2.825724000000    1.894317000000
              60 H     -5.472118000000   -4.212941000000    2.669554000000
              61 H     -0.703545000000    0.603912000000   -1.456583000000
              62 H     -1.325552000000   -3.173200000000    1.613795000000
              63 H      1.048688000000   -3.547607000000    1.509588000000
              64 H      2.123130000000   -1.731280000000   -0.940339000000
              65 H      1.619419000000   -0.299600000000   -1.818475000000
              66 H      2.554065000000   -0.597027000000    1.160088000000
              67 H      3.284222000000    2.639548000000    1.572769000000
              68 H      3.659502000000    1.010186000000    2.177258000000
              69 H      5.288770000000    2.697081000000    0.225745000000
              70 H      5.729286000000    2.173131000000    1.921046000000
              71 H      5.854568000000   -0.198578000000    1.258521000000
              72 H      6.736952000000    2.618834000000   -1.158408000000
              73 H      5.515453000000    1.774619000000   -2.148443000000
              74 H      7.233148000000    1.480990000000   -2.403190000000
              75 H      6.677901000000   -1.198723000000   -1.940140000000
              76 H      7.010448000000   -1.542505000000   -0.194109000000
              77 H      8.769490000000    0.011323000000   -2.180607000000
              78 H      9.010746000000   -1.592735000000   -1.468843000000
              79 H      9.059934000000    0.959385000000    0.322316000000
              80 H     10.875041000000    1.006731000000    1.674717000000
              81 H     12.170773000000   -0.268764000000    1.459324000000
              82 H     10.798901000000   -0.626042000000    2.522655000000
              83 H     10.997309000000   -1.921226000000   -1.170429000000
              84 H     11.649884000000   -2.338273000000    0.426039000000
              85 H      9.903971000000   -2.716073000000    0.093746000000
              86 H      3.274273000000    3.903356000000   -1.758222000000
              87 H     -3.065771000000   -4.677356000000    2.802295000000
              88 H     -4.683035000000    1.640449000000    3.210791000000
              89 H     -2.944609000000    2.228749000000    3.439295000000
              90 H     -2.068713000000    3.390864000000    1.229083000000
              91 H     -2.277704000000    2.292317000000   -0.139500000000
              92 H     -1.397306000000    1.685210000000    1.312678000000
