-------------------------------------------------------------
----------------------- !PROPERTIES! ------------------------
-------------------------------------------------------------
# -----------------------------------------------------------
$ SCF_Energy
   description: The SCF energy
   geom. index: 1
   prop. index: 1
        SCF Energy:    -1986.7925275417
# -----------------------------------------------------------
$ DFT_Energy
   description: The DFT energy
   geom. index: 1
   prop. index: 1
   Number of Alpha Electrons                151.9999490662 
   Number of Beta  Electrons                151.9999490662 
   Total number of  Electrons               303.9998981324 
   Exchange energy                         -207.0138109751 
   Correlation energy                       -12.3865305035 
   Correlation energy NL                      0.0000000000 
   Exchange-Correlation energy             -219.4003414787 
   Embedding correction                       0.0000000000 
   Total DFT Energy (No VdW correction)   -1986.7925275417 
# -----------------------------------------------------------
$ Mayer_Pop
   description: The Mayer population analysis
   geom. index: 1
   prop. index: 1
     Number of atoms                     : 71
     Threshold for printing              : 0.1000000
     Number of bond orders printed       : 77
  NA   - Mulliken gross atomic population
  ZA   - Total nuclear charge
  QA   - Mulliken gross atomic charge
  VA   - Mayer's total valence
  BVA  - Mayer's bonded valence
  FA   - Mayer's free valence
  ATOM       NA         ZA         QA         VA         BVA        FA
  0   0     5.9293     6.0000     0.0707     3.8995     3.8995    -0.0000
  1   0     5.9863     6.0000     0.0137     3.8920     3.8920     0.0000
  2   0     6.0780     6.0000    -0.0780     3.7575     3.7575     0.0000
  3   0     5.9598     6.0000     0.0402     3.8924     3.8924    -0.0000
  4   0     5.9735     6.0000     0.0265     3.5438     3.5438     0.0000
  5   0     5.8786     6.0000     0.1214     4.0235     4.0235     0.0000
  6   0     6.0896     6.0000    -0.0896     3.6944     3.6944    -0.0000
  7   0     8.2016     8.0000    -0.2016     2.2423     2.2423     0.0000
  8   0     5.9570     6.0000     0.0430     4.1168     4.1168    -0.0000
  9   0     8.1601     8.0000    -0.1601     2.3399     2.3399    -0.0000
 10   0     5.9939     6.0000     0.0061     3.5477     3.5477     0.0000
 11   0     5.9194     6.0000     0.0806     3.8413     3.8413    -0.0000
 12   0     6.0882     6.0000    -0.0882     3.7944     3.7944     0.0000
 13   0     5.7545     6.0000     0.2455     3.9324     3.9324     0.0000
 14   0     5.8799     6.0000     0.1201     4.0392     4.0392     0.0000
 15   0     6.0574     6.0000    -0.0574     4.0952     4.0952    -0.0000
 16   0     5.9050     6.0000     0.0950     3.7307     3.7307     0.0000
 17   0     5.9803     6.0000     0.0197     3.5112     3.5112     0.0000
 18   0     5.8506     6.0000     0.1494     3.9795     3.9795    -0.0000
 19   0     6.0660     6.0000    -0.0660     3.7606     3.7606     0.0000
 20   0     5.9799     6.0000     0.0201     3.8412     3.8412    -0.0000
 21   0     6.1478     6.0000    -0.1478     3.8078     3.8078    -0.0000
 22   0     5.9172     6.0000     0.0828     3.9007     3.9007     0.0000
 23   0     8.2143     8.0000    -0.2143     2.2680     2.2680     0.0000
 24   0     5.9580     6.0000     0.0420     4.1163     4.1163     0.0000
 25   0     8.2438     8.0000    -0.2438     2.2752     2.2752     0.0000
 26   0     5.9526     6.0000     0.0474     3.5548     3.5548    -0.0000
 27   0     5.9819     6.0000     0.0181     3.7821     3.7821    -0.0000
 28   0     6.0396     6.0000    -0.0396     3.9200     3.9200     0.0000
 29   0     5.7414     6.0000     0.2586     3.7805     3.7805     0.0000
 30   0     6.1874     6.0000    -0.1874     3.6020     3.6020    -0.0000
 31   0     5.8756     6.0000     0.1244     3.9838     3.9838     0.0000
 32   0     8.1837     8.0000    -0.1837     2.2582     2.2582     0.0000
 33   0     8.3396     8.0000    -0.3396     2.2035     2.2035    -0.0000
 34   0     5.8089     6.0000     0.1911     3.9340     3.9340     0.0000
 35   0     8.2726     8.0000    -0.2726     2.1101     2.1101     0.0000
 36   0     6.1106     6.0000    -0.1106     3.7319     3.7319    -0.0000
 37   0     5.6701     6.0000     0.3299     3.7291     3.7291    -0.0000
 38   0     6.1902     6.0000    -0.1902     3.6353     3.6353    -0.0000
 39   0     5.8823     6.0000     0.1177     4.0256     4.0256     0.0000
 40   0     8.1937     8.0000    -0.1937     2.2444     2.2444    -0.0000
 41   0     8.3328     8.0000    -0.3328     2.1904     2.1904     0.0000
 42   0     5.8067     6.0000     0.1933     3.9376     3.9376    -0.0000
 43   0     0.9965     1.0000     0.0035     0.9922     0.9922    -0.0000
 44   0     0.9672     1.0000     0.0328     0.9867     0.9867     0.0000
 45   0     0.9755     1.0000     0.0245     0.9925     0.9925     0.0000
 46   0     1.0467     1.0000    -0.0467     1.0038     1.0038     0.0000
 47   0     1.0785     1.0000    -0.0785     0.9980     0.9980     0.0000
 48   0     0.8161     1.0000     0.1839     0.9980     0.9980     0.0000
 49   0     0.9985     1.0000     0.0015     0.9877     0.9877     0.0000
 50   0     1.0025     1.0000    -0.0025     1.0240     1.0240    -0.0000
 51   0     1.0097     1.0000    -0.0097     0.9969     0.9969     0.0000
 52   0     1.0081     1.0000    -0.0081     0.9856     0.9856     0.0000
 53   0     1.0517     1.0000    -0.0517     1.0063     1.0063     0.0000
 54   0     1.0600     1.0000    -0.0600     1.0017     1.0017    -0.0000
 55   0     0.9692     1.0000     0.0308     0.9893     0.9893    -0.0000
 56   0     0.9967     1.0000     0.0033     0.9988     0.9988    -0.0000
 57   0     0.9668     1.0000     0.0332     0.9892     0.9892     0.0000
 58   0     0.8042     1.0000     0.1958     1.0457     1.0457     0.0000
 59   0     1.0683     1.0000    -0.0683     1.0169     1.0169    -0.0000
 60   0     0.8128     1.0000     0.1872     0.9976     0.9976     0.0000
 61   0     0.9837     1.0000     0.0163     0.9812     0.9812    -0.0000
 62   0     0.9838     1.0000     0.0162     0.9840     0.9840    -0.0000
 63   0     0.9499     1.0000     0.0501     0.9844     0.9844     0.0000
 64   0     0.8368     1.0000     0.1632     1.0343     1.0343     0.0000
 65   0     1.0434     1.0000    -0.0434     1.0380     1.0380    -0.0000
 66   0     1.0842     1.0000    -0.0842     1.0166     1.0166    -0.0000
 67   0     0.8176     1.0000     0.1824     1.0021     1.0021     0.0000
 68   0     0.9592     1.0000     0.0408     0.9813     0.9813     0.0000
 69   0     0.9883     1.0000     0.0117     0.9840     0.9840    -0.0000
 70   0     0.9844     1.0000     0.0156     0.9838     0.9838    -0.0000
      Bond orders larger than 0.1000000
           Atom A     A.N. of A          Atom B    A.N. of B              Bond order
                0             6               1            6                1.050798
                0             6              43            1                0.954298
                0             6              44            1                0.950910
                0             6              45            1                0.959945
                1             6               2            6                1.385599
                1             6               6            6                1.298523
                2             6               3            6                1.318860
                2             6              46            1                0.986674
                3             6               4            6                1.465739
                3             6              12            6                0.929095
                4             6               5            6                1.258389
                4             6               8            6                0.906945
                5             6               6            6                1.334087
                5             6               7            8                1.253383
                6             6              47            1                1.001341
                7             8              48            1                0.932037
                8             6               9            8                2.218861
                8             6              10            6                0.931324
               10             6              11            6                1.449159
               10             6              39            6                1.244882
               11             6              12            6                0.910260
               11             6              36            6                1.343267
               12             6              13            6                1.044254
               12             6              28            6                0.949352
               13             6              14            6                1.095006
               13             6              49            1                0.904391
               13             6              50            1                0.861266
               14             6              15            6                1.087925
               14             6              51            1                0.917155
               14             6              52            1                0.862268
               15             6              16            6                0.910550
               15             6              27            6                0.931833
               15             6              35            8                1.086057
               16             6              17            6                1.375123
               16             6              21            6                1.346936
               17             6              18            6                1.231672
               17             6              24            6                0.978982
               18             6              19            6                1.287067
               18             6              23            8                1.282278
               19             6              20            6                1.359300
               19             6              53            1                1.009558
               20             6              21            6                1.308422
               20             6              22            6                1.046381
               21             6              54            1                1.011073
               22             6              55            1                0.955518
               22             6              56            1                0.956623
               22             6              57            1                0.955530
               23             8              58            1                0.908317
               24             6              25            8                2.086470
               24             6              26            6                0.970948
               26             6              27            6                1.378110
               26             6              31            6                1.284830
               27             6              28            6                1.426789
               28             6              29            6                1.344221
               29             6              30            6                1.266796
               29             6              33            8                1.109650
               30             6              31            6                1.224274
               30             6              59            1                0.999590
               31             6              32            8                1.290696
               32             8              60            1                0.927544
               33             8              34            6                0.970260
               34             6              61            1                0.959337
               34             6              62            1                0.964091
               34             6              63            1                0.969378
               35             8              64            1                0.958280
               36             6              37            6                1.322836
               36             6              65            1                1.013938
               37             6              38            6                1.192693
               37             6              41            8                1.110691
               38             6              39            6                1.309301
               38             6              66            1                0.999863
               39             6              40            8                1.264318
               40             8              67            1                0.931103
               41             8              42            6                0.971670
               42             6              68            1                0.970771
               42             6              69            1                0.962142
               42             6              70            1                0.962617
# -----------------------------------------------------------
$ Calculation_Info
   description: Details of the calculation
   geom. index: 1
   prop. index: 1
     Multiplicity:                          1
     Charge:                                0
     number of atoms:                       71
     number of electrons:                   0
     number of frozen core electrons:       1
     number of correlated electrons:        0
     number of basis functions:             742
     number of aux C basis functions:       0
     number of aux J basis functions:       2415
     number of aux JK basis functions:      0
     number of aux CABS basis functions:    0
     Total Energy                           -1986.792528
# -----------------------------------------------------------
$ SCF_Electric_Properties
   description: The SCF Calculated Electric Properties
   geom. index: 1
   prop. index: 1
       Filename                          : 207.scfp 
       Do Dipole Moment Calculation      : true 
       Do Quadrupole Moment Calculation  : false 
       Do Polarizability Calculation     : true 
** Dipole moment part of electric properties **
        Magnitude of dipole moment (Debye) :        1.2051691128
        Electronic Contribution:
                  0    
      0      -1.906200
      1      10.405260
      2       2.620223
        Nuclear Contribution:
                  0    
      0       1.729421
      1      -9.965953
      2      -2.596398
        Total Dipole moment:
                  0    
      0      -0.176779
      1       0.439307
      2       0.023825
** Polarizabilities part of electric properties **
        Isotropic polarizability :      409.2336431520
        The raw cartesian tensor (atomic units):
                  0          1          2    
      0     490.497626 -68.035796   7.485882
      1     -68.035796 359.151226  13.990861
      2       7.485882  13.990861 378.052078
        Diagonalised polarizability tensor :
                  0    
      0     325.508784
      1     382.791973
      2     519.400172
# -------------------------------------------------------------
----------------------- !GEOMETRIES! ------------------------
# -------------------------------------------------------------
------------------------ !GEOMETRY! -------------------------
    Number of atoms:    71 
    Geometry Index:     1 
    Coordinates:
               0 C      0.376569000000    0.049536000000   -4.946736000000
               1 C     -0.746052000000    0.212609000000   -3.960592000000
               2 C     -0.463405000000    0.045040000000   -2.633856000000
               3 C     -1.495728000000    0.189134000000   -1.662095000000
               4 C     -2.754474000000    0.494372000000   -2.028151000000
               5 C     -3.010913000000    0.658867000000   -3.406135000000
               6 C     -2.027941000000    0.521454000000   -4.360488000000
               7 O     -4.329006000000    0.970228000000   -3.734499000000
               8 C     -3.832607000000    0.756130000000   -1.073351000000
               9 O     -4.978754000000    1.029957000000   -1.450914000000
              10 C     -3.439225000000    0.666181000000    0.328540000000
              11 C     -2.178801000000    0.358156000000    0.690817000000
              12 C     -1.124147000000   -0.088865000000   -0.248001000000
              13 C     -0.892273000000   -1.549594000000   -0.106291000000
              14 C      0.462539000000   -2.060184000000   -0.310323000000
              15 C      1.507470000000   -1.322728000000    0.499926000000
              16 C      2.851565000000   -1.842539000000    0.429104000000
              17 C      3.949452000000   -1.030976000000    0.685101000000
              18 C      5.242120000000   -1.537111000000    0.724687000000
              19 C      5.431304000000   -2.910853000000    0.492964000000
              20 C      4.336878000000   -3.701210000000    0.236868000000
              21 C      3.068639000000   -3.198402000000    0.201337000000
              22 C      4.493336000000   -5.176124000000   -0.018746000000
              23 O      6.353106000000   -0.792454000000    0.974975000000
              24 C      3.768561000000    0.409278000000    0.804164000000
              25 O      4.699334000000    1.222152000000    1.042411000000
              26 C      2.425362000000    0.949629000000    0.637824000000
              27 C      1.356262000000    0.131025000000    0.380487000000
              28 C      0.105187000000    0.681977000000    0.100742000000
              29 C     -0.061489000000    2.073993000000    0.089561000000
              30 C      1.014280000000    2.863166000000    0.353382000000
              31 C      2.249940000000    2.333055000000    0.626000000000
              32 O      3.360410000000    3.116053000000    0.896984000000
              33 O     -1.328495000000    2.630063000000   -0.191993000000
              34 C     -1.433111000000    4.027377000000   -0.188762000000
              35 O      1.140652000000   -1.559167000000    1.899537000000
              36 C     -1.891996000000    0.396598000000    2.061527000000
              37 C     -2.826761000000    0.724048000000    3.008974000000
              38 C     -4.123818000000    1.037228000000    2.633388000000
              39 C     -4.420415000000    1.005547000000    1.289867000000
              40 O     -5.695432000000    1.306495000000    0.835006000000
              41 O     -2.490466000000    0.747307000000    4.356787000000
              42 C     -3.471401000000    1.087462000000    5.308969000000
              43 H      0.163562000000    0.606398000000   -5.890053000000
              44 H      0.480339000000   -1.018734000000   -5.258018000000
              45 H      1.325099000000    0.444223000000   -4.550551000000
              46 H      0.548746000000   -0.183430000000   -2.305702000000
              47 H     -2.253426000000    0.652424000000   -5.403064000000
              48 H     -4.545904000000    1.094761000000   -4.715128000000
              49 H     -1.593219000000   -2.156151000000   -0.732376000000
              50 H     -1.188095000000   -1.804643000000    0.963526000000
              51 H      0.849884000000   -2.233187000000   -1.299086000000
              52 H      0.457903000000   -3.107414000000    0.164792000000
              53 H      6.422049000000   -3.313584000000    0.520475000000
              54 H      2.250600000000   -3.856909000000   -0.004452000000
              55 H      4.050745000000   -5.435232000000   -1.019427000000
              56 H      5.579133000000   -5.371325000000   -0.126087000000
              57 H      4.104298000000   -5.781946000000    0.797839000000
              58 H      6.539514000000    0.126336000000    1.165316000000
              59 H      0.897031000000    3.958242000000    0.349615000000
              60 H      3.233659000000    4.119137000000    0.888519000000
              61 H     -1.125319000000    4.476951000000    0.787234000000
              62 H     -0.762765000000    4.448984000000   -0.960457000000
              63 H     -2.494527000000    4.308190000000   -0.343730000000
              64 H      1.432565000000   -2.484196000000    2.080612000000
              65 H     -0.900864000000    0.161944000000    2.362383000000
              66 H     -4.901774000000    1.300278000000    3.324210000000
              67 H     -6.433115000000    1.553083000000    1.453732000000
              68 H     -3.102183000000    1.101330000000    6.333409000000
              69 H     -3.879371000000    2.091263000000    4.993269000000
              70 H     -4.330821000000    0.379295000000    5.154203000000
