-------------------------------------------------------------
----------------------- !PROPERTIES! ------------------------
-------------------------------------------------------------
# -----------------------------------------------------------
$ SCF_Energy
   description: The SCF energy
   geom. index: 1
   prop. index: 1
        SCF Energy:    -2181.0657703113
# -----------------------------------------------------------
$ DFT_Energy
   description: The DFT energy
   geom. index: 1
   prop. index: 1
   Number of Alpha Electrons                125.9999450401 
   Number of Beta  Electrons                125.9999450401 
   Total number of  Electrons               251.9998900803 
   Exchange energy                         -191.9483010970 
   Correlation energy                       -10.6186710836 
   Correlation energy NL                      0.0000000000 
   Exchange-Correlation energy             -202.5669721805 
   Embedding correction                       0.0000000000 
   Total DFT Energy (No VdW correction)   -2181.0657703113 
# -----------------------------------------------------------
$ Mayer_Pop
   description: The Mayer population analysis
   geom. index: 1
   prop. index: 1
     Number of atoms                     : 48
     Threshold for printing              : 0.1000000
     Number of bond orders printed       : 51
  NA   - Mulliken gross atomic population
  ZA   - Total nuclear charge
  QA   - Mulliken gross atomic charge
  VA   - Mayer's total valence
  BVA  - Mayer's bonded valence
  FA   - Mayer's free valence
  ATOM       NA         ZA         QA         VA         BVA        FA
  0   0     6.0598     6.0000    -0.0598     3.8714     3.8714    -0.0000
  1   0    15.1952    16.0000     0.8048     5.1850     5.1850    -0.0000
  2   0     8.4862     8.0000    -0.4862     1.9052     1.9052     0.0000
  3   0     8.4880     8.0000    -0.4880     1.9085     1.9085     0.0000
  4   0     7.3566     7.0000    -0.3566     2.9552     2.9552    -0.0000
  5   0     5.8894     6.0000     0.1106     3.9236     3.9236     0.0000
  6   0     5.7734     6.0000     0.2266     3.9554     3.9554     0.0000
  7   0     6.1213     6.0000    -0.1213     3.7533     3.7533     0.0000
  8   0     5.7705     6.0000     0.2295     3.9657     3.9657     0.0000
  9   0     6.1463     6.0000    -0.1463     3.7476     3.7476     0.0000
 10   0     5.7181     6.0000     0.2819     3.8154     3.8154     0.0000
 11   0     6.0015     6.0000    -0.0015     3.7912     3.7912    -0.0000
 12   0     5.9344     6.0000     0.0656     3.8152     3.8152    -0.0000
 13   0     8.2665     8.0000    -0.2665     2.1953     2.1953     0.0000
 14   0     5.4395     6.0000     0.5605     4.2208     4.2208    -0.0000
 15   0     9.2188     9.0000    -0.2188     1.1285     1.1285    -0.0000
 16   0     9.2377     9.0000    -0.2377     1.1032     1.1032    -0.0000
 17   0     9.1920     9.0000    -0.1920     1.1930     1.1930    -0.0000
 18   0     7.2009     7.0000    -0.2009     3.1902     3.1902     0.0000
 19   0     5.9201     6.0000     0.0799     4.2422     4.2422    -0.0000
 20   0     7.1396     7.0000    -0.1396     3.1370     3.1370     0.0000
 21   0     5.9202     6.0000     0.0798     4.0023     4.0023    -0.0000
 22   0     6.0475     6.0000    -0.0475     3.7284     3.7284     0.0000
 23   0     5.9307     6.0000     0.0693     3.9820     3.9820    -0.0000
 24   0     7.1177     7.0000    -0.1177     3.1353     3.1353    -0.0000
 25   0     5.8527     6.0000     0.1473     4.0075     4.0075    -0.0000
 26   0     7.1352     7.0000    -0.1352     2.9687     2.9687    -0.0000
 27   0     7.1039     7.0000    -0.1039     2.9709     2.9709     0.0000
 28   0     6.0109     6.0000    -0.0109     3.9802     3.9802    -0.0000
 29   0     8.1388     8.0000    -0.1388     2.4472     2.4472    -0.0000
 30   0     5.4356     6.0000     0.5644     4.1282     4.1282    -0.0000
 31   0     9.1969     9.0000    -0.1969     1.1559     1.1559     0.0000
 32   0     9.2439     9.0000    -0.2439     1.1003     1.1003    -0.0000
 33   0     0.9334     1.0000     0.0666     1.0060     1.0060     0.0000
 34   0     0.9052     1.0000     0.0948     1.0006     1.0006     0.0000
 35   0     0.8946     1.0000     0.1054     1.0027     1.0027    -0.0000
 36   0     0.8397     1.0000     0.1603     0.9956     0.9956     0.0000
 37   0     1.0061     1.0000    -0.0061     1.0114     1.0114     0.0000
 38   0     0.9484     1.0000     0.0516     1.0760     1.0760     0.0000
 39   0     0.9819     1.0000     0.0181     1.0010     1.0010    -0.0000
 40   0     1.0205     1.0000    -0.0205     1.0091     1.0091     0.0000
 41   0     1.0240     1.0000    -0.0240     0.9944     0.9944    -0.0000
 42   0     1.0334     1.0000    -0.0334     1.0164     1.0164    -0.0000
 43   0     0.9793     1.0000     0.0207     1.0021     1.0021    -0.0000
 44   0     0.8393     1.0000     0.1607     0.9954     0.9954     0.0000
 45   0     0.9617     1.0000     0.0383     1.0079     1.0079    -0.0000
 46   0     0.9713     1.0000     0.0287     0.9975     0.9975     0.0000
 47   0     0.9714     1.0000     0.0286     1.0062     1.0062    -0.0000
      Bond orders larger than 0.1000000
           Atom A     A.N. of A          Atom B    A.N. of B              Bond order
                0             6               1           16                0.895642
                0             6              33            1                0.947633
                0             6              34            1                0.947740
                0             6              35            1                0.946146
                1            16               2            8                1.664442
                1            16               3            8                1.618979
                1            16               4            7                0.902763
                4             7               5            6                0.941234
                4             7              36            1                0.909747
                5             6               6            6                1.096398
                5             6              37            1                0.897519
                5             6              38            1                0.906123
                6             6               7            6                0.931443
                6             6              18            7                0.987705
                6             6              39            1                0.882396
                7             6               8            6                1.399975
                7             6              12            6                1.369382
                8             6               9            6                1.307684
                8             6              17            9                1.131388
                9             6              10            6                1.334365
                9             6              40            1                0.987667
               10             6              11            6                1.334281
               10             6              13            8                1.030224
               11             6              12            6                1.372448
               11             6              41            1                1.001375
               12             6              42            1                0.970371
               13             8              14            6                1.075274
               14             6              15            9                1.078704
               14             6              16            9                1.057377
               14             6              43            1                0.951982
               18             7              19            6                1.171541
               18             7              44            1                0.903236
               19             6              20            7                1.389494
               19             6              24            7                1.463411
               20             7              21            6                1.556914
               21             6              22            6                1.318609
               21             6              45            1                0.981078
               22             6              23            6                1.320288
               22             6              25            6                1.041518
               23             6              24            7                1.534790
               23             6              46            1                0.982975
               25             6              26            7                1.581088
               25             6              28            6                0.105786
               25             6              29            8                1.205387
               26             7              27            7                1.268458
               27             7              28            6                1.588807
               28             6              29            8                1.176629
               28             6              30            6                1.004016
               30             6              31            9                1.105546
               30             6              32            9                1.047735
               30             6              47            1                0.944191
# -----------------------------------------------------------
$ Calculation_Info
   description: Details of the calculation
   geom. index: 1
   prop. index: 1
     Multiplicity:                          1
     Charge:                                0
     number of atoms:                       48
     number of electrons:                   0
     number of frozen core electrons:       1
     number of correlated electrons:        0
     number of basis functions:             541
     number of aux C basis functions:       0
     number of aux J basis functions:       1784
     number of aux JK basis functions:      0
     number of aux CABS basis functions:    0
     Total Energy                           -2181.065770
# -----------------------------------------------------------
$ SCF_Electric_Properties
   description: The SCF Calculated Electric Properties
   geom. index: 1
   prop. index: 1
       Filename                          : 246.scfp 
       Do Dipole Moment Calculation      : true 
       Do Quadrupole Moment Calculation  : false 
       Do Polarizability Calculation     : true 
** Dipole moment part of electric properties **
        Magnitude of dipole moment (Debye) :        5.0194182455
        Electronic Contribution:
                  0    
      0      17.105482
      1      20.370156
      2       7.205315
        Nuclear Contribution:
                  0    
      0     -17.662271
      1     -19.086235
      2      -5.812055
        Total Dipole moment:
                  0    
      0      -0.556789
      1       1.283922
      2       1.393259
** Polarizabilities part of electric properties **
        Isotropic polarizability :      273.9941901368
        The raw cartesian tensor (atomic units):
                  0          1          2    
      0     394.276976 -51.616530  53.615745
      1     -51.616530 241.287566   7.204500
      2      53.615745   7.204500 186.418029
        Diagonalised polarizability tensor :
                  0    
      0     167.642904
      1     233.834416
      2     420.505250
# -------------------------------------------------------------
----------------------- !GEOMETRIES! ------------------------
# -------------------------------------------------------------
------------------------ !GEOMETRY! -------------------------
    Number of atoms:    48 
    Geometry Index:     1 
    Coordinates:
               0 C     -2.822065000000   -3.777133000000   -0.018216000000
               1 S     -1.941733000000   -3.456960000000   -1.514845000000
               2 O     -2.618841000000   -4.154987000000   -2.665386000000
               3 O     -0.567469000000   -4.014343000000   -1.373156000000
               4 N     -1.817793000000   -1.746295000000   -1.808932000000
               5 C     -1.068240000000   -1.203072000000   -0.681859000000
               6 C     -0.876413000000    0.272976000000   -0.789569000000
               7 C     -2.144116000000    1.027846000000   -0.830930000000
               8 C     -2.135904000000    2.385227000000   -1.029235000000
               9 C     -3.324327000000    3.128462000000   -1.070423000000
              10 C     -4.533707000000    2.534284000000   -0.915592000000
              11 C     -4.546053000000    1.143453000000   -0.712018000000
              12 C     -3.375061000000    0.438068000000   -0.675265000000
              13 O     -5.737591000000    3.204224000000   -0.945581000000
              14 C     -5.883934000000    4.555959000000   -1.135453000000
              15 F     -6.718030000000    4.851029000000   -2.221063000000
              16 F     -6.478182000000    5.089362000000    0.026833000000
              17 F     -0.989357000000    3.086476000000   -1.196343000000
              18 N     -0.103934000000    0.741814000000    0.342153000000
              19 C      1.246108000000    0.375848000000    0.574945000000
              20 N      1.836245000000   -0.445336000000   -0.313464000000
              21 C      3.099314000000   -0.810968000000   -0.131213000000
              22 C      3.801278000000   -0.357577000000    0.953104000000
              23 C      3.200644000000    0.478128000000    1.857402000000
              24 N      1.921269000000    0.831137000000    1.646698000000
              25 C      5.179325000000   -0.767977000000    1.129336000000
              26 N      5.929894000000   -1.570765000000    0.346178000000
              27 N      7.130166000000   -1.685030000000    0.867974000000
              28 C      7.155531000000   -0.951564000000    1.995589000000
              29 O      5.968386000000   -0.419066000000    2.115910000000
              30 C      8.335111000000   -0.792376000000    2.920194000000
              31 F      8.560032000000    0.514510000000    3.227693000000
              32 F      7.960663000000   -1.431621000000    4.108543000000
              33 H     -3.276300000000   -2.865812000000    0.369833000000
              34 H     -2.163247000000   -4.179485000000    0.789428000000
              35 H     -3.635361000000   -4.535385000000   -0.167739000000
              36 H     -1.355707000000   -1.564039000000   -2.708372000000
              37 H     -1.553021000000   -1.513748000000    0.260931000000
              38 H     -0.082761000000   -1.700764000000   -0.720758000000
              39 H     -0.297908000000    0.463665000000   -1.727723000000
              40 H     -3.272185000000    4.205690000000   -1.230462000000
              41 H     -5.500552000000    0.683010000000   -0.591039000000
              42 H     -3.445924000000   -0.635962000000   -0.512043000000
              43 H     -4.963680000000    5.132091000000   -1.262486000000
              44 H     -0.547323000000    1.397593000000    1.054788000000
              45 H      3.531674000000   -1.480595000000   -0.883902000000
              46 H      3.740798000000    0.859501000000    2.740779000000
              47 H      9.180281000000   -1.339494000000    2.504755000000
