-------------------------------------------------------------
----------------------- !PROPERTIES! ------------------------
-------------------------------------------------------------
# -----------------------------------------------------------
$ SCF_Energy
   description: The SCF energy
   geom. index: 1
   prop. index: 1
        SCF Energy:     -968.7389814913
# -----------------------------------------------------------
$ DFT_Energy
   description: The DFT energy
   geom. index: 1
   prop. index: 1
   Number of Alpha Electrons                 86.0000487016 
   Number of Beta  Electrons                 86.0000487016 
   Total number of  Electrons               172.0000974032 
   Exchange energy                         -107.2506887170 
   Correlation energy                        -6.7074831772 
   Correlation energy NL                      0.0000000000 
   Exchange-Correlation energy             -113.9581718942 
   Embedding correction                       0.0000000000 
   Total DFT Energy (No VdW correction)    -968.7389814913 
# -----------------------------------------------------------
$ Mayer_Pop
   description: The Mayer population analysis
   geom. index: 1
   prop. index: 1
     Number of atoms                     : 56
     Threshold for printing              : 0.1000000
     Number of bond orders printed       : 56
  NA   - Mulliken gross atomic population
  ZA   - Total nuclear charge
  QA   - Mulliken gross atomic charge
  VA   - Mayer's total valence
  BVA  - Mayer's bonded valence
  FA   - Mayer's free valence
  ATOM       NA         ZA         QA         VA         BVA        FA
  0   0     5.9929     6.0000     0.0071     4.0104     4.0104     0.0000
  1   0     6.0194     6.0000    -0.0194     4.1229     4.1229    -0.0000
  2   0     6.0272     6.0000    -0.0272     4.1193     4.1193    -0.0000
  3   0     5.8975     6.0000     0.1025     4.0608     4.0608    -0.0000
  4   0     5.9754     6.0000     0.0246     4.0950     4.0950     0.0000
  5   0     6.0659     6.0000    -0.0659     4.0986     4.0986    -0.0000
  6   0     5.9949     6.0000     0.0051     4.0613     4.0613    -0.0000
  7   0     5.9497     6.0000     0.0503     4.0533     4.0533    -0.0000
  8   0     5.9544     6.0000     0.0456     4.0276     4.0276     0.0000
  9   0     5.8765     6.0000     0.1235     4.1319     4.1319     0.0000
 10   0     5.9319     6.0000     0.0681     3.9804     3.9804    -0.0000
 11   0     6.0682     6.0000    -0.0682     4.1302     4.1302     0.0000
 12   0     5.8708     6.0000     0.1292     3.9299     3.9299    -0.0000
 13   0     6.0882     6.0000    -0.0882     3.9366     3.9366     0.0000
 14   0     5.9667     6.0000     0.0333     3.8779     3.8779     0.0000
 15   0     5.9257     6.0000     0.0743     3.7615     3.7615     0.0000
 16   0     6.0602     6.0000    -0.0602     3.7622     3.7622     0.0000
 17   0     5.7770     6.0000     0.2230     4.2638     4.2638     0.0000
 18   0     8.2622     8.0000    -0.2622     2.2023     2.2023     0.0000
 19   0     8.2672     8.0000    -0.2672     2.1590     2.1590     0.0000
 20   0     8.3744     8.0000    -0.3744     2.0812     2.0812    -0.0000
 21   0     5.8188     6.0000     0.1812     3.9764     3.9764    -0.0000
 22   0     0.9908     1.0000     0.0092     0.9957     0.9957    -0.0000
 23   0     0.9907     1.0000     0.0093     0.9814     0.9814    -0.0000
 24   0     0.9967     1.0000     0.0033     0.9825     0.9825    -0.0000
 25   0     0.9969     1.0000     0.0031     0.9788     0.9788     0.0000
 26   0     1.0044     1.0000    -0.0044     0.9745     0.9745     0.0000
 27   0     0.9970     1.0000     0.0030     0.9849     0.9849    -0.0000
 28   0     1.0042     1.0000    -0.0042     0.9733     0.9733    -0.0000
 29   0     1.0211     1.0000    -0.0211     0.9787     0.9787    -0.0000
 30   0     1.0172     1.0000    -0.0172     0.9788     0.9788     0.0000
 31   0     1.0053     1.0000    -0.0053     0.9902     0.9902    -0.0000
 32   0     1.0177     1.0000    -0.0177     0.9786     0.9786     0.0000
 33   0     0.9938     1.0000     0.0062     0.9897     0.9897     0.0000
 34   0     0.9991     1.0000     0.0009     0.9873     0.9873     0.0000
 35   0     1.0105     1.0000    -0.0105     0.9788     0.9788     0.0000
 36   0     1.0065     1.0000    -0.0065     1.0018     1.0018     0.0000
 37   0     1.0079     1.0000    -0.0079     0.9762     0.9762    -0.0000
 38   0     1.0041     1.0000    -0.0041     0.9809     0.9809    -0.0000
 39   0     0.9903     1.0000     0.0097     0.9954     0.9954    -0.0000
 40   0     1.0070     1.0000    -0.0070     0.9849     0.9849    -0.0000
 41   0     1.0279     1.0000    -0.0279     1.0005     1.0005     0.0000
 42   0     1.0082     1.0000    -0.0082     0.9948     0.9948     0.0000
 43   0     1.0087     1.0000    -0.0087     0.9921     0.9921     0.0000
 44   0     0.9889     1.0000     0.0111     0.9723     0.9723    -0.0000
 45   0     0.9723     1.0000     0.0277     0.9831     0.9831    -0.0000
 46   0     0.9809     1.0000     0.0191     0.9866     0.9866    -0.0000
 47   0     0.9864     1.0000     0.0136     0.9875     0.9875     0.0000
 48   0     1.0144     1.0000    -0.0144     0.9885     0.9885     0.0000
 49   0     1.0178     1.0000    -0.0178     1.0040     1.0040     0.0000
 50   0     0.9993     1.0000     0.0007     1.0169     1.0169    -0.0000
 51   0     0.9984     1.0000     0.0016     1.0079     1.0079     0.0000
 52   0     0.7775     1.0000     0.2225     0.9922     0.9922     0.0000
 53   0     0.9865     1.0000     0.0135     0.9858     0.9858    -0.0000
 54   0     1.0056     1.0000    -0.0056     0.9765     0.9765     0.0000
 55   0     1.0009     1.0000    -0.0009     0.9809     0.9809    -0.0000
      Bond orders larger than 0.1000000
           Atom A     A.N. of A          Atom B    A.N. of B              Bond order
                0             6               1            6                1.098377
                0             6              22            1                0.968703
                0             6              23            1                0.967787
                0             6              24            1                0.969641
                1             6               2            6                1.096093
                1             6              25            1                0.946364
                1             6              26            1                0.946047
                2             6               3            6                1.097885
                2             6              27            1                0.941141
                2             6              28            1                0.926948
                3             6               4            6                1.096759
                3             6              29            1                0.918881
                3             6              30            1                0.924705
                4             6               5            6                1.087754
                4             6              31            1                0.936560
                4             6              32            1                0.919765
                5             6               6            6                1.082302
                5             6              33            1                0.928831
                5             6              34            1                0.933314
                6             6               7            6                1.074619
                6             6              35            1                0.926163
                6             6              36            1                0.930239
                7             6               8            6                1.093167
                7             6              37            1                0.909109
                7             6              38            1                0.931094
                8             6               9            6                1.075343
                8             6              39            1                0.914244
                8             6              40            1                0.904845
                9             6              10            6                1.048536
                9             6              20            8                0.959475
                9             6              41            1                0.891641
               10             6              11            6                1.079287
               10             6              42            1                0.918205
               10             6              43            1                0.907721
               11             6              12            6                1.112098
               11             6              44            1                0.914185
               11             6              45            1                0.929581
               12             6              13            6                0.991558
               12             6              46            1                0.911703
               12             6              47            1                0.904171
               13             6              14            6                1.820767
               13             6              16            6                0.100860
               13             6              48            1                0.972853
               14             6              15            6                1.042920
               14             6              49            1                0.965459
               15             6              16            6                1.679368
               15             6              50            1                0.987600
               16             6              17            6                1.017308
               16             6              51            1                0.985441
               17             6              18            8                2.013594
               17             6              19            8                1.177843
               19             8              52            1                0.911296
               20             8              21            6                1.032160
               21             6              53            1                0.972515
               21             6              54            1                0.950745
               21             6              55            1                0.953846
# -----------------------------------------------------------
$ Calculation_Info
   description: Details of the calculation
   geom. index: 1
   prop. index: 1
     Multiplicity:                          1
     Charge:                                0
     number of atoms:                       56
     number of electrons:                   0
     number of frozen core electrons:       1
     number of correlated electrons:        0
     number of basis functions:             478
     number of aux C basis functions:       0
     number of aux J basis functions:       1452
     number of aux JK basis functions:      0
     number of aux CABS basis functions:    0
     Total Energy                           -968.738981
# -----------------------------------------------------------
$ SCF_Electric_Properties
   description: The SCF Calculated Electric Properties
   geom. index: 1
   prop. index: 1
       Filename                          : 111.scfp 
       Do Dipole Moment Calculation      : true 
       Do Quadrupole Moment Calculation  : false 
       Do Polarizability Calculation     : true 
** Dipole moment part of electric properties **
        Magnitude of dipole moment (Debye) :        2.6972462239
        Electronic Contribution:
                  0    
      0     -42.899266
      1      11.924242
      2      -7.901287
        Nuclear Contribution:
                  0    
      0      42.673321
      1     -12.803507
      2       8.450737
        Total Dipole moment:
                  0    
      0      -0.225944
      1      -0.879265
      2       0.549450
** Polarizabilities part of electric properties **
        Isotropic polarizability :      229.5450866411
        The raw cartesian tensor (atomic units):
                  0          1          2    
      0     237.518814 -10.879403   5.509834
      1     -10.879403 259.227172 -45.616139
      2       5.509834 -45.616139 191.889274
        Diagonalised polarizability tensor :
                  0    
      0     168.862273
      1     234.410380
      2     285.362607
# -------------------------------------------------------------
----------------------- !GEOMETRIES! ------------------------
# -------------------------------------------------------------
------------------------ !GEOMETRY! -------------------------
    Number of atoms:    56 
    Geometry Index:     1 
    Coordinates:
               0 C      5.843379000000    2.847756000000   -0.075230000000
               1 C      4.821571000000    2.147382000000   -0.937361000000
               2 C      4.938840000000    0.664465000000   -0.677091000000
               3 C      3.959950000000   -0.138157000000   -1.489189000000
               4 C      2.536747000000    0.208913000000   -1.219411000000
               5 C      2.145866000000   -0.014770000000    0.228809000000
               6 C      0.682694000000    0.358939000000    0.433705000000
               7 C      0.283541000000    0.144736000000    1.865551000000
               8 C      0.447835000000   -1.264423000000    2.275766000000
               9 C     -0.232644000000   -2.333689000000    1.522998000000
              10 C     -1.695484000000   -2.345224000000    1.433179000000
              11 C     -2.399545000000   -1.234366000000    0.755117000000
              12 C     -3.892147000000   -1.558810000000    0.821316000000
              13 C     -4.716616000000   -0.536442000000    0.179573000000
              14 C     -4.295658000000    0.555052000000   -0.405597000000
              15 C     -5.225081000000    1.503595000000   -1.013506000000
              16 C     -4.787945000000    2.603175000000   -1.602013000000
              17 C     -5.682539000000    3.576510000000   -2.221278000000
              18 O     -5.220726000000    4.609082000000   -2.769993000000
              19 O     -7.053812000000    3.404627000000   -2.229229000000
              20 O      0.271578000000   -3.606921000000    1.906584000000
              21 C      0.949974000000   -4.248599000000    0.904467000000
              22 H      6.606003000000    2.140042000000    0.338201000000
              23 H      6.356703000000    3.679977000000   -0.605611000000
              24 H      5.323494000000    3.271073000000    0.806723000000
              25 H      3.831698000000    2.556376000000   -0.724265000000
              26 H      5.048126000000    2.370157000000   -1.998797000000
              27 H      4.851528000000    0.433581000000    0.389467000000
              28 H      5.960926000000    0.362195000000   -1.007747000000
              29 H      4.105295000000   -1.208832000000   -1.188341000000
              30 H      4.172610000000   -0.066834000000   -2.555718000000
              31 H      2.256320000000    1.230798000000   -1.484172000000
              32 H      1.900084000000   -0.474300000000   -1.821409000000
              33 H      2.270688000000   -1.079756000000    0.487109000000
              34 H      2.751162000000    0.591269000000    0.925235000000
              35 H      0.508827000000    1.419107000000    0.119037000000
              36 H      0.108726000000   -0.262275000000   -0.275705000000
              37 H      1.086219000000    0.733471000000    2.495813000000
              38 H     -0.643402000000    0.634374000000    2.152023000000
              39 H      1.571429000000   -1.473638000000    2.351781000000
              40 H      0.114745000000   -1.299798000000    3.371206000000
              41 H      0.132143000000   -2.281828000000    0.421852000000
              42 H     -2.155148000000   -2.528549000000    2.456268000000
              43 H     -2.005975000000   -3.292202000000    0.873062000000
              44 H     -2.172743000000   -1.319355000000   -0.360680000000
              45 H     -2.192042000000   -0.219158000000    1.007009000000
              46 H     -4.023870000000   -2.558852000000    0.353545000000
              47 H     -4.147454000000   -1.611709000000    1.888577000000
              48 H     -5.794053000000   -0.693876000000    0.185843000000
              49 H     -3.244736000000    0.746381000000   -0.434044000000
              50 H     -6.294102000000    1.351857000000   -1.009687000000
              51 H     -3.720300000000    2.764612000000   -1.611407000000
              52 H     -7.710600000000    4.175159000000   -2.234919000000
              53 H      1.293701000000   -5.220240000000    1.312723000000
              54 H      0.299406000000   -4.500137000000    0.035101000000
              55 H      1.874815000000   -3.711923000000    0.578306000000
