-------------------------------------------------------------
----------------------- !PROPERTIES! ------------------------
-------------------------------------------------------------
# -----------------------------------------------------------
$ SCF_Energy
   description: The SCF energy
   geom. index: 1
   prop. index: 1
        SCF Energy:    -1146.5060971386
# -----------------------------------------------------------
$ DFT_Energy
   description: The DFT energy
   geom. index: 1
   prop. index: 1
   Number of Alpha Electrons                 86.9999827500 
   Number of Beta  Electrons                 86.9999827500 
   Total number of  Electrons               173.9999655000 
   Exchange energy                         -118.6717762649 
   Correlation energy                        -7.1020572302 
   Correlation energy NL                      0.0000000000 
   Exchange-Correlation energy             -125.7738334950 
   Embedding correction                       0.0000000000 
   Total DFT Energy (No VdW correction)   -1146.5060971386 
# -----------------------------------------------------------
$ Mayer_Pop
   description: The Mayer population analysis
   geom. index: 1
   prop. index: 1
     Number of atoms                     : 42
     Threshold for printing              : 0.1000000
     Number of bond orders printed       : 46
  NA   - Mulliken gross atomic population
  ZA   - Total nuclear charge
  QA   - Mulliken gross atomic charge
  VA   - Mayer's total valence
  BVA  - Mayer's bonded valence
  FA   - Mayer's free valence
  ATOM       NA         ZA         QA         VA         BVA        FA
  0   0     5.9027     6.0000     0.0973     3.8652     3.8652    -0.0000
  1   0     5.9927     6.0000     0.0073     4.2633     4.2633    -0.0000
  2   0     8.2077     8.0000    -0.2077     2.2642     2.2642     0.0000
  3   0     6.2698     6.0000    -0.2698     4.0220     4.0220     0.0000
  4   0     5.9133     6.0000     0.0867     4.0448     4.0448    -0.0000
  5   0     5.9231     6.0000     0.0769     4.0923     4.0923     0.0000
  6   0     5.9158     6.0000     0.0842     4.1329     4.1329     0.0000
  7   0     6.1397     6.0000    -0.1397     4.0501     4.0501     0.0000
  8   0     5.7769     6.0000     0.2231     4.0399     4.0399     0.0000
  9   0     8.2707     8.0000    -0.2707     2.1589     2.1589    -0.0000
 10   0     5.6575     6.0000     0.3425     3.9399     3.9399     0.0000
 11   0     8.3078     8.0000    -0.3078     2.1638     2.1638    -0.0000
 12   0     6.0853     6.0000    -0.0853     4.1232     4.1232     0.0000
 13   0     5.8622     6.0000     0.1378     3.6115     3.6115     0.0000
 14   0     5.9315     6.0000     0.0685     4.1887     4.1887     0.0000
 15   0     8.1925     8.0000    -0.1925     2.3138     2.3138    -0.0000
 16   0     5.9221     6.0000     0.0779     3.6178     3.6178     0.0000
 17   0     5.9058     6.0000     0.0942     3.9964     3.9964    -0.0000
 18   0     6.0371     6.0000    -0.0371     3.7146     3.7146     0.0000
 19   0     6.0651     6.0000    -0.0651     3.7379     3.7379     0.0000
 20   0     5.8453     6.0000     0.1547     3.8476     3.8476    -0.0000
 21   0     5.9466     6.0000     0.0534     3.7327     3.7327    -0.0000
 22   0     8.2486     8.0000    -0.2486     2.1894     2.1894    -0.0000
 23   0     8.2280     8.0000    -0.2280     2.2215     2.2215    -0.0000
 24   0     0.9607     1.0000     0.0393     1.0088     1.0088     0.0000
 25   0     0.9675     1.0000     0.0325     1.0060     1.0060    -0.0000
 26   0     0.9842     1.0000     0.0158     1.0202     1.0202    -0.0000
 27   0     0.9814     1.0000     0.0186     1.0101     1.0101    -0.0000
 28   0     0.9941     1.0000     0.0059     1.0157     1.0157    -0.0000
 29   0     0.9840     1.0000     0.0160     0.9863     0.9863     0.0000
 30   0     1.0147     1.0000    -0.0147     0.9750     0.9750    -0.0000
 31   0     1.0132     1.0000    -0.0132     0.9987     0.9987     0.0000
 32   0     1.0167     1.0000    -0.0167     0.9891     0.9891     0.0000
 33   0     1.0082     1.0000    -0.0082     0.9900     0.9900    -0.0000
 34   0     0.8295     1.0000     0.1705     1.0232     1.0232    -0.0000
 35   0     1.0204     1.0000    -0.0204     0.9862     0.9862     0.0000
 36   0     1.0098     1.0000    -0.0098     0.9743     0.9743     0.0000
 37   0     0.9577     1.0000     0.0423     1.0290     1.0290     0.0000
 38   0     1.0477     1.0000    -0.0477     0.9916     0.9916     0.0000
 39   0     1.0518     1.0000    -0.0518     0.9893     0.9893    -0.0000
 40   0     0.8060     1.0000     0.1940     0.9953     0.9953     0.0000
 41   0     0.8045     1.0000     0.1955     0.9919     0.9919     0.0000
      Bond orders larger than 0.1000000
           Atom A     A.N. of A          Atom B    A.N. of B              Bond order
                0             6               1            6                1.090278
                0             6              24            1                0.936604
                0             6              25            1                0.932535
                0             6              26            1                0.943075
                1             6               2            8                2.147857
                1             6               3            6                0.898345
                3             6               4            6                1.023987
                3             6               8            6                0.969101
                3             6              13            6                1.063143
                4             6               5            6                1.107420
                4             6              27            1                0.895063
                4             6              28            1                0.881318
                5             6               6            6                1.127978
                5             6              29            1                0.901736
                5             6              30            1                0.908127
                6             6               7            6                1.027882
                6             6              12            6                0.991900
                6             6              31            1                0.905421
                7             6               8            6                1.001551
                7             6              10            6                1.019694
                7             6              32            1                0.912500
                8             6               9            8                1.089521
                8             6              33            1                0.907312
                9             8              34            1                0.960709
               10             6              11            8                1.031585
               10             6              35            1                0.931001
               10             6              36            1                0.924443
               11             8              12            6                1.075258
               12             6              13            6                0.947172
               12             6              21            6                0.897258
               13             6              14            6                0.910682
               13             6              37            1                0.782548
               14             6              15            8                2.191622
               14             6              16            6                0.961252
               16             6              17            6                1.264104
               16             6              21            6                1.405402
               17             6              18            6                1.351788
               17             6              23            8                1.247802
               18             6              19            6                1.299627
               18             6              38            1                0.986709
               19             6              20            6                1.281820
               19             6              39            1                0.998074
               20             6              21            6                1.327324
               20             6              22            8                1.203465
               22             8              40            1                0.931267
               23             8              41            1                0.931293
# -----------------------------------------------------------
$ Calculation_Info
   description: Details of the calculation
   geom. index: 1
   prop. index: 1
     Multiplicity:                          1
     Charge:                                0
     number of atoms:                       42
     number of electrons:                   0
     number of frozen core electrons:       1
     number of correlated electrons:        0
     number of basis functions:             426
     number of aux C basis functions:       0
     number of aux J basis functions:       1374
     number of aux JK basis functions:      0
     number of aux CABS basis functions:    0
     Total Energy                           -1146.506097
# -----------------------------------------------------------
$ SCF_Electric_Properties
   description: The SCF Calculated Electric Properties
   geom. index: 1
   prop. index: 1
       Filename                          : 163.scfp 
       Do Dipole Moment Calculation      : true 
       Do Quadrupole Moment Calculation  : false 
       Do Polarizability Calculation     : true 
** Dipole moment part of electric properties **
        Magnitude of dipole moment (Debye) :        7.0898662465
        Electronic Contribution:
                  0    
      0      12.135514
      1      -6.441935
      2      -3.637299
        Nuclear Contribution:
                  0    
      0     -10.678997
      1       8.742362
      2       4.242981
        Total Dipole moment:
                  0    
      0       1.456517
      1       2.300427
      2       0.605682
** Polarizabilities part of electric properties **
        Isotropic polarizability :      193.2533095519
        The raw cartesian tensor (atomic units):
                  0          1          2    
      0     238.784095   2.235928   8.598052
      1       2.235928 197.344135 -23.204391
      2       8.598052 -23.204391 143.631699
        Diagonalised polarizability tensor :
                  0    
      0     134.248375
      1     205.956114
      2     239.555440
# -------------------------------------------------------------
----------------------- !GEOMETRIES! ------------------------
# -------------------------------------------------------------
------------------------ !GEOMETRY! -------------------------
    Number of atoms:    42 
    Geometry Index:     1 
    Coordinates:
               0 C     -3.909093000000   -1.703769000000    0.360706000000
               1 C     -2.508685000000   -1.604344000000   -0.135367000000
               2 O     -2.104595000000   -2.574011000000   -0.767555000000
               3 C     -1.634671000000   -0.449747000000    0.090199000000
               4 C     -1.406135000000   -0.184484000000    1.584560000000
               5 C     -0.334024000000    0.870817000000    1.659344000000
               6 C     -0.022076000000    1.532740000000    0.374282000000
               7 C     -1.217045000000    1.919455000000   -0.456311000000
               8 C     -2.257041000000    0.827925000000   -0.423914000000
               9 O     -3.242878000000    1.245959000000    0.484558000000
              10 C     -0.602338000000    1.866698000000   -1.861822000000
              11 O      0.570098000000    1.165748000000   -1.766284000000
              12 C      0.591265000000    0.492774000000   -0.569555000000
              13 C     -0.268955000000   -0.717098000000   -0.507779000000
              14 C      0.486101000000   -1.656027000000    0.315848000000
              15 O      0.141837000000   -2.709513000000    0.915456000000
              16 C      1.862247000000   -1.166549000000    0.368489000000
              17 C      3.053101000000   -1.734341000000    0.831508000000
              18 C      4.238400000000   -1.036893000000    0.761750000000
              19 C      4.274559000000    0.254824000000    0.225705000000
              20 C      3.109405000000    0.829604000000   -0.235426000000
              21 C      1.952228000000    0.107314000000   -0.149947000000
              22 O      3.129055000000    2.108002000000   -0.768983000000
              23 O      3.011150000000   -3.020695000000    1.364206000000
              24 H     -3.959056000000   -2.666509000000    0.938823000000
              25 H     -4.623866000000   -1.800049000000   -0.469609000000
              26 H     -4.180425000000   -0.911616000000    1.067746000000
              27 H     -1.168424000000   -1.094070000000    2.135784000000
              28 H     -2.356228000000    0.258412000000    1.995379000000
              29 H      0.602402000000    0.330502000000    1.992897000000
              30 H     -0.548846000000    1.578230000000    2.494703000000
              31 H      0.628022000000    2.385794000000    0.541197000000
              32 H     -1.606208000000    2.915758000000   -0.236784000000
              33 H     -2.748778000000    0.690803000000   -1.409658000000
              34 H     -2.987767000000    2.036185000000    0.988928000000
              35 H     -1.265323000000    1.338190000000   -2.571696000000
              36 H     -0.400832000000    2.897008000000   -2.233737000000
              37 H     -0.453979000000   -1.099048000000   -1.554444000000
              38 H      5.148469000000   -1.502138000000    1.128753000000
              39 H      5.220882000000    0.748046000000    0.196761000000
              40 H      3.931429000000    2.678607000000   -0.857602000000
              41 H      3.856616000000   -3.448494000000    1.703318000000
