-------------------------------------------------------------
----------------------- !PROPERTIES! ------------------------
-------------------------------------------------------------
# -----------------------------------------------------------
$ SCF_Energy
   description: The SCF energy
   geom. index: 1
   prop. index: 1
        SCF Energy:     -939.5400511840
# -----------------------------------------------------------
$ DFT_Energy
   description: The DFT energy
   geom. index: 1
   prop. index: 1
   Number of Alpha Electrons                 77.0000148842 
   Number of Beta  Electrons                 77.0000148842 
   Total number of  Electrons               154.0000297685 
   Exchange energy                         -100.7206596978 
   Correlation energy                        -6.1279278040 
   Correlation energy NL                      0.0000000000 
   Exchange-Correlation energy             -106.8485875018 
   Embedding correction                       0.0000000000 
   Total DFT Energy (No VdW correction)    -939.5400511840 
# -----------------------------------------------------------
$ Mayer_Pop
   description: The Mayer population analysis
   geom. index: 1
   prop. index: 1
     Number of atoms                     : 42
     Threshold for printing              : 0.1000000
     Number of bond orders printed       : 43
  NA   - Mulliken gross atomic population
  ZA   - Total nuclear charge
  QA   - Mulliken gross atomic charge
  VA   - Mayer's total valence
  BVA  - Mayer's bonded valence
  FA   - Mayer's free valence
  ATOM       NA         ZA         QA         VA         BVA        FA
  0   0     5.9554     6.0000     0.0446     3.9478     3.9478     0.0000
  1   0     6.0507     6.0000    -0.0507     3.8369     3.8369    -0.0000
  2   0     6.0200     6.0000    -0.0200     3.9866     3.9866    -0.0000
  3   0     6.0619     6.0000    -0.0619     4.1040     4.1040    -0.0000
  4   0     5.8870     6.0000     0.1130     3.9238     3.9238     0.0000
  5   0     5.9714     6.0000     0.0286     3.7650     3.7650    -0.0000
  6   0     6.0672     6.0000    -0.0672     3.7800     3.7800     0.0000
  7   0     5.7773     6.0000     0.2227     4.2596     4.2596    -0.0000
  8   0     8.2806     8.0000    -0.2806     2.1972     2.1972     0.0000
  9   0     8.2551     8.0000    -0.2551     2.1835     2.1835     0.0000
 10   0     5.9345     6.0000     0.0655     4.0956     4.0956     0.0000
 11   0     8.2253     8.0000    -0.2253     2.2820     2.2820     0.0000
 12   0     5.8956     6.0000     0.1044     3.6433     3.6433    -0.0000
 13   0     6.0114     6.0000    -0.0114     3.7786     3.7786    -0.0000
 14   0     5.9727     6.0000     0.0273     3.8201     3.8201     0.0000
 15   0     5.8615     6.0000     0.1385     3.9039     3.9039    -0.0000
 16   0     5.9766     6.0000     0.0234     3.7940     3.7940     0.0000
 17   0     6.0090     6.0000    -0.0090     3.7889     3.7889     0.0000
 18   0     7.3886     7.0000    -0.3886     3.0644     3.0644     0.0000
 19   0     5.8540     6.0000     0.1460     3.9377     3.9377     0.0000
 20   0     5.8319     6.0000     0.1681     3.9230     3.9230    -0.0000
 21   0     0.9821     1.0000     0.0179     0.9846     0.9846    -0.0000
 22   0     0.9728     1.0000     0.0272     1.0004     1.0004     0.0000
 23   0     0.9750     1.0000     0.0250     1.0002     1.0002     0.0000
 24   0     0.9773     1.0000     0.0227     0.9876     0.9876     0.0000
 25   0     1.0064     1.0000    -0.0064     1.0083     1.0083    -0.0000
 26   0     0.9978     1.0000     0.0022     0.9974     0.9974     0.0000
 27   0     0.9742     1.0000     0.0258     0.9884     0.9884     0.0000
 28   0     0.9670     1.0000     0.0330     0.9891     0.9891     0.0000
 29   0     0.9987     1.0000     0.0013     1.0359     1.0359    -0.0000
 30   0     0.9949     1.0000     0.0051     1.0317     1.0317     0.0000
 31   0     0.7789     1.0000     0.2211     0.9926     0.9926     0.0000
 32   0     1.0376     1.0000    -0.0376     0.9964     0.9964     0.0000
 33   0     1.0422     1.0000    -0.0422     0.9900     0.9900    -0.0000
 34   0     1.0340     1.0000    -0.0340     0.9913     0.9913     0.0000
 35   0     1.0146     1.0000    -0.0146     1.0126     1.0126    -0.0000
 36   0     0.9888     1.0000     0.0112     0.9945     0.9945    -0.0000
 37   0     0.9943     1.0000     0.0057     0.9796     0.9796    -0.0000
 38   0     0.9997     1.0000     0.0003     0.9768     0.9768     0.0000
 39   0     0.9820     1.0000     0.0180     0.9966     0.9966    -0.0000
 40   0     0.9960     1.0000     0.0040     0.9866     0.9866     0.0000
 41   0     0.9980     1.0000     0.0020     0.9810     0.9810     0.0000
      Bond orders larger than 0.1000000
           Atom A     A.N. of A          Atom B    A.N. of B              Bond order
                0             6               1            6                1.035250
                0             6              21            1                0.958446
                0             6              22            1                0.959377
                0             6              23            1                0.959186
                1             6               2            6                1.000534
                1             6              10            6                0.941674
                1             6              24            1                0.886352
                2             6               3            6                1.807136
                2             6               6            6                0.103061
                2             6              25            1                0.931017
                3             6               4            6                1.082691
                3             6               5            6                1.078244
                4             6              26            1                0.949467
                4             6              27            1                0.938995
                4             6              28            1                0.934663
                5             6               6            6                1.658231
                5             6              29            1                0.963363
                6             6               7            6                1.032413
                6             6              30            1                0.976315
                7             6               8            8                1.996066
                7             6               9            8                1.178058
                9             8              31            1                0.912512
               10             6              11            8                2.142901
               10             6              12            6                0.988465
               12             6              13            6                1.356262
               12             6              17            6                1.351057
               13             6              14            6                1.313717
               13             6              32            1                0.973197
               14             6              15            6                1.397569
               14             6              33            1                1.004465
               15             6              16            6                1.384273
               15             6              18            7                0.949303
               16             6              17            6                1.314239
               16             6              34            1                1.002187
               17             6              35            1                0.996609
               18             7              19            6                1.025232
               18             7              20            6                1.005918
               19             6              36            1                0.969922
               19             6              37            1                0.963208
               19             6              38            1                0.961292
               20             6              39            1                0.970045
               20             6              40            1                0.964328
               20             6              41            1                0.965660
# -----------------------------------------------------------
$ Calculation_Info
   description: Details of the calculation
   geom. index: 1
   prop. index: 1
     Multiplicity:                          1
     Charge:                                0
     number of atoms:                       42
     number of electrons:                   0
     number of frozen core electrons:       1
     number of correlated electrons:        0
     number of basis functions:             399
     number of aux C basis functions:       0
     number of aux J basis functions:       1260
     number of aux JK basis functions:      0
     number of aux CABS basis functions:    0
     Total Energy                           -939.540051
# -----------------------------------------------------------
$ SCF_Electric_Properties
   description: The SCF Calculated Electric Properties
   geom. index: 1
   prop. index: 1
       Filename                          : 95.scfp 
       Do Dipole Moment Calculation      : true 
       Do Quadrupole Moment Calculation  : false 
       Do Polarizability Calculation     : true 
** Dipole moment part of electric properties **
        Magnitude of dipole moment (Debye) :        5.7630839220
        Electronic Contribution:
                  0    
      0      13.955070
      1       7.802072
      2      -1.941061
        Nuclear Contribution:
                  0    
      0     -15.927127
      1      -8.852633
      2       1.556251
        Total Dipole moment:
                  0    
      0      -1.972057
      1      -1.050561
      2      -0.384810
** Polarizabilities part of electric properties **
        Isotropic polarizability :      213.8108326094
        The raw cartesian tensor (atomic units):
                  0          1          2    
      0     288.909300  30.431550   1.671059
      1      30.431550 153.099707   4.842405
      2       1.671059   4.842405 199.423490
        Diagonalised polarizability tensor :
                  0    
      0     146.230584
      1     199.712429
      2     295.489486
# -------------------------------------------------------------
----------------------- !GEOMETRIES! ------------------------
# -------------------------------------------------------------
------------------------ !GEOMETRY! -------------------------
    Number of atoms:    42 
    Geometry Index:     1 
    Coordinates:
               0 C      1.026329000000   -1.834625000000    1.313065000000
               1 C      1.282797000000   -0.376323000000    0.954017000000
               2 C      2.410606000000    0.065161000000    1.785259000000
               3 C      3.521729000000    0.504273000000    1.281951000000
               4 C      4.611917000000    0.930766000000    2.208420000000
               5 C      3.764923000000    0.602375000000   -0.132769000000
               6 C      4.966496000000    1.078212000000   -0.527465000000
               7 C      5.244560000000    1.189679000000   -1.941844000000
               8 O      6.382200000000    1.640944000000   -2.302064000000
               9 O      4.286683000000    0.810428000000   -2.858665000000
              10 C      0.077778000000    0.450830000000    1.252767000000
              11 O      0.187271000000    1.347016000000    2.119115000000
              12 C     -1.173584000000    0.215308000000    0.561065000000
              13 C     -1.234269000000   -0.741677000000   -0.422899000000
              14 C     -2.423638000000   -0.987532000000   -1.087333000000
              15 C     -3.531817000000   -0.257262000000   -0.741431000000
              16 C     -3.498966000000    0.706207000000    0.239467000000
              17 C     -2.299090000000    0.954253000000    0.909666000000
              18 N     -4.760596000000   -0.477597000000   -1.409755000000
              19 C     -5.655380000000   -1.522087000000   -0.972893000000
              20 C     -5.077928000000    0.381890000000   -2.528339000000
              21 H      1.356518000000   -2.472565000000    0.472497000000
              22 H     -0.011705000000   -2.040260000000    1.562029000000
              23 H      1.651691000000   -2.166641000000    2.187130000000
              24 H      1.486563000000   -0.316896000000   -0.104610000000
              25 H      2.324949000000    0.034182000000    2.889191000000
              26 H      4.276564000000    0.845553000000    3.237772000000
              27 H      5.481239000000    0.274438000000    2.055948000000
              28 H      4.882815000000    1.978563000000    1.980452000000
              29 H      3.050239000000    0.319608000000   -0.905720000000
              30 H      5.699809000000    1.367027000000    0.212314000000
              31 H      4.295193000000    1.220853000000   -3.789252000000
              32 H     -0.349078000000   -1.285745000000   -0.669570000000
              33 H     -2.457817000000   -1.739697000000   -1.855952000000
              34 H     -4.371784000000    1.277449000000    0.507734000000
              35 H     -2.219075000000    1.697284000000    1.683968000000
              36 H     -6.571291000000   -1.506436000000   -1.621152000000
              37 H     -5.984167000000   -1.389096000000    0.079615000000
              38 H     -5.209688000000   -2.548728000000   -1.117097000000
              39 H     -6.111004000000    0.145970000000   -2.847971000000
              40 H     -5.000200000000    1.433222000000   -2.149553000000
              41 H     -4.327791000000    0.191673000000   -3.324112000000
