-------------------------------------------------------------
----------------------- !PROPERTIES! ------------------------
-------------------------------------------------------------
# -----------------------------------------------------------
$ SCF_Energy
   description: The SCF energy
   geom. index: 1
   prop. index: 1
        SCF Energy:    -1265.2668606477
# -----------------------------------------------------------
$ DFT_Energy
   description: The DFT energy
   geom. index: 1
   prop. index: 1
   Number of Alpha Electrons                100.9998048869 
   Number of Beta  Electrons                100.9998048869 
   Total number of  Electrons               201.9996097737 
   Exchange energy                         -134.1796363788 
   Correlation energy                        -8.1083426563 
   Correlation energy NL                      0.0000000000 
   Exchange-Correlation energy             -142.2879790350 
   Embedding correction                       0.0000000000 
   Total DFT Energy (No VdW correction)   -1265.2668606477 
# -----------------------------------------------------------
$ Mayer_Pop
   description: The Mayer population analysis
   geom. index: 1
   prop. index: 1
     Number of atoms                     : 52
     Threshold for printing              : 0.1000000
     Number of bond orders printed       : 54
  NA   - Mulliken gross atomic population
  ZA   - Total nuclear charge
  QA   - Mulliken gross atomic charge
  VA   - Mayer's total valence
  BVA  - Mayer's bonded valence
  FA   - Mayer's free valence
  ATOM       NA         ZA         QA         VA         BVA        FA
  0   0     5.9386     6.0000     0.0614     3.9518     3.9518     0.0000
  1   0     6.1933     6.0000    -0.1933     4.2127     4.2127    -0.0000
  2   0     6.0629     6.0000    -0.0629     4.0079     4.0079     0.0000
  3   0     5.8458     6.0000     0.1542     3.8757     3.8757     0.0000
  4   0     6.0385     6.0000    -0.0385     3.8302     3.8302     0.0000
  5   0     5.8686     6.0000     0.1314     4.0226     4.0226     0.0000
  6   0     6.0014     6.0000    -0.0014     3.7814     3.7814    -0.0000
  7   0     6.0173     6.0000    -0.0173     3.8212     3.8212    -0.0000
  8   0     5.9761     6.0000     0.0239     3.8512     3.8512    -0.0000
  9   0     6.0797     6.0000    -0.0797     3.8962     3.8962     0.0000
 10   0     5.7765     6.0000     0.2235     3.8692     3.8692     0.0000
 11   0     6.1630     6.0000    -0.1630     4.0383     4.0383    -0.0000
 12   0     6.0459     6.0000    -0.0459     3.7413     3.7413     0.0000
 13   0     5.7425     6.0000     0.2575     4.2084     4.2084     0.0000
 14   0     8.2396     8.0000    -0.2396     2.2921     2.2921     0.0000
 15   0     8.2674     8.0000    -0.2674     2.2210     2.2210     0.0000
 16   0     5.6527     6.0000     0.3473     4.1078     4.1078     0.0000
 17   0     8.3207     8.0000    -0.3207     2.1356     2.1356    -0.0000
 18   0     5.8154     6.0000     0.1846     3.9569     3.9569    -0.0000
 19   0     5.9518     6.0000     0.0482     3.8063     3.8063    -0.0000
 20   0     6.0070     6.0000    -0.0070     3.8098     3.8098     0.0000
 21   0     6.0259     6.0000    -0.0259     3.8221     3.8221     0.0000
 22   0     5.7866     6.0000     0.2134     3.8988     3.8988    -0.0000
 23   0     6.0146     6.0000    -0.0146     3.7966     3.7966    -0.0000
 24   0     5.9686     6.0000     0.0314     3.8326     3.8326    -0.0000
 25   0     8.3172     8.0000    -0.3172     2.0761     2.0761     0.0000
 26   0     8.2446     8.0000    -0.2446     2.2073     2.2073     0.0000
 27   0     5.9270     6.0000     0.0730     3.9323     3.9323    -0.0000
 28   0     0.9970     1.0000     0.0030     0.9986     0.9986    -0.0000
 29   0     0.9679     1.0000     0.0321     0.9888     0.9888     0.0000
 30   0     0.9806     1.0000     0.0194     0.9848     0.9848     0.0000
 31   0     1.0380     1.0000    -0.0380     1.0051     1.0051     0.0000
 32   0     1.0052     1.0000    -0.0052     0.9918     0.9918     0.0000
 33   0     1.0022     1.0000    -0.0022     0.9868     0.9868     0.0000
 34   0     1.0356     1.0000    -0.0356     0.9933     0.9933    -0.0000
 35   0     1.0282     1.0000    -0.0282     0.9890     0.9890    -0.0000
 36   0     1.0736     1.0000    -0.0736     0.9961     0.9961     0.0000
 37   0     1.0033     1.0000    -0.0033     0.9881     0.9881     0.0000
 38   0     0.9726     1.0000     0.0274     1.0102     1.0102     0.0000
 39   0     0.9928     1.0000     0.0072     0.9958     0.9958    -0.0000
 40   0     0.9544     1.0000     0.0456     0.9940     0.9940     0.0000
 41   0     1.0097     1.0000    -0.0097     0.9854     0.9854    -0.0000
 42   0     0.9836     1.0000     0.0164     0.9769     0.9769    -0.0000
 43   0     1.0324     1.0000    -0.0324     0.9861     0.9861    -0.0000
 44   0     1.0377     1.0000    -0.0377     0.9968     0.9968    -0.0000
 45   0     1.0396     1.0000    -0.0396     0.9953     0.9953    -0.0000
 46   0     1.0190     1.0000    -0.0190     1.0004     1.0004    -0.0000
 47   0     0.7803     1.0000     0.2197     0.9714     0.9714     0.0000
 48   0     0.8126     1.0000     0.1874     1.0206     1.0206     0.0000
 49   0     0.9704     1.0000     0.0296     0.9879     0.9879    -0.0000
 50   0     0.9852     1.0000     0.0148     0.9965     0.9965     0.0000
 51   0     0.9890     1.0000     0.0110     0.9927     0.9927    -0.0000
      Bond orders larger than 0.1000000
           Atom A     A.N. of A          Atom B    A.N. of B              Bond order
                0             6               1            6                1.099341
                0             6              28            1                0.949485
                0             6              29            1                0.937943
                0             6              30            1                0.944247
                1             6               2            6                1.908134
                1             6              27            6                1.046953
                2             6               3            6                1.067185
                2             6              31            1                0.932812
                3             6               4            6                1.021985
                3             6              32            1                0.920491
                3             6              33            1                0.871664
                4             6               5            6                1.371298
                4             6               9            6                1.338346
                5             6               6            6                1.307301
                5             6              26            8                1.206386
                6             6               7            6                1.391839
                6             6              34            1                0.997841
                7             6               8            6                1.336882
                7             6              35            1                0.992598
                8             6               9            6                1.384836
                8             6              10            6                1.024207
                9             6              36            1                0.988598
               10             6              11            6                1.073850
               10             6              37            1                0.895812
               10             6              38            1                0.889607
               11             6              12            6                1.782587
               11             6              16            6                0.982677
               12             6              13            6                0.970648
               12             6              19            6                0.952200
               13             6              14            8                2.093798
               13             6              15            8                1.084202
               15             8              16            6                1.010590
               16             6              17            8                1.102327
               16             6              39            1                0.886397
               17             8              18            6                0.973762
               18             6              40            1                0.969591
               18             6              41            1                0.955248
               18             6              42            1                0.955218
               19             6              20            6                1.379703
               19             6              24            6                1.393362
               20             6              21            6                1.326253
               20             6              43            1                0.995347
               21             6              22            6                1.381513
               21             6              44            1                0.992872
               22             6              23            6                1.349907
               22             6              25            8                1.075053
               23             6              24            6                1.337970
               23             6              45            1                1.005222
               24             6              46            1                0.985411
               25             8              47            1                0.935363
               26             8              48            1                0.936713
               27             6              49            1                0.953697
               27             6              50            1                0.961191
               27             6              51            1                0.957455
# -----------------------------------------------------------
$ Calculation_Info
   description: Details of the calculation
   geom. index: 1
   prop. index: 1
     Multiplicity:                          1
     Charge:                                0
     number of atoms:                       52
     number of electrons:                   0
     number of frozen core electrons:       1
     number of correlated electrons:        0
     number of basis functions:             512
     number of aux C basis functions:       0
     number of aux J basis functions:       1636
     number of aux JK basis functions:      0
     number of aux CABS basis functions:    0
     Total Energy                           -1265.266861
# -----------------------------------------------------------
$ SCF_Electric_Properties
   description: The SCF Calculated Electric Properties
   geom. index: 1
   prop. index: 1
       Filename                          : 72.scfp 
       Do Dipole Moment Calculation      : true 
       Do Quadrupole Moment Calculation  : false 
       Do Polarizability Calculation     : true 
** Dipole moment part of electric properties **
        Magnitude of dipole moment (Debye) :        5.7300829053
        Electronic Contribution:
                  0    
      0      36.280724
      1       3.134385
      2       6.022201
        Nuclear Contribution:
                  0    
      0     -37.794174
      1      -2.938076
      2      -7.681416
        Total Dipole moment:
                  0    
      0      -1.513449
      1       0.196308
      2      -1.659215
** Polarizabilities part of electric properties **
        Isotropic polarizability :      268.0101286887
        The raw cartesian tensor (atomic units):
                  0          1          2    
      0     371.582904  45.098173  15.211844
      1      45.098173 225.869697   9.562210
      2      15.211844   9.562210 206.577784
        Diagonalised polarizability tensor :
                  0    
      0     202.530041
      1     215.430279
      2     386.070066
# -------------------------------------------------------------
----------------------- !GEOMETRIES! ------------------------
# -------------------------------------------------------------
------------------------ !GEOMETRY! -------------------------
    Number of atoms:    52 
    Geometry Index:     1 
    Coordinates:
               0 C     -6.386370000000    0.191331000000   -0.063637000000
               1 C     -5.332239000000   -0.852299000000    0.018852000000
               2 C     -4.119347000000   -0.768197000000   -0.461649000000
               3 C     -3.503803000000    0.346839000000   -1.182851000000
               4 C     -2.232071000000    0.723443000000   -0.554441000000
               5 C     -2.200437000000    1.454995000000    0.596258000000
               6 C     -0.983606000000    1.810688000000    1.193594000000
               7 C      0.208127000000    1.428656000000    0.629650000000
               8 C      0.186289000000    0.686881000000   -0.537675000000
               9 C     -1.006316000000    0.353126000000   -1.098861000000
              10 C      1.522296000000    0.324293000000   -1.121491000000
              11 C      2.128679000000   -0.841374000000   -0.364052000000
              12 C      3.305131000000   -0.749046000000    0.232721000000
              13 C      3.581359000000   -2.035347000000    0.866613000000
              14 O      4.641984000000   -2.255292000000    1.518226000000
              15 O      2.521083000000   -2.864935000000    0.611684000000
              16 C      1.584401000000   -2.174796000000   -0.187297000000
              17 O      0.309768000000   -2.237862000000    0.369516000000
              18 C     -0.507659000000   -2.954015000000   -0.497403000000
              19 C      4.242786000000    0.403464000000    0.252809000000
              20 C      4.600108000000    1.097482000000   -0.876143000000
              21 C      5.469540000000    2.188095000000   -0.793149000000
              22 C      5.995032000000    2.602067000000    0.411397000000
              23 C      5.634745000000    1.902670000000    1.541796000000
              24 C      4.772692000000    0.822825000000    1.455412000000
              25 O      6.865830000000    3.699469000000    0.470767000000
              26 O     -3.324432000000    1.898454000000    1.254687000000
              27 C     -5.762883000000   -2.109996000000    0.739455000000
              28 H     -6.055163000000    1.125091000000   -0.534451000000
              29 H     -7.300712000000   -0.231295000000   -0.568020000000
              30 H     -6.714760000000    0.438537000000    0.969691000000
              31 H     -3.454969000000   -1.645299000000   -0.314385000000
              32 H     -4.161002000000    1.234908000000   -1.278171000000
              33 H     -3.281836000000    0.043279000000   -2.247319000000
              34 H     -0.954634000000    2.389963000000    2.105575000000
              35 H      1.157469000000    1.698995000000    1.084004000000
              36 H     -1.033874000000   -0.215560000000   -2.002494000000
              37 H      1.397182000000    0.035480000000   -2.182131000000
              38 H      2.144368000000    1.234409000000   -0.987865000000
              39 H      1.517474000000   -2.694390000000   -1.191592000000
              40 H     -1.539574000000   -3.048173000000   -0.131498000000
              41 H     -0.493267000000   -2.470074000000   -1.492591000000
              42 H     -0.067940000000   -3.980938000000   -0.698434000000
              43 H      4.237222000000    0.813535000000   -1.848616000000
              44 H      5.754825000000    2.739327000000   -1.676129000000
              45 H      6.025574000000    2.198957000000    2.490270000000
              46 H      4.482426000000    0.265152000000    2.339359000000
              47 H      7.862018000000    3.464140000000    0.367592000000
              48 H     -4.226798000000    1.706392000000    0.904216000000
              49 H     -5.625576000000   -1.922694000000    1.824165000000
              50 H     -5.067477000000   -2.937773000000    0.458771000000
              51 H     -6.811664000000   -2.333583000000    0.525376000000
