-------------------------------------------------------------
----------------------- !PROPERTIES! ------------------------
-------------------------------------------------------------
# -----------------------------------------------------------
$ SCF_Energy
   description: The SCF energy
   geom. index: 1
   prop. index: 1
        SCF Energy:    -1868.4307395168
# -----------------------------------------------------------
$ DFT_Energy
   description: The DFT energy
   geom. index: 1
   prop. index: 1
   Number of Alpha Electrons                110.0000312336 
   Number of Beta  Electrons                110.0000312336 
   Total number of  Electrons               220.0000624672 
   Exchange energy                         -165.2315535353 
   Correlation energy                        -9.2047852783 
   Correlation energy NL                      0.0000000000 
   Exchange-Correlation energy             -174.4363388136 
   Embedding correction                       0.0000000000 
   Total DFT Energy (No VdW correction)   -1868.4307395168 
# -----------------------------------------------------------
$ Mayer_Pop
   description: The Mayer population analysis
   geom. index: 1
   prop. index: 1
     Number of atoms                     : 44
     Threshold for printing              : 0.1000000
     Number of bond orders printed       : 46
  NA   - Mulliken gross atomic population
  ZA   - Total nuclear charge
  QA   - Mulliken gross atomic charge
  VA   - Mayer's total valence
  BVA  - Mayer's bonded valence
  FA   - Mayer's free valence
  ATOM       NA         ZA         QA         VA         BVA        FA
  0   0     6.0642     6.0000    -0.0642     3.8506     3.8506    -0.0000
  1   0    15.1948    16.0000     0.8052     5.1933     5.1933    -0.0000
  2   0     8.4904     8.0000    -0.4904     1.9043     1.9043     0.0000
  3   0     8.4735     8.0000    -0.4735     1.9187     1.9187    -0.0000
  4   0     7.3150     7.0000    -0.3150     2.9667     2.9667    -0.0000
  5   0     5.8685     6.0000     0.1315     3.9288     3.9288     0.0000
  6   0     5.8351     6.0000     0.1649     3.9985     3.9985    -0.0000
  7   0     6.0038     6.0000    -0.0038     3.8653     3.8653    -0.0000
  8   0     5.9744     6.0000     0.0256     3.8661     3.8661    -0.0000
  9   0     6.0677     6.0000    -0.0677     3.8193     3.8193    -0.0000
 10   0     5.6755     6.0000     0.3245     3.8470     3.8470    -0.0000
 11   0     6.0559     6.0000    -0.0559     3.8155     3.8155     0.0000
 12   0     5.9939     6.0000     0.0061     3.8264     3.8264    -0.0000
 13   0     9.1962     9.0000    -0.1962     1.1722     1.1722    -0.0000
 14   0     7.1725     7.0000    -0.1725     3.1706     3.1706     0.0000
 15   0     5.9155     6.0000     0.0845     4.2491     4.2491    -0.0000
 16   0     7.1284     7.0000    -0.1284     3.1306     3.1306    -0.0000
 17   0     5.9093     6.0000     0.0907     4.0362     4.0362    -0.0000
 18   0     6.0558     6.0000    -0.0558     3.7676     3.7676     0.0000
 19   0     5.9181     6.0000     0.0819     3.9957     3.9957    -0.0000
 20   0     7.1224     7.0000    -0.1224     3.1264     3.1264    -0.0000
 21   0     5.8476     6.0000     0.1524     3.9875     3.9875     0.0000
 22   0     7.1361     7.0000    -0.1361     2.9815     2.9815     0.0000
 23   0     7.0906     7.0000    -0.0906     2.9737     2.9737     0.0000
 24   0     6.0012     6.0000    -0.0012     3.9642     3.9642    -0.0000
 25   0     8.1392     8.0000    -0.1392     2.4371     2.4371     0.0000
 26   0     5.4531     6.0000     0.5469     4.1262     4.1262     0.0000
 27   0     9.2211     9.0000    -0.2211     1.1281     1.1281    -0.0000
 28   0     9.2222     9.0000    -0.2222     1.1260     1.1260     0.0000
 29   0     0.9022     1.0000     0.0978     1.0084     1.0084     0.0000
 30   0     0.9049     1.0000     0.0951     1.0051     1.0051     0.0000
 31   0     0.9334     1.0000     0.0666     1.0050     1.0050    -0.0000
 32   0     0.8711     1.0000     0.1289     1.0104     1.0104    -0.0000
 33   0     0.9466     1.0000     0.0534     1.0199     1.0199     0.0000
 34   0     1.0170     1.0000    -0.0170     1.0123     1.0123    -0.0000
 35   0     0.9874     1.0000     0.0126     1.0042     1.0042     0.0000
 36   0     1.0252     1.0000    -0.0252     0.9897     0.9897     0.0000
 37   0     1.0104     1.0000    -0.0104     0.9897     0.9897    -0.0000
 38   0     1.0170     1.0000    -0.0170     0.9902     0.9902     0.0000
 39   0     1.0366     1.0000    -0.0366     0.9983     0.9983    -0.0000
 40   0     0.8737     1.0000     0.1263     1.0127     1.0127     0.0000
 41   0     0.9812     1.0000     0.0188     1.0127     1.0127     0.0000
 42   0     0.9830     1.0000     0.0170     0.9980     0.9980     0.0000
 43   0     0.9679     1.0000     0.0321     1.0054     1.0054     0.0000
      Bond orders larger than 0.1000000
           Atom A     A.N. of A          Atom B    A.N. of B              Bond order
                0             6               1           16                0.883863
                0             6              29            1                0.947218
                0             6              30            1                0.944306
                0             6              31            1                0.944705
                1            16               2            8                1.669898
                1            16               3            8                1.652265
                1            16               4            7                0.887971
                4             7               5            6                0.973248
                4             7              32            1                0.913089
                5             6               6            6                1.060523
                5             6              33            1                0.910393
                5             6              34            1                0.914923
                6             6               7            6                0.975182
                6             6              14            7                0.987496
                6             6              35            1                0.894878
                7             6               8            6                1.393244
                7             6              12            6                1.386185
                8             6               9            6                1.362943
                8             6              36            1                0.993631
                9             6              10            6                1.349167
                9             6              37            1                0.984178
               10             6              11            6                1.338202
               10             6              13            9                1.095769
               11             6              12            6                1.364442
               11             6              38            1                0.994160
               12             6              39            1                0.971656
               14             7              15            6                1.155704
               14             7              40            1                0.911666
               15             6              16            7                1.429838
               15             6              20            7                1.452175
               16             7              17            6                1.547264
               17             6              18            6                1.365777
               17             6              41            1                0.977023
               18             6              19            6                1.320904
               18             6              21            6                1.021968
               19             6              20            7                1.550224
               19             6              42            1                0.982454
               21             6              22            7                1.612253
               21             6              25            8                1.201111
               22             7              23            7                1.249081
               23             7              24            6                1.612830
               24             6              25            8                1.164718
               24             6              26            6                0.997338
               26             6              27            9                1.080779
               26             6              28            9                1.074988
               26             6              43            1                0.946186
# -----------------------------------------------------------
$ Calculation_Info
   description: Details of the calculation
   geom. index: 1
   prop. index: 1
     Multiplicity:                          1
     Charge:                                0
     number of atoms:                       44
     number of electrons:                   0
     number of frozen core electrons:       1
     number of correlated electrons:        0
     number of basis functions:             485
     number of aux C basis functions:       0
     number of aux J basis functions:       1588
     number of aux JK basis functions:      0
     number of aux CABS basis functions:    0
     Total Energy                           -1868.430740
# -----------------------------------------------------------
$ SCF_Electric_Properties
   description: The SCF Calculated Electric Properties
   geom. index: 1
   prop. index: 1
       Filename                          : 255.scfp 
       Do Dipole Moment Calculation      : true 
       Do Quadrupole Moment Calculation  : false 
       Do Polarizability Calculation     : true 
** Dipole moment part of electric properties **
        Magnitude of dipole moment (Debye) :        5.1725688759
        Electronic Contribution:
                  0    
      0      39.901405
      1      -8.566758
      2       3.874467
        Nuclear Contribution:
                  0    
      0     -39.490159
      1       9.145992
      2      -1.967478
        Total Dipole moment:
                  0    
      0       0.411246
      1       0.579235
      2       1.906988
** Polarizabilities part of electric properties **
        Isotropic polarizability :      249.8053747995
        The raw cartesian tensor (atomic units):
                  0          1          2    
      0     338.629723 -30.958208  14.726588
      1     -30.958208 232.690899   0.165739
      2      14.726588   0.165739 178.095502
        Diagonalised polarizability tensor :
                  0    
      0     176.580381
      1     224.641067
      2     348.194677
# -------------------------------------------------------------
----------------------- !GEOMETRIES! ------------------------
# -------------------------------------------------------------
------------------------ !GEOMETRY! -------------------------
    Number of atoms:    44 
    Geometry Index:     1 
    Coordinates:
               0 C     -5.212280000000    3.068743000000    0.506888000000
               1 S     -4.799772000000    2.811110000000   -1.181495000000
               2 O     -4.884819000000    4.109959000000   -1.932586000000
               3 O     -5.773791000000    1.867179000000   -1.803882000000
               4 N     -3.171480000000    2.208621000000   -1.347769000000
               5 C     -3.107376000000    0.948247000000   -0.670068000000
               6 C     -1.748788000000    0.308564000000   -0.733014000000
               7 C     -1.851476000000   -0.992527000000    0.018365000000
               8 C     -1.933264000000   -2.196949000000   -0.651333000000
               9 C     -2.026030000000   -3.365797000000    0.075639000000
              10 C     -2.041619000000   -3.395510000000    1.454382000000
              11 C     -1.959798000000   -2.191024000000    2.121172000000
              12 C     -1.865917000000   -1.005178000000    1.407664000000
              13 F     -2.132161000000   -4.535738000000    2.168409000000
              14 N     -0.738554000000    1.134935000000   -0.141594000000
              15 C      0.600453000000    0.692505000000   -0.111187000000
              16 N      0.899816000000   -0.498172000000   -0.639366000000
              17 C      2.169679000000   -0.932797000000   -0.617808000000
              18 C      3.200675000000   -0.212326000000   -0.074337000000
              19 C      2.876083000000    1.012813000000    0.466063000000
              20 N      1.597544000000    1.421546000000    0.430213000000
              21 C      4.581870000000   -0.696629000000   -0.056488000000
              22 N      5.021371000000   -1.861149000000   -0.545980000000
              23 N      6.329384000000   -1.967737000000   -0.356541000000
              24 C      6.703527000000   -0.837677000000    0.266399000000
              25 O      5.636071000000   -0.092081000000    0.434563000000
              26 C      8.089425000000   -0.479786000000    0.697868000000
              27 F      8.166650000000   -0.356889000000    2.074113000000
              28 F      8.514453000000    0.675796000000    0.058935000000
              29 H     -6.235087000000    2.711001000000    0.687902000000
              30 H     -5.222537000000    4.176983000000    0.720924000000
              31 H     -4.477581000000    2.555230000000    1.174628000000
              32 H     -2.480301000000    2.900325000000   -1.043948000000
              33 H     -3.805940000000    0.251860000000   -1.218963000000
              34 H     -3.464102000000    0.983529000000    0.362319000000
              35 H     -1.519984000000    0.049225000000   -1.791082000000
              36 H     -1.925656000000   -2.236828000000   -1.733974000000
              37 H     -2.090162000000   -4.311697000000   -0.460845000000
              38 H     -1.966818000000   -2.143210000000    3.203652000000
              39 H     -1.799914000000   -0.037003000000    1.919070000000
              40 H     -0.984605000000    2.050521000000    0.261614000000
              41 H      2.390965000000   -1.896430000000   -1.049157000000
              42 H      3.666786000000    1.617266000000    0.908302000000
              43 H      8.775058000000   -1.312827000000    0.416430000000
