-------------------------------------------------------------
----------------------- !PROPERTIES! ------------------------
-------------------------------------------------------------
# -----------------------------------------------------------
$ SCF_Energy
   description: The SCF energy
   geom. index: 1
   prop. index: 1
        SCF Energy:    -1942.3134241304
# -----------------------------------------------------------
$ DFT_Energy
   description: The DFT energy
   geom. index: 1
   prop. index: 1
   Number of Alpha Electrons                144.0001480155 
   Number of Beta  Electrons                144.0001480155 
   Total number of  Electrons               288.0002960310 
   Exchange energy                         -198.4052329287 
   Correlation energy                       -11.7358649210 
   Correlation energy NL                      0.0000000000 
   Exchange-Correlation energy             -210.1410978497 
   Embedding correction                       0.0000000000 
   Total DFT Energy (No VdW correction)   -1942.3134241304 
# -----------------------------------------------------------
$ Mayer_Pop
   description: The Mayer population analysis
   geom. index: 1
   prop. index: 1
     Number of atoms                     : 67
     Threshold for printing              : 0.1000000
     Number of bond orders printed       : 71
  NA   - Mulliken gross atomic population
  ZA   - Total nuclear charge
  QA   - Mulliken gross atomic charge
  VA   - Mayer's total valence
  BVA  - Mayer's bonded valence
  FA   - Mayer's free valence
  ATOM       NA         ZA         QA         VA         BVA        FA
  0   0     6.0412     6.0000    -0.0412     3.9571     3.9571    -0.0000
  1   0     6.0638     6.0000    -0.0638     3.9659     3.9659     0.0000
  2   0     6.0861     6.0000    -0.0861     4.0774     4.0774     0.0000
  3   0     5.8943     6.0000     0.1057     3.9860     3.9860     0.0000
  4   0     5.9721     6.0000     0.0279     4.0127     4.0127    -0.0000
  5   0     5.8941     6.0000     0.1059     3.9620     3.9620    -0.0000
  6   0     5.9494     6.0000     0.0506     3.8367     3.8367    -0.0000
  7   0     6.0861     6.0000    -0.0861     3.7939     3.7939    -0.0000
  8   0     5.9109     6.0000     0.0891     3.9246     3.9246     0.0000
  9   0     5.7327     6.0000     0.2673     3.8046     3.8046     0.0000
 10   0     6.0666     6.0000    -0.0666     3.8251     3.8251     0.0000
 11   0     5.9979     6.0000     0.0021     3.8011     3.8011     0.0000
 12   0     9.2026     9.0000    -0.2026     1.1772     1.1772    -0.0000
 13   0     7.0990     7.0000    -0.0990     3.1953     3.1953    -0.0000
 14   0     5.8949     6.0000     0.1051     4.2283     4.2283    -0.0000
 15   0     8.2817     8.0000    -0.2817     2.2495     2.2495     0.0000
 16   0     5.8700     6.0000     0.1300     3.5834     3.5834     0.0000
 17   0     6.0740     6.0000    -0.0740     3.9611     3.9611     0.0000
 18   0     6.0952     6.0000    -0.0952     3.8501     3.8501     0.0000
 19   0     7.0833     7.0000    -0.0833     2.9704     2.9704     0.0000
 20   0     7.0547     7.0000    -0.0547     3.4312     3.4312     0.0000
 21   0     5.8929     6.0000     0.1071     3.8332     3.8332     0.0000
 22   0     5.9664     6.0000     0.0336     3.8887     3.8887     0.0000
 23   0     5.9659     6.0000     0.0341     3.7594     3.7594     0.0000
 24   0     5.9712     6.0000     0.0288     3.8305     3.8305     0.0000
 25   0     6.0720     6.0000    -0.0720     3.9247     3.9247    -0.0000
 26   0     6.0413     6.0000    -0.0413     3.8483     3.8483     0.0000
 27   0     5.7875     6.0000     0.2125     4.0013     4.0013    -0.0000
 28   0     7.2592     7.0000    -0.2592     3.0540     3.0540     0.0000
 29   0     5.3810     6.0000     0.6190     4.3716     4.3716    -0.0000
 30   0     9.2108     9.0000    -0.2108     1.1493     1.1493    -0.0000
 31   0     9.1813     9.0000    -0.1813     1.1898     1.1898    -0.0000
 32   0     9.1537     9.0000    -0.1537     1.2116     1.2116    -0.0000
 33   0     7.1317     7.0000    -0.1317     3.3039     3.3039     0.0000
 34   0     5.8936     6.0000     0.1064     3.9278     3.9278    -0.0000
 35   0     6.0508     6.0000    -0.0508     3.8697     3.8697    -0.0000
 36   0     5.9317     6.0000     0.0683     3.8343     3.8343    -0.0000
 37   0     6.0213     6.0000    -0.0213     3.7896     3.7896    -0.0000
 38   0     5.8565     6.0000     0.1435     4.2604     4.2604    -0.0000
 39   0     8.3375     8.0000    -0.3375     2.1740     2.1740    -0.0000
 40   0     0.9709     1.0000     0.0291     0.9759     0.9759    -0.0000
 41   0     0.9668     1.0000     0.0332     0.9846     0.9846     0.0000
 42   0     0.9745     1.0000     0.0255     0.9775     0.9775     0.0000
 43   0     0.9664     1.0000     0.0336     0.9873     0.9873     0.0000
 44   0     0.9827     1.0000     0.0173     0.9764     0.9764     0.0000
 45   0     0.9790     1.0000     0.0210     0.9945     0.9945    -0.0000
 46   0     1.0081     1.0000    -0.0081     0.9955     0.9955    -0.0000
 47   0     1.0124     1.0000    -0.0124     0.9942     0.9942     0.0000
 48   0     0.9872     1.0000     0.0128     0.9946     0.9946    -0.0000
 49   0     0.9706     1.0000     0.0294     1.0383     1.0383    -0.0000
 50   0     0.9876     1.0000     0.0124     1.0719     1.0719    -0.0000
 51   0     1.0148     1.0000    -0.0148     0.9889     0.9889     0.0000
 52   0     1.0330     1.0000    -0.0330     0.9913     0.9913    -0.0000
 53   0     0.8481     1.0000     0.1519     1.0180     1.0180     0.0000
 54   0     0.9916     1.0000     0.0084     1.0227     1.0227     0.0000
 55   0     1.0110     1.0000    -0.0110     0.9992     0.9992     0.0000
 56   0     1.0022     1.0000    -0.0022     0.9789     0.9789    -0.0000
 57   0     1.0113     1.0000    -0.0113     0.9889     0.9889     0.0000
 58   0     1.0314     1.0000    -0.0314     1.0012     1.0012     0.0000
 59   0     1.0083     1.0000    -0.0083     0.9742     0.9742    -0.0000
 60   0     1.0030     1.0000    -0.0030     0.9677     0.9677    -0.0000
 61   0     0.8979     1.0000     0.1021     0.9947     0.9947     0.0000
 62   0     0.8928     1.0000     0.1072     1.0014     1.0014    -0.0000
 63   0     0.9780     1.0000     0.0220     0.9934     0.9934    -0.0000
 64   0     1.0025     1.0000    -0.0025     0.9833     0.9833    -0.0000
 65   0     1.0152     1.0000    -0.0152     0.9777     0.9777     0.0000
 66   0     0.9958     1.0000     0.0042     1.0069     1.0069    -0.0000
      Bond orders larger than 0.1000000
           Atom A     A.N. of A          Atom B    A.N. of B              Bond order
                0             6               1            6                1.022101
                0             6               2            6                1.007102
                0             6              40            1                0.945558
                0             6              41            1                0.956054
                1             6               2            6                0.990723
                1             6              42            1                0.953503
                1             6              43            1                0.959890
                2             6               3            6                1.068929
                2             6              44            1                0.933807
                3             6               4            6                1.070557
                3             6              45            1                0.921162
                3             6              46            1                0.914940
                4             6               5            6                1.062422
                4             6              47            1                0.911707
                4             6              48            1                0.917795
                5             6               6            6                0.999496
                5             6              33            7                0.915242
                5             6              49            1                0.872868
                6             6               7            6                1.310549
                6             6              11            6                1.395568
                7             6               8            6                1.388131
                7             6              50            1                0.984559
                8             6               9            6                1.270116
                8             6              13            7                1.077945
                9             6              10            6                1.400236
                9             6              12            9                1.085049
               10             6              11            6                1.315212
               10             6              51            1                0.982723
               11             6              52            1                0.987471
               13             7              14            6                1.195400
               13             7              53            1                0.877452
               14             6              15            8                1.980581
               14             6              16            6                0.946348
               16             6              17            6                1.401251
               16             6              20            7                1.220279
               17             6              18            6                1.322922
               17             6              54            1                1.007173
               18             6              19            7                1.544309
               18             6              29            6                0.940553
               19             7              20            7                1.169103
               20             7              21            6                0.902316
               21             6              22            6                1.386876
               21             6              26            6                1.393768
               22             6              23            6                1.382977
               22             6              55            1                0.985021
               23             6              24            6                1.318875
               23             6              56            1                0.988804
               24             6              25            6                1.431198
               24             6              57            1                0.993598
               25             6              26            6                1.298961
               25             6              27            6                1.050664
               26             6              58            1                1.013858
               27             6              28            7                1.093245
               27             6              59            1                0.917502
               27             6              60            1                0.924552
               28             7              61            1                0.964003
               28             7              62            1                0.965377
               29             6              30            9                1.110505
               29             6              31            9                1.132051
               29             6              32            9                1.183094
               33             7              34            6                1.202926
               33             7              38            6                1.103322
               34             6              35            6                1.553114
               34             6              63            1                0.947336
               35             6              36            6                1.243020
               35             6              64            1                0.971930
               36             6              37            6                1.530339
               36             6              65            1                0.973245
               37             6              38            6                1.160415
               37             6              66            1                0.991199
               38             6              39            8                1.895280
# -----------------------------------------------------------
$ Calculation_Info
   description: Details of the calculation
   geom. index: 1
   prop. index: 1
     Multiplicity:                          1
     Charge:                                0
     number of atoms:                       67
     number of electrons:                   0
     number of frozen core electrons:       1
     number of correlated electrons:        0
     number of basis functions:             695
     number of aux C basis functions:       0
     number of aux J basis functions:       2257
     number of aux JK basis functions:      0
     number of aux CABS basis functions:    0
     Total Energy                           -1942.313424
# -----------------------------------------------------------
$ SCF_Electric_Properties
   description: The SCF Calculated Electric Properties
   geom. index: 1
   prop. index: 1
       Filename                          : 128.scfp 
       Do Dipole Moment Calculation      : true 
       Do Quadrupole Moment Calculation  : false 
       Do Polarizability Calculation     : true 
** Dipole moment part of electric properties **
        Magnitude of dipole moment (Debye) :        7.7280984944
        Electronic Contribution:
                  0    
      0     -54.113618
      1     -35.431114
      2      15.902907
        Nuclear Contribution:
                  0    
      0      55.068155
      1      37.335943
      2     -18.071905
        Total Dipole moment:
                  0    
      0       0.954537
      1       1.904829
      2      -2.168999
** Polarizabilities part of electric properties **
        Isotropic polarizability :      355.6412516100
        The raw cartesian tensor (atomic units):
                  0          1          2    
      0     403.162725  39.649117  11.510247
      1      39.649117 371.963421 -28.227838
      2      11.510247 -28.227838 291.797609
        Diagonalised polarizability tensor :
                  0    
      0     278.215378
      1     358.220660
      2     430.487716
# -------------------------------------------------------------
----------------------- !GEOMETRIES! ------------------------
# -------------------------------------------------------------
------------------------ !GEOMETRY! -------------------------
    Number of atoms:    67 
    Geometry Index:     1 
    Coordinates:
               0 C      6.093008000000   -2.539384000000   -1.501913000000
               1 C      7.021396000000   -2.337792000000   -0.301248000000
               2 C      6.346156000000   -1.178181000000   -0.985369000000
               3 C      5.365323000000   -0.415886000000   -0.155577000000
               4 C      4.050327000000   -0.132991000000   -0.837893000000
               5 C      3.121481000000    0.650503000000    0.059148000000
               6 C      1.856938000000    0.893200000000   -0.649810000000
               7 C      0.727610000000    0.138073000000   -0.287843000000
               8 C     -0.506813000000    0.269110000000   -0.851591000000
               9 C     -0.627040000000    1.242691000000   -1.873781000000
              10 C      0.474536000000    1.970520000000   -2.215475000000
              11 C      1.718515000000    1.837698000000   -1.645535000000
              12 F     -1.835348000000    1.403977000000   -2.459272000000
              13 N     -1.666864000000   -0.466290000000   -0.527136000000
              14 C     -1.723939000000   -1.457582000000    0.441288000000
              15 O     -0.682187000000   -1.767625000000    1.115552000000
              16 C     -2.931127000000   -2.206443000000    0.752487000000
              17 C     -2.840095000000   -3.414949000000    1.470677000000
              18 C     -4.110320000000   -3.892947000000    1.636332000000
              19 N     -4.913802000000   -3.027785000000    1.054962000000
              20 N     -4.184750000000   -1.995842000000    0.516143000000
              21 C     -4.879287000000   -0.962741000000   -0.163074000000
              22 C     -5.677515000000   -1.319480000000   -1.277529000000
              23 C     -6.464531000000   -0.426287000000   -1.955588000000
              24 C     -6.486628000000    0.874693000000   -1.547387000000
              25 C     -5.732196000000    1.283152000000   -0.475146000000
              26 C     -4.931102000000    0.352979000000    0.210448000000
              27 C     -5.779184000000    2.716309000000   -0.092576000000
              28 N     -6.824181000000    2.943853000000    0.895880000000
              29 C     -4.508485000000   -5.165505000000    2.318129000000
              30 F     -5.446903000000   -5.830108000000    1.506012000000
              31 F     -3.422700000000   -5.998877000000    2.419998000000
              32 F     -5.042485000000   -5.004019000000    3.548867000000
              33 N      3.727692000000    1.833972000000    0.617881000000
              34 C      4.624566000000    2.535155000000   -0.090152000000
              35 C      5.234473000000    3.635843000000    0.426979000000
              36 C      4.929822000000    4.053168000000    1.719176000000
              37 C      4.015435000000    3.353644000000    2.463915000000
              38 C      3.437071000000    2.240665000000    1.859031000000
              39 O      2.594719000000    1.620119000000    2.576848000000
              40 H      6.662726000000   -2.868128000000   -2.417874000000
              41 H      5.168139000000   -3.113640000000   -1.335927000000
              42 H      8.111350000000   -2.429148000000   -0.440070000000
              43 H      6.633335000000   -2.744483000000    0.638555000000
              44 H      7.070693000000   -0.563636000000   -1.599344000000
              45 H      5.820505000000    0.485913000000    0.317452000000
              46 H      5.118275000000   -1.068803000000    0.741246000000
              47 H      4.167594000000    0.413038000000   -1.788333000000
              48 H      3.552924000000   -1.089674000000   -1.089950000000
              49 H      2.890579000000   -0.034792000000    0.935186000000
              50 H      0.849612000000   -0.599679000000    0.508138000000
              51 H      0.398259000000    2.732211000000   -2.997816000000
              52 H      2.571131000000    2.443493000000   -1.954564000000
              53 H     -2.560832000000   -0.270179000000   -1.052230000000
              54 H     -1.939351000000   -3.899670000000    1.817335000000
              55 H     -5.611624000000   -2.372597000000   -1.556351000000
              56 H     -7.066519000000   -0.780944000000   -2.804004000000
              57 H     -7.112793000000    1.596963000000   -2.072585000000
              58 H     -4.342834000000    0.683311000000    1.047204000000
              59 H     -6.081114000000    3.298312000000   -1.001936000000
              60 H     -4.795775000000    3.112411000000    0.241646000000
              61 H     -6.605961000000    3.697952000000    1.546542000000
              62 H     -7.047505000000    2.030344000000    1.367073000000
              63 H      4.867544000000    2.213586000000   -1.107894000000
              64 H      5.992192000000    4.237009000000   -0.125402000000
              65 H      5.427184000000    4.935208000000    2.113250000000
              66 H      3.740680000000    3.647009000000    3.486799000000
