-------------------------------------------------------------
----------------------- !PROPERTIES! ------------------------
-------------------------------------------------------------
# -----------------------------------------------------------
$ SCF_Energy
   description: The SCF energy
   geom. index: 1
   prop. index: 1
        SCF Energy:    -1485.3212053405
# -----------------------------------------------------------
$ DFT_Energy
   description: The DFT energy
   geom. index: 1
   prop. index: 1
   Number of Alpha Electrons                105.0001015410 
   Number of Beta  Electrons                105.0001015410 
   Total number of  Electrons               210.0002030820 
   Exchange energy                         -147.7433093309 
   Correlation energy                        -8.6462702425 
   Correlation energy NL                      0.0000000000 
   Exchange-Correlation energy             -156.3895795733 
   Embedding correction                       0.0000000000 
   Total DFT Energy (No VdW correction)   -1485.3212053405 
# -----------------------------------------------------------
$ Mayer_Pop
   description: The Mayer population analysis
   geom. index: 1
   prop. index: 1
     Number of atoms                     : 48
     Threshold for printing              : 0.1000000
     Number of bond orders printed       : 50
  NA   - Mulliken gross atomic population
  ZA   - Total nuclear charge
  QA   - Mulliken gross atomic charge
  VA   - Mayer's total valence
  BVA  - Mayer's bonded valence
  FA   - Mayer's free valence
  ATOM       NA         ZA         QA         VA         BVA        FA
  0   0     5.9545     6.0000     0.0455     3.9981     3.9981    -0.0000
  1   0     6.0341     6.0000    -0.0341     3.9529     3.9529     0.0000
  2   0     5.7812     6.0000     0.2188     4.2648     4.2648    -0.0000
  3   0     8.2385     8.0000    -0.2385     2.2661     2.2661    -0.0000
  4   0     8.3062     8.0000    -0.3062     2.1627     2.1627    -0.0000
  5   0     5.9336     6.0000     0.0664     4.1340     4.1340     0.0000
  6   0     5.8329     6.0000     0.1671     3.8571     3.8571    -0.0000
  7   0     5.9965     6.0000     0.0035     3.8413     3.8413    -0.0000
  8   0     6.1218     6.0000    -0.1218     3.7198     3.7198     0.0000
  9   0     5.8237     6.0000     0.1763     3.9858     3.9858    -0.0000
 10   0     5.8781     6.0000     0.1219     3.7941     3.7941    -0.0000
 11   0     5.8420     6.0000     0.1580     4.0522     4.0522    -0.0000
 12   0     6.1013     6.0000    -0.1013     3.7583     3.7583    -0.0000
 13   0     8.2456     8.0000    -0.2456     2.2268     2.2268    -0.0000
 14   0     8.2958     8.0000    -0.2958     2.1806     2.1806    -0.0000
 15   0     5.6274     6.0000     0.3726     4.0155     4.0155    -0.0000
 16   0     5.8450     6.0000     0.1550     4.0062     4.0062    -0.0000
 17   0     5.8665     6.0000     0.1335     4.0580     4.0580    -0.0000
 18   0     5.9507     6.0000     0.0493     4.1210     4.1210    -0.0000
 19   0     5.7634     6.0000     0.2366     3.8198     3.8198    -0.0000
 20   0     8.3393     8.0000    -0.3393     2.0969     2.0969    -0.0000
 21   0     5.8462     6.0000     0.1538     4.3109     4.3109    -0.0000
 22   0     8.2688     8.0000    -0.2688     2.2139     2.2139    -0.0000
 23   0     8.2352     8.0000    -0.2352     2.2031     2.2031    -0.0000
 24   0     8.2926     8.0000    -0.2926     2.0953     2.0953     0.0000
 25   0     8.2800     8.0000    -0.2800     2.1306     2.1306     0.0000
 26   0     8.2398     8.0000    -0.2398     2.1856     2.1856    -0.0000
 27   0     8.2320     8.0000    -0.2320     2.2102     2.2102     0.0000
 28   0     0.9829     1.0000     0.0171     0.9777     0.9777    -0.0000
 29   0     0.9781     1.0000     0.0219     1.0043     1.0043    -0.0000
 30   0     0.9549     1.0000     0.0451     0.9990     0.9990    -0.0000
 31   0     0.9506     1.0000     0.0494     0.9935     0.9935    -0.0000
 32   0     0.9907     1.0000     0.0093     0.9847     0.9847    -0.0000
 33   0     0.9874     1.0000     0.0126     0.9897     0.9897    -0.0000
 34   0     0.9919     1.0000     0.0081     1.0008     1.0008    -0.0000
 35   0     1.0673     1.0000    -0.0673     0.9984     0.9984    -0.0000
 36   0     1.0465     1.0000    -0.0465     1.0102     1.0102     0.0000
 37   0     0.7975     1.0000     0.2025     1.0166     1.0166     0.0000
 38   0     1.0453     1.0000    -0.0453     1.0094     1.0094    -0.0000
 39   0     1.0098     1.0000    -0.0098     1.0030     1.0030    -0.0000
 40   0     1.0213     1.0000    -0.0213     1.0085     1.0085    -0.0000
 41   0     0.9942     1.0000     0.0058     0.9966     0.9966     0.0000
 42   0     0.9716     1.0000     0.0284     1.0150     1.0150    -0.0000
 43   0     0.7711     1.0000     0.2289     0.9876     0.9876     0.0000
 44   0     0.8190     1.0000     0.1810     1.0126     1.0126    -0.0000
 45   0     0.8156     1.0000     0.1844     1.0055     1.0055    -0.0000
 46   0     0.8337     1.0000     0.1663     1.0370     1.0370    -0.0000
 47   0     0.7980     1.0000     0.2020     0.9901     0.9901     0.0000
      Bond orders larger than 0.1000000
           Atom A     A.N. of A          Atom B    A.N. of B              Bond order
                0             6               1            6                1.066357
                0             6               5            6                1.059270
                0             6              28            1                0.931687
                0             6              29            1                0.924219
                1             6               2            6                0.983914
                1             6              30            1                0.926814
                1             6              31            1                0.926820
                2             6               3            8                2.123257
                2             6               4            8                1.096369
                4             8               5            6                0.923394
                5             6               6            6                1.050739
                5             6              32            1                0.926605
                6             6               7            6                1.025123
                6             6              33            1                0.905548
                6             6              34            1                0.905906
                7             6               8            6                1.334489
                7             6              12            6                1.342575
                8             6               9            6                1.284525
                8             6              35            1                1.003548
                9             6              10            6                1.345456
                9             6              27            8                1.198669
               10             6              11            6                1.332495
               10             6              14            8                1.052262
               11             6              12            6                1.301530
               11             6              13            8                1.239511
               12             6              36            1                1.005959
               13             8              37            1                0.919603
               14             8              15            6                1.058674
               15             6              16            6                0.951180
               15             6              20            8                0.951299
               15             6              38            1                0.878518
               16             6              17            6                0.968342
               16             6              26            8                1.198665
               16             6              39            1                0.889156
               17             6              18            6                0.999545
               17             6              25            8                1.100986
               17             6              40            1                0.899261
               18             6              19            6                0.973807
               18             6              24            8                1.076277
               18             6              41            1                0.912947
               19             6              20            8                1.033089
               19             6              21            6                0.908465
               19             6              42            1                0.857530
               21             6              22            8                2.054960
               21             6              23            8                1.237644
               23             8              43            1                0.904273
               24             8              44            1                0.960526
               25             8              45            1                0.960445
               26             8              46            1                0.950732
               27             8              47            1                0.931046
# -----------------------------------------------------------
$ Calculation_Info
   description: Details of the calculation
   geom. index: 1
   prop. index: 1
     Multiplicity:                          1
     Charge:                                0
     number of atoms:                       48
     number of electrons:                   0
     number of frozen core electrons:       1
     number of correlated electrons:        0
     number of basis functions:             492
     number of aux C basis functions:       0
     number of aux J basis functions:       1592
     number of aux JK basis functions:      0
     number of aux CABS basis functions:    0
     Total Energy                           -1485.321205
# -----------------------------------------------------------
$ SCF_Electric_Properties
   description: The SCF Calculated Electric Properties
   geom. index: 1
   prop. index: 1
       Filename                          : 17.scfp 
       Do Dipole Moment Calculation      : true 
       Do Quadrupole Moment Calculation  : false 
       Do Polarizability Calculation     : true 
** Dipole moment part of electric properties **
        Magnitude of dipole moment (Debye) :        7.0122524378
        Electronic Contribution:
                  0    
      0      -5.800933
      1      -5.021720
      2       0.708440
        Nuclear Contribution:
                  0    
      0       3.667708
      1       6.327414
      2      -1.872640
        Total Dipole moment:
                  0    
      0      -2.133225
      1       1.305694
      2      -1.164200
** Polarizabilities part of electric properties **
        Isotropic polarizability :      212.1321118647
        The raw cartesian tensor (atomic units):
                  0          1          2    
      0     265.357869 -11.021819   6.228301
      1     -11.021819 156.308052 -15.333666
      2       6.228301 -15.333666 214.730415
        Diagonalised polarizability tensor :
                  0    
      0     151.773686
      1     216.992006
      2     267.630643
# -------------------------------------------------------------
----------------------- !GEOMETRIES! ------------------------
# -------------------------------------------------------------
------------------------ !GEOMETRY! -------------------------
    Number of atoms:    48 
    Geometry Index:     1 
    Coordinates:
               0 C      4.301832000000    0.858456000000    1.143671000000
               1 C      5.182498000000    0.062115000000    2.097115000000
               2 C      6.455818000000   -0.005399000000    1.328597000000
               3 O      7.533624000000   -0.405395000000    1.839517000000
               4 O      6.218828000000    0.433067000000    0.028959000000
               5 C      4.805909000000    0.421341000000   -0.213179000000
               6 C      4.330849000000   -0.936957000000   -0.596599000000
               7 C      2.837680000000   -1.037375000000   -0.663972000000
               8 C      2.154199000000   -0.748875000000   -1.826063000000
               9 C      0.762003000000   -0.848348000000   -1.890148000000
              10 C      0.023609000000   -1.238590000000   -0.792795000000
              11 C      0.698722000000   -1.529028000000    0.371798000000
              12 C      2.096860000000   -1.426810000000    0.428715000000
              13 O      0.049168000000   -1.931833000000    1.530487000000
              14 O     -1.330508000000   -1.333180000000   -0.858373000000
              15 C     -2.319513000000   -0.409198000000   -0.629704000000
              16 C     -3.339134000000   -0.187351000000   -1.685959000000
              17 C     -3.931064000000    1.209062000000   -1.431070000000
              18 C     -4.562014000000    1.131746000000   -0.053550000000
              19 C     -3.621460000000    0.531207000000    0.961846000000
              20 O     -3.047802000000   -0.654404000000    0.563298000000
              21 C     -4.384584000000    0.323387000000    2.204669000000
              22 O     -5.015912000000    1.271739000000    2.780958000000
              23 O     -4.430238000000   -0.930010000000    2.779468000000
              24 O     -4.803912000000    2.450903000000    0.349173000000
              25 O     -4.890733000000    1.520027000000   -2.371893000000
              26 O     -2.925569000000   -0.328138000000   -2.982747000000
              27 O      0.127026000000   -0.546809000000   -3.083103000000
              28 H      4.552393000000    1.927136000000    1.317993000000
              29 H      3.244850000000    0.640321000000    1.323099000000
              30 H      4.716876000000   -0.909960000000    2.242675000000
              31 H      5.307631000000    0.580471000000    3.075442000000
              32 H      4.627036000000    1.182902000000   -0.999698000000
              33 H      4.791000000000   -1.189898000000   -1.579071000000
              34 H      4.751042000000   -1.677374000000    0.124344000000
              35 H      2.726457000000   -0.440027000000   -2.698248000000
              36 H      2.624918000000   -1.661006000000    1.351000000000
              37 H     -0.938519000000   -2.034265000000    1.565382000000
              38 H     -1.820524000000    0.582343000000   -0.415241000000
              39 H     -4.210923000000   -0.876785000000   -1.467989000000
              40 H     -3.138929000000    1.977845000000   -1.379362000000
              41 H     -5.547581000000    0.624829000000   -0.075742000000
              42 H     -2.849096000000    1.324918000000    1.170619000000
              43 H     -4.693714000000   -1.104655000000    3.747306000000
              44 H     -5.760350000000    2.673880000000    0.344963000000
              45 H     -4.870681000000    2.432820000000   -2.703972000000
              46 H     -3.176112000000    0.495522000000   -3.489889000000
              47 H      0.688047000000   -0.264369000000   -3.871916000000
