-------------------------------------------------------------
----------------------- !PROPERTIES! ------------------------
-------------------------------------------------------------
# -----------------------------------------------------------
$ SCF_Energy
   description: The SCF energy
   geom. index: 1
   prop. index: 1
        SCF Energy:    -2154.0573121777
# -----------------------------------------------------------
$ DFT_Energy
   description: The DFT energy
   geom. index: 1
   prop. index: 1
   Number of Alpha Electrons                179.0000674935 
   Number of Beta  Electrons                179.0000674935 
   Total number of  Electrons               358.0001349870 
   Exchange energy                         -232.7407515316 
   Correlation energy                       -14.2556028974 
   Correlation energy NL                      0.0000000000 
   Exchange-Correlation energy             -246.9963544290 
   Embedding correction                       0.0000000000 
   Total DFT Energy (No VdW correction)   -2154.0573121777 
# -----------------------------------------------------------
$ Mayer_Pop
   description: The Mayer population analysis
   geom. index: 1
   prop. index: 1
     Number of atoms                     : 99
     Threshold for printing              : 0.1000000
     Number of bond orders printed       : 104
  NA   - Mulliken gross atomic population
  ZA   - Total nuclear charge
  QA   - Mulliken gross atomic charge
  VA   - Mayer's total valence
  BVA  - Mayer's bonded valence
  FA   - Mayer's free valence
  ATOM       NA         ZA         QA         VA         BVA        FA
  0   0     5.9068     6.0000     0.0932     3.9505     3.9505    -0.0000
  1   0     6.2535     6.0000    -0.2535     4.2555     4.2555    -0.0000
  2   0     6.0768     6.0000    -0.0768     4.0133     4.0133    -0.0000
  3   0     5.9163     6.0000     0.0837     3.9879     3.9879     0.0000
  4   0     5.8641     6.0000     0.1359     4.0064     4.0064     0.0000
  5   0     6.1898     6.0000    -0.1898     4.2425     4.2425     0.0000
  6   0     6.0765     6.0000    -0.0765     4.0011     4.0011    -0.0000
  7   0     5.9384     6.0000     0.0616     3.9887     3.9887     0.0000
  8   0     5.8896     6.0000     0.1104     3.9500     3.9500     0.0000
  9   0     6.0410     6.0000    -0.0410     3.9702     3.9702    -0.0000
 10   0     5.8908     6.0000     0.1092     3.7807     3.7807     0.0000
 11   0     8.1617     8.0000    -0.1617     2.4448     2.4448    -0.0000
 12   0     5.8754     6.0000     0.1246     3.7784     3.7784    -0.0000
 13   0     6.1246     6.0000    -0.1246     3.8425     3.8425     0.0000
 14   0     5.8892     6.0000     0.1108     3.5719     3.5719     0.0000
 15   0     5.8837     6.0000     0.1163     3.9686     3.9686     0.0000
 16   0     6.0267     6.0000    -0.0267     3.7431     3.7431    -0.0000
 17   0     6.0298     6.0000    -0.0298     3.7817     3.7817     0.0000
 18   0     5.7677     6.0000     0.2323     3.8521     3.8521     0.0000
 19   0     6.0911     6.0000    -0.0911     3.8024     3.8024     0.0000
 20   0     8.3156     8.0000    -0.3156     2.0763     2.0763     0.0000
 21   0     8.2608     8.0000    -0.2608     2.2163     2.2163    -0.0000
 22   0     5.8391     6.0000     0.1609     3.8994     3.8994     0.0000
 23   0     6.0161     6.0000    -0.0161     3.8060     3.8060    -0.0000
 24   0     6.0824     6.0000    -0.0824     3.8101     3.8101    -0.0000
 25   0     5.7049     6.0000     0.2951     4.1559     4.1559     0.0000
 26   0     8.2591     8.0000    -0.2591     2.2750     2.2750    -0.0000
 27   0     8.2618     8.0000    -0.2618     2.2174     2.2174     0.0000
 28   0     5.8607     6.0000     0.1393     4.0008     4.0008    -0.0000
 29   0     5.9219     6.0000     0.0781     3.9785     3.9785    -0.0000
 30   0     6.0944     6.0000    -0.0944     3.9754     3.9754    -0.0000
 31   0     6.1600     6.0000    -0.1600     4.2113     4.2113     0.0000
 32   0     5.9341     6.0000     0.0659     3.9304     3.9304    -0.0000
 33   0     5.8907     6.0000     0.1093     3.9949     3.9949    -0.0000
 34   0     5.9043     6.0000     0.0957     3.9649     3.9649     0.0000
 35   0     6.0746     6.0000    -0.0746     3.9992     3.9992    -0.0000
 36   0     6.2097     6.0000    -0.2097     4.2370     4.2370    -0.0000
 37   0     5.9185     6.0000     0.0815     3.9286     3.9286    -0.0000
 38   0     5.9211     6.0000     0.0789     3.9339     3.9339     0.0000
 39   0     5.9841     6.0000     0.0159     3.7657     3.7657     0.0000
 40   0     5.8497     6.0000     0.1503     3.9661     3.9661     0.0000
 41   0     6.0523     6.0000    -0.0523     3.7728     3.7728     0.0000
 42   0     6.0442     6.0000    -0.0442     3.7553     3.7553     0.0000
 43   0     5.7658     6.0000     0.2342     3.9039     3.9039     0.0000
 44   0     6.0866     6.0000    -0.0866     3.8472     3.8472     0.0000
 45   0     8.2552     8.0000    -0.2552     2.1719     2.1719    -0.0000
 46   0     8.2747     8.0000    -0.2747     2.1599     2.1599     0.0000
 47   0     5.9037     6.0000     0.0963     3.9342     3.9342    -0.0000
 48   0     5.8945     6.0000     0.1055     3.9168     3.9168    -0.0000
 49   0     0.9666     1.0000     0.0334     0.9862     0.9862    -0.0000
 50   0     0.9723     1.0000     0.0277     0.9892     0.9892    -0.0000
 51   0     1.0038     1.0000    -0.0038     0.9929     0.9929    -0.0000
 52   0     1.0406     1.0000    -0.0406     1.0049     1.0049     0.0000
 53   0     1.0082     1.0000    -0.0082     0.9939     0.9939    -0.0000
 54   0     1.0066     1.0000    -0.0066     0.9802     0.9802     0.0000
 55   0     1.0141     1.0000    -0.0141     0.9840     0.9840    -0.0000
 56   0     1.0115     1.0000    -0.0115     0.9812     0.9812     0.0000
 57   0     1.0293     1.0000    -0.0293     0.9950     0.9950     0.0000
 58   0     1.0191     1.0000    -0.0191     1.0067     1.0067     0.0000
 59   0     0.9717     1.0000     0.0283     1.0037     1.0037    -0.0000
 60   0     1.0039     1.0000    -0.0039     0.9871     0.9871     0.0000
 61   0     1.0068     1.0000    -0.0068     1.0012     1.0012     0.0000
 62   0     1.0490     1.0000    -0.0490     0.9895     0.9895    -0.0000
 63   0     1.0286     1.0000    -0.0286     0.9943     0.9943    -0.0000
 64   0     1.0280     1.0000    -0.0280     0.9948     0.9948     0.0000
 65   0     1.0565     1.0000    -0.0565     1.0046     1.0046     0.0000
 66   0     0.7910     1.0000     0.2090     0.9810     0.9810    -0.0000
 67   0     0.7885     1.0000     0.2115     1.0175     1.0175    -0.0000
 68   0     1.0026     1.0000    -0.0026     1.0293     1.0293    -0.0000
 69   0     1.0135     1.0000    -0.0135     0.9860     0.9860    -0.0000
 70   0     0.9935     1.0000     0.0065     0.9835     0.9835    -0.0000
 71   0     0.9795     1.0000     0.0205     1.0224     1.0224     0.0000
 72   0     1.0041     1.0000    -0.0041     0.9716     0.9716     0.0000
 73   0     1.0488     1.0000    -0.0488     0.9921     0.9921    -0.0000
 74   0     0.9570     1.0000     0.0430     0.9901     0.9901     0.0000
 75   0     0.9604     1.0000     0.0396     1.0160     1.0160     0.0000
 76   0     1.0004     1.0000    -0.0004     0.9961     0.9961     0.0000
 77   0     1.0018     1.0000    -0.0018     0.9806     0.9806     0.0000
 78   0     1.0213     1.0000    -0.0213     0.9862     0.9862     0.0000
 79   0     1.0010     1.0000    -0.0010     0.9746     0.9746     0.0000
 80   0     1.0146     1.0000    -0.0146     1.0044     1.0044     0.0000
 81   0     1.0425     1.0000    -0.0425     0.9916     0.9916     0.0000
 82   0     0.9951     1.0000     0.0049     0.9901     0.9901     0.0000
 83   0     0.9791     1.0000     0.0209     0.9854     0.9854    -0.0000
 84   0     0.9958     1.0000     0.0042     0.9964     0.9964     0.0000
 85   0     0.9873     1.0000     0.0127     1.0101     1.0101    -0.0000
 86   0     0.9681     1.0000     0.0319     0.9868     0.9868     0.0000
 87   0     1.0026     1.0000    -0.0026     0.9945     0.9945     0.0000
 88   0     1.0463     1.0000    -0.0463     0.9902     0.9902     0.0000
 89   0     1.0382     1.0000    -0.0382     0.9897     0.9897     0.0000
 90   0     1.0193     1.0000    -0.0193     1.0227     1.0227     0.0000
 91   0     0.7989     1.0000     0.2011     0.9892     0.9892    -0.0000
 92   0     0.7935     1.0000     0.2065     0.9877     0.9877    -0.0000
 93   0     0.9660     1.0000     0.0340     0.9838     0.9838     0.0000
 94   0     0.9876     1.0000     0.0124     1.0028     1.0028     0.0000
 95   0     0.9834     1.0000     0.0166     0.9842     0.9842    -0.0000
 96   0     0.9994     1.0000     0.0006     0.9990     0.9990     0.0000
 97   0     0.9839     1.0000     0.0161     0.9851     0.9851     0.0000
 98   0     0.9841     1.0000     0.0159     0.9840     0.9840     0.0000
      Bond orders larger than 0.1000000
           Atom A     A.N. of A          Atom B    A.N. of B              Bond order
                0             6               1            6                1.071748
                0             6              49            1                0.944521
                0             6              50            1                0.946292
                0             6              51            1                0.949929
                1             6               2            6                1.903535
                1             6              48            6                1.098450
                2             6               3            6                1.058214
                2             6              52            1                0.949430
                3             6               4            6                1.091511
                3             6              53            1                0.915289
                3             6              54            1                0.890682
                4             6               5            6                1.067080
                4             6              55            1                0.914136
                4             6              56            1                0.895842
                5             6               6            6                1.902086
                5             6              47            6                1.097757
                6             6               7            6                1.036833
                6             6              57            1                0.956154
                7             6               8            6                1.100369
                7             6              58            1                0.918849
                7             6              59            1                0.906907
                8             6               9            6                1.075248
                8             6              60            1                0.897938
                8             6              61            1                0.901793
                9             6              10            6                1.535918
                9             6              13            6                1.258139
               10             6              11            8                1.156116
               10             6              12            6                0.130147
               10             6              22            6                0.895098
               11             8              12            6                1.170295
               12             6              13            6                1.462781
               12             6              14            6                0.993106
               13             6              62            1                1.010629
               14             6              15            6                1.296981
               14             6              19            6                1.302553
               15             6              16            6                1.298853
               15             6              21            8                1.251454
               16             6              17            6                1.356471
               16             6              63            1                0.991170
               17             6              18            6                1.327626
               17             6              64            1                0.999593
               18             6              19            6                1.355237
               18             6              20            8                1.061919
               19             6              65            1                0.999577
               20             8              66            1                0.935872
               21             8              67            1                0.913964
               22             6              23            6                1.003290
               22             6              27            8                1.056622
               22             6              39            6                0.881206
               23             6              24            6                1.674478
               23             6              68            1                1.019469
               24             6              25            6                0.976502
               24             6              28            6                1.071858
               25             6              26            8                2.055408
               25             6              27            8                1.038212
               28             6              29            6                1.082305
               28             6              69            1                0.918803
               28             6              70            1                0.903651
               29             6              30            6                1.039448
               29             6              71            1                0.924466
               29             6              72            1                0.906153
               30             6              31            6                1.901827
               30             6              73            1                0.953878
               31             6              32            6                1.083204
               31             6              33            6                1.064967
               32             6              74            1                0.936148
               32             6              75            1                0.932091
               32             6              76            1                0.945352
               33             6              34            6                1.073074
               33             6              77            1                0.911458
               33             6              78            1                0.925153
               34             6              35            6                1.044334
               34             6              79            1                0.909437
               34             6              80            1                0.922865
               35             6              36            6                1.918456
               35             6              81            1                0.951072
               36             6              37            6                1.067205
               36             6              38            6                1.091160
               37             6              82            1                0.950724
               37             6              83            1                0.956710
               37             6              84            1                0.961199
               38             6              85            1                0.942656
               38             6              86            1                0.944560
               38             6              87            1                0.941891
               39             6              40            6                1.371558
               39             6              44            6                1.421156
               40             6              41            6                1.325843
               40             6              46            8                1.123594
               41             6              42            6                1.323155
               41             6              44            6                0.105570
               41             6              88            1                0.995644
               42             6              43            6                1.352111
               42             6              89            1                0.986398
               43             6              44            6                1.271976
               43             6              45            8                1.152102
               44             6              90            1                1.016799
               45             8              91            1                0.935593
               46             8              92            1                0.925838
               47             6              93            1                0.933493
               47             6              94            1                0.930304
               47             6              95            1                0.928650
               48             6              96            1                0.954145
               48             6              97            1                0.942621
               48             6              98            1                0.943292
# -----------------------------------------------------------
$ Calculation_Info
   description: Details of the calculation
   geom. index: 1
   prop. index: 1
     Multiplicity:                          1
     Charge:                                0
     number of atoms:                       99
     number of electrons:                   0
     number of frozen core electrons:       1
     number of correlated electrons:        0
     number of basis functions:             936
     number of aux C basis functions:       0
     number of aux J basis functions:       2951
     number of aux JK basis functions:      0
     number of aux CABS basis functions:    0
     Total Energy                           -2154.057312
# -----------------------------------------------------------
$ SCF_Electric_Properties
   description: The SCF Calculated Electric Properties
   geom. index: 1
   prop. index: 1
       Filename                          : 156.scfp 
       Do Dipole Moment Calculation      : true 
       Do Quadrupole Moment Calculation  : false 
       Do Polarizability Calculation     : true 
** Dipole moment part of electric properties **
        Magnitude of dipole moment (Debye) :        6.0111527629
        Electronic Contribution:
                  0    
      0      -3.877917
      1     -75.469110
      2      -8.633268
        Nuclear Contribution:
                  0    
      0       4.939764
      1      73.975518
      2      10.128098
        Total Dipole moment:
                  0    
      0       1.061847
      1      -1.493592
      2       1.494831
** Polarizabilities part of electric properties **
        Isotropic polarizability :      493.1345403210
        The raw cartesian tensor (atomic units):
                  0          1          2    
      0     522.338176  16.173120 -57.620873
      1      16.173120 587.199472  22.675351
      2     -57.620873  22.675351 369.865973
        Diagonalised polarizability tensor :
                  0    
      0     347.573863
      1     540.359546
      2     591.470211
# -------------------------------------------------------------
----------------------- !GEOMETRIES! ------------------------
# -------------------------------------------------------------
------------------------ !GEOMETRY! -------------------------
    Number of atoms:    99 
    Geometry Index:     1 
    Coordinates:
               0 C     -7.413954000000    5.990910000000    1.067824000000
               1 C     -7.525044000000    4.810680000000    0.144618000000
               2 C     -6.407004000000    4.116111000000   -0.080385000000
               3 C     -5.131179000000    4.484618000000    0.541827000000
               4 C     -4.587578000000    3.507170000000    1.505928000000
               5 C     -4.332213000000    2.191025000000    0.897284000000
               6 C     -3.077700000000    1.761661000000    0.862369000000
               7 C     -2.738966000000    0.448266000000    0.262207000000
               8 C     -2.145246000000   -0.430685000000    1.334822000000
               9 C     -1.775419000000   -1.770989000000    0.827962000000
              10 C     -0.666933000000   -2.203022000000    0.166451000000
              11 O     -0.808898000000   -3.479892000000   -0.115430000000
              12 C     -1.940052000000   -3.979092000000    0.301949000000
              13 C     -2.587787000000   -2.918456000000    0.911898000000
              14 C     -2.467699000000   -5.335751000000    0.185251000000
              15 C     -1.807768000000   -6.347827000000   -0.456192000000
              16 C     -2.379811000000   -7.628490000000   -0.522541000000
              17 C     -3.589175000000   -7.900122000000    0.039302000000
              18 C     -4.269063000000   -6.896319000000    0.688745000000
              19 C     -3.698826000000   -5.639489000000    0.749436000000
              20 O     -5.498621000000   -7.202156000000    1.251236000000
              21 O     -0.585527000000   -6.160308000000   -1.050828000000
              22 C      0.551882000000   -1.418935000000   -0.211605000000
              23 C      1.228012000000   -0.849768000000    0.963201000000
              24 C      1.374257000000    0.448094000000    0.779269000000
              25 C      0.807378000000    0.803270000000   -0.504146000000
              26 O      0.752761000000    1.962752000000   -1.043827000000
              27 O      0.322845000000   -0.357419000000   -1.056557000000
              28 C      2.008500000000    1.391835000000    1.734490000000
              29 C      3.229986000000    2.088220000000    1.172548000000
              30 C      4.279006000000    1.122665000000    0.787310000000
              31 C      4.792456000000    1.095452000000   -0.424823000000
              32 C      4.338188000000    2.051716000000   -1.482953000000
              33 C      5.828454000000    0.101447000000   -0.831175000000
              34 C      7.094543000000    0.789557000000   -1.241097000000
              35 C      7.657039000000    1.586957000000   -0.109592000000
              36 C      7.886720000000    2.883653000000   -0.163726000000
              37 C      8.457379000000    3.573632000000    1.049790000000
              38 C      7.617101000000    3.694245000000   -1.361596000000
              39 C      1.487154000000   -2.373976000000   -0.918808000000
              40 C      1.962432000000   -3.484331000000   -0.271895000000
              41 C      2.829498000000   -4.369710000000   -0.935664000000
              42 C      3.205660000000   -4.128737000000   -2.234974000000
              43 C      2.726975000000   -3.012565000000   -2.882929000000
              44 C      1.862436000000   -2.137961000000   -2.207735000000
              45 O      3.086801000000   -2.741019000000   -4.192320000000
              46 O      1.567542000000   -3.705073000000    1.039864000000
              47 C     -5.425653000000    1.345329000000    0.416255000000
              48 C     -8.796348000000    4.429889000000   -0.487364000000
              49 H     -6.771710000000    6.744949000000    0.589555000000
              50 H     -6.932411000000    5.646758000000    1.998964000000
              51 H     -8.429213000000    6.379456000000    1.297299000000
              52 H     -6.502636000000    3.292497000000   -0.768295000000
              53 H     -5.177606000000    5.532143000000    0.968467000000
              54 H     -4.351380000000    4.603907000000   -0.285391000000
              55 H     -3.650064000000    3.916183000000    1.967922000000
              56 H     -5.359819000000    3.361737000000    2.339002000000
              57 H     -2.246821000000    2.332706000000    1.262107000000
              58 H     -3.675722000000    0.016441000000   -0.155313000000
              59 H     -2.076584000000    0.572319000000   -0.618031000000
              60 H     -2.920239000000   -0.570945000000    2.153413000000
              61 H     -1.269397000000    0.103829000000    1.750773000000
              62 H     -3.555226000000   -2.987713000000    1.368370000000
              63 H     -1.840026000000   -8.423244000000   -1.037912000000
              64 H     -4.024518000000   -8.909233000000   -0.021567000000
              65 H     -4.245777000000   -4.865218000000    1.262836000000
              66 H     -5.630667000000   -7.531261000000    2.185460000000
              67 H     -0.049718000000   -5.340358000000   -1.104767000000
              68 H      1.579376000000   -1.353587000000    1.871681000000
              69 H      2.341338000000    0.847454000000    2.645924000000
              70 H      1.316439000000    2.175201000000    2.057826000000
              71 H      2.974299000000    2.829285000000    0.411544000000
              72 H      3.646169000000    2.676997000000    2.042063000000
              73 H      4.641236000000    0.410308000000    1.524071000000
              74 H      4.360940000000    3.071261000000   -1.019718000000
              75 H      3.334006000000    1.813364000000   -1.847194000000
              76 H      5.029371000000    2.047768000000   -2.363016000000
              77 H      5.472697000000   -0.481969000000   -1.715735000000
              78 H      6.008675000000   -0.641385000000   -0.030975000000
              79 H      7.881257000000    0.022692000000   -1.506903000000
              80 H      6.922346000000    1.450105000000   -2.091380000000
              81 H      7.889703000000    1.049864000000    0.816863000000
              82 H      9.193137000000    4.322539000000    0.732067000000
              83 H      7.664398000000    4.036117000000    1.652673000000
              84 H      8.964674000000    2.832547000000    1.702072000000
              85 H      6.552545000000    3.916042000000   -1.421780000000
              86 H      7.913505000000    3.198072000000   -2.321416000000
              87 H      8.132930000000    4.689775000000   -1.284678000000
              88 H      3.207469000000   -5.244659000000   -0.434207000000
              89 H      3.880943000000   -4.803295000000   -2.777683000000
              90 H      1.497399000000   -1.275170000000   -2.720259000000
              91 H      3.709822000000   -3.384249000000   -4.659789000000
              92 H      1.861554000000   -4.486843000000    1.592702000000
              93 H     -5.484906000000    1.185503000000   -0.650523000000
              94 H     -6.444890000000    1.651162000000    0.795587000000
              95 H     -5.284215000000    0.341039000000    0.912496000000
              96 H     -8.637069000000    3.563090000000   -1.148931000000
              97 H     -9.150245000000    5.318409000000   -1.071139000000
              98 H     -9.563903000000    4.140546000000    0.261190000000
