-------------------------------------------------------------
----------------------- !PROPERTIES! ------------------------
-------------------------------------------------------------
# -------------------------------------------------------------
----------------------- !GEOMETRIES! ------------------------
# -------------------------------------------------------------
------------------------ !GEOMETRY! -------------------------
    Number of atoms:    40 
    Geometry Index:     1 
    Coordinates:
               0  C     -2.291098000000    3.250271000000   -0.479896000000
               1  C     -1.321285000000    2.088586000000   -0.758754000000
               2  C     -0.785803000000    1.668247000000    0.583712000000
               3  C      0.186870000000    0.528788000000    0.540123000000
               4  C      1.395388000000    1.001235000000   -0.290382000000
               5  C      2.443699000000   -0.028935000000   -0.404449000000
               6  C      3.431955000000   -0.108557000000    0.573424000000
               7  C      4.446092000000   -1.035529000000    0.530979000000
               8  C      4.502304000000   -1.933500000000   -0.518321000000
               9  C      3.550537000000   -1.885207000000   -1.495204000000
              10  C      2.547529000000   -0.943272000000   -1.422697000000
              11  N     -0.375133000000   -0.631913000000   -0.013051000000
              12  C     -1.413231000000   -1.378188000000    0.481954000000
              13  C     -2.821803000000   -0.933350000000    0.470835000000
              14  C     -3.702308000000   -2.057522000000    1.085337000000
              15  Cl     0.686299000000    0.000000000000    0.000000000000
              16  H     -2.256464000000    3.964137000000   -1.320463000000
              17  H     -3.286733000000    2.811038000000   -0.298444000000
              18  H     -1.928915000000    3.798153000000    0.416953000000
              19  H     -1.921073000000    1.291325000000   -1.240702000000
              20  H     -0.572205000000    2.404899000000   -1.483879000000
              21  H     -0.261748000000    2.582694000000    1.059132000000
              22  H     -1.609920000000    1.497014000000    1.273049000000
              23  H      0.523111000000    0.380033000000    1.603592000000
              24  H      1.081874000000    1.297803000000   -1.297600000000
              25  H      1.829476000000    1.856614000000    0.267502000000
              26  H      3.404436000000    0.581571000000    1.396492000000
              27  H      5.220880000000   -1.110853000000    1.280759000000
              28  H      5.282449000000   -2.668126000000   -0.575997000000
              29  H      3.598775000000   -2.594348000000   -2.320105000000
              30  H      1.833748000000   -0.939098000000   -2.204925000000
              31  H     -0.214580000000   -0.689057000000   -1.057011000000
              32  H     -1.208870000000   -1.728621000000    1.559430000000
              33  H     -1.365325000000   -2.405089000000   -0.049629000000
              34  H     -3.107971000000   -0.014313000000    0.934753000000
              35  H     -3.177910000000   -0.899782000000   -0.604604000000
              36  H     -4.085871000000   -2.730577000000    0.319701000000
              37  H     -3.073417000000   -2.675298000000    1.778680000000
              38  H     -4.497460000000   -1.611270000000    1.679706000000
              39  H     -0.686299000000    0.000000000000    0.000000000000
