-------------------------------------------------------------
----------------------- !PROPERTIES! ------------------------
-------------------------------------------------------------
# -----------------------------------------------------------
$ SCF_Energy
   description: The SCF energy
   geom. index: 1
   prop. index: 1
        SCF Energy:     -885.6295478498
# -----------------------------------------------------------
$ DFT_Energy
   description: The DFT energy
   geom. index: 1
   prop. index: 1
   Number of Alpha Electrons                 73.0001887216 
   Number of Beta  Electrons                 73.0001887216 
   Total number of  Electrons               146.0003774432 
   Exchange energy                          -94.7472127460 
   Correlation energy                        -5.8266199687 
   Correlation energy NL                      0.0000000000 
   Exchange-Correlation energy             -100.5738327146 
   Embedding correction                       0.0000000000 
   Total DFT Energy (No VdW correction)    -885.6295478498 
# -----------------------------------------------------------
$ Mayer_Pop
   description: The Mayer population analysis
   geom. index: 1
   prop. index: 1
     Number of atoms                     : 43
     Threshold for printing              : 0.1000000
     Number of bond orders printed       : 44
  NA   - Mulliken gross atomic population
  ZA   - Total nuclear charge
  QA   - Mulliken gross atomic charge
  VA   - Mayer's total valence
  BVA  - Mayer's bonded valence
  FA   - Mayer's free valence
  ATOM       NA         ZA         QA         VA         BVA        FA
  0   0     5.9420     6.0000     0.0580     3.9448     3.9448    -0.0000
  1   0     6.0595     6.0000    -0.0595     4.1397     4.1397    -0.0000
  2   0     5.8665     6.0000     0.1335     4.0428     4.0428    -0.0000
  3   0     5.7909     6.0000     0.2091     4.0722     4.0722     0.0000
  4   0     6.0095     6.0000    -0.0095     4.1162     4.1162    -0.0000
  5   0     5.8636     6.0000     0.1364     3.8544     3.8544     0.0000
  6   0     6.1890     6.0000    -0.1890     3.7996     3.7996    -0.0000
  7   0     5.8295     6.0000     0.1705     4.0339     4.0339     0.0000
  8   0     8.2441     8.0000    -0.2441     2.2131     2.2131    -0.0000
  9   0     6.4416     6.0000    -0.4416     4.2282     4.2282    -0.0000
 10   0     5.7219     6.0000     0.2781     3.8580     3.8580     0.0000
 11   0     6.3722     6.0000    -0.3722     4.3714     4.3714    -0.0000
 12   0     5.7965     6.0000     0.2035     3.8667     3.8667     0.0000
 13   0     5.8427     6.0000     0.1573     3.8998     3.8998     0.0000
 14   0     5.9279     6.0000     0.0721     3.9031     3.9031     0.0000
 15   0     5.6190     6.0000     0.3810     3.9677     3.9677     0.0000
 16   0     8.3117     8.0000    -0.3117     2.1387     2.1387    -0.0000
 17   0     8.2831     8.0000    -0.2831     2.1272     2.1272    -0.0000
 18   0     8.3017     8.0000    -0.3017     2.1331     2.1331     0.0000
 19   0     1.0021     1.0000    -0.0021     1.0054     1.0054     0.0000
 20   0     0.9967     1.0000     0.0033     0.9920     0.9920    -0.0000
 21   0     0.9702     1.0000     0.0298     1.0038     1.0038    -0.0000
 22   0     0.9996     1.0000     0.0004     0.9981     0.9981    -0.0000
 23   0     1.0009     1.0000    -0.0009     1.0024     1.0024     0.0000
 24   0     1.0239     1.0000    -0.0239     0.9835     0.9835     0.0000
 25   0     1.0404     1.0000    -0.0404     0.9872     0.9872    -0.0000
 26   0     1.0241     1.0000    -0.0241     1.0094     1.0094    -0.0000
 27   0     1.0016     1.0000    -0.0016     1.0135     1.0135    -0.0000
 28   0     1.0187     1.0000    -0.0187     0.9870     0.9870     0.0000
 29   0     1.0225     1.0000    -0.0225     0.9898     0.9898     0.0000
 30   0     1.0121     1.0000    -0.0121     1.0121     1.0121     0.0000
 31   0     0.9973     1.0000     0.0027     1.0140     1.0140     0.0000
 32   0     1.0098     1.0000    -0.0098     0.9866     0.9866     0.0000
 33   0     1.0000     1.0000     0.0000     1.0162     1.0162    -0.0000
 34   0     1.0160     1.0000    -0.0160     1.0271     1.0271    -0.0000
 35   0     0.9791     1.0000     0.0209     0.9949     0.9949     0.0000
 36   0     0.9767     1.0000     0.0233     1.0016     1.0016    -0.0000
 37   0     0.9756     1.0000     0.0244     1.0065     1.0065     0.0000
 38   0     1.0320     1.0000    -0.0320     0.9914     0.9914     0.0000
 39   0     1.0003     1.0000    -0.0003     1.0078     1.0078     0.0000
 40   0     0.8379     1.0000     0.1621     1.0447     1.0447     0.0000
 41   0     0.8238     1.0000     0.1762     1.0213     1.0213     0.0000
 42   0     0.8258     1.0000     0.1742     1.0063     1.0063    -0.0000
      Bond orders larger than 0.1000000
           Atom A     A.N. of A          Atom B    A.N. of B              Bond order
                0             6               1            6                1.054422
                0             6              19            1                0.960647
                0             6              20            1                0.959447
                0             6              21            1                0.957805
                1             6               2            6                1.105041
                1             6               6            6                1.011408
                1             6              22            1                0.868835
                2             6               3            6                1.098967
                2             6              23            1                0.895150
                2             6              24            1                0.901347
                3             6               4            6                1.009128
                3             6              18            8                1.067901
                3             6              25            1                0.871082
                4             6               5            6                0.995879
                4             6              11            6                0.965039
                4             6              17            8                1.073558
                5             6               6            6                1.749327
                5             6               9            6                0.957291
                6             6               7            6                1.003653
                7             6               8            8                2.046660
                7             6              26            1                0.960589
                9             6              10            6                1.028158
                9             6              14            6                1.029008
                9             6              15            6                1.046452
               10             6              11            6                1.072468
               10             6              27            1                0.875588
               10             6              28            1                0.913039
               11             6              12            6                1.068680
               11             6              13            6                1.054069
               12             6              29            1                0.932065
               12             6              30            1                0.941086
               12             6              31            1                0.939965
               13             6              32            1                0.951521
               13             6              33            1                0.947591
               13             6              34            1                0.947710
               14             6              35            1                0.951292
               14             6              36            1                0.938788
               14             6              37            1                0.946047
               15             6              16            8                1.055338
               15             6              38            1                0.928014
               15             6              39            1                0.906884
               16             8              40            1                0.971848
               17             8              41            1                0.946041
               18             8              42            1                0.955326
# -----------------------------------------------------------
$ Calculation_Info
   description: Details of the calculation
   geom. index: 1
   prop. index: 1
     Multiplicity:                          1
     Charge:                                0
     number of atoms:                       43
     number of electrons:                   0
     number of frozen core electrons:       1
     number of correlated electrons:        0
     number of basis functions:             386
     number of aux C basis functions:       0
     number of aux J basis functions:       1195
     number of aux JK basis functions:      0
     number of aux CABS basis functions:    0
     Total Energy                           -885.629548
# -----------------------------------------------------------
$ SCF_Electric_Properties
   description: The SCF Calculated Electric Properties
   geom. index: 1
   prop. index: 1
       Filename                          : 132.scfp 
       Do Dipole Moment Calculation      : true 
       Do Quadrupole Moment Calculation  : false 
       Do Polarizability Calculation     : true 
** Dipole moment part of electric properties **
        Magnitude of dipole moment (Debye) :        3.8954141534
        Electronic Contribution:
                  0    
      0       4.391362
      1       5.709277
      2      -1.101202
        Nuclear Contribution:
                  0    
      0      -4.035074
      1      -7.134365
      2       1.538088
        Total Dipole moment:
                  0    
      0       0.356289
      1      -1.425088
      2       0.436885
** Polarizabilities part of electric properties **
        Isotropic polarizability :      165.6387832583
        The raw cartesian tensor (atomic units):
                  0          1          2    
      0     185.691804   8.682348   9.520700
      1       8.682348 172.246069   1.347864
      2       9.520700   1.347864 138.978477
        Diagonalised polarizability tensor :
                  0    
      0     137.108996
      1     168.256446
      2     191.550907
# -------------------------------------------------------------
----------------------- !GEOMETRIES! ------------------------
# -------------------------------------------------------------
------------------------ !GEOMETRY! -------------------------
    Number of atoms:    43 
    Geometry Index:     1 
    Coordinates:
               0 C      3.456957000000    0.341897000000   -0.527859000000
               1 C      2.479105000000    0.324726000000    0.643565000000
               2 C      2.184799000000   -1.068966000000    1.103084000000
               3 C      1.096858000000   -1.730720000000    0.316549000000
               4 C      0.101702000000   -0.862095000000   -0.298452000000
               5 C      0.174332000000    0.588922000000   -0.080690000000
               6 C      1.281439000000    1.140230000000    0.358952000000
               7 C      1.368085000000    2.602784000000    0.593332000000
               8 O      2.431515000000    3.124673000000    1.012267000000
               9 C     -1.158100000000    1.189001000000   -0.463186000000
              10 C     -2.044301000000   -0.046286000000   -0.619222000000
              11 C     -1.329413000000   -1.166726000000    0.091238000000
              12 C     -1.575172000000   -1.202431000000    1.545081000000
              13 C     -1.727579000000   -2.455902000000   -0.627429000000
              14 C     -1.774763000000    1.991475000000    0.652249000000
              15 C     -1.099792000000    1.951626000000   -1.748894000000
              16 O     -2.371481000000    2.454418000000   -1.998235000000
              17 O      0.109728000000   -1.037767000000   -1.710854000000
              18 O      0.453751000000   -2.638449000000    1.192169000000
              19 H      2.941952000000    0.282296000000   -1.489402000000
              20 H      4.212486000000   -0.432102000000   -0.347647000000
              21 H      4.001449000000    1.328578000000   -0.509078000000
              22 H      3.024534000000    0.828838000000    1.483467000000
              23 H      1.940254000000   -1.098917000000    2.185375000000
              24 H      3.124784000000   -1.651159000000    0.998548000000
              25 H      1.575827000000   -2.382509000000   -0.450510000000
              26 H      0.538612000000    3.252539000000    0.415918000000
              27 H     -2.034916000000   -0.288006000000   -1.706195000000
              28 H     -3.059025000000    0.131144000000   -0.234032000000
              29 H     -2.544987000000   -0.675881000000    1.763945000000
              30 H     -0.784370000000   -0.791608000000    2.180019000000
              31 H     -1.744963000000   -2.256854000000    1.887832000000
              32 H     -2.739403000000   -2.794436000000   -0.321539000000
              33 H     -1.795458000000   -2.184586000000   -1.720498000000
              34 H     -0.971320000000   -3.235976000000   -0.558312000000
              35 H     -2.801489000000    1.638416000000    0.917960000000
              36 H     -1.828275000000    3.087392000000    0.387232000000
              37 H     -1.095706000000    1.930118000000    1.527111000000
              38 H     -0.422923000000    2.795373000000   -1.674382000000
              39 H     -0.796836000000    1.239752000000   -2.552214000000
              40 H     -2.927361000000    2.419129000000   -1.193233000000
              41 H      1.015112000000   -1.366789000000   -1.998260000000
              42 H      1.114351000000   -3.275162000000    1.574227000000
