-------------------------------------------------------------
----------------------- !PROPERTIES! ------------------------
-------------------------------------------------------------
# -------------------------------------------------------------
----------------------- !GEOMETRIES! ------------------------
# -------------------------------------------------------------
------------------------ !GEOMETRY! -------------------------
    Number of atoms:    65 
    Geometry Index:     1 
    Coordinates:
               0  C      2.300852000000   -4.343826000000    0.268795000000
               1  C      1.345329000000   -3.311225000000   -0.368039000000
               2  C      0.227332000000   -2.855737000000    0.079967000000
               3  C     -0.889775000000   -1.899509000000   -0.276661000000
               4  C     -1.033953000000   -0.818934000000    0.784552000000
               5  C     -2.179715000000   -1.254445000000    1.711163000000
               6  C     -3.416915000000   -0.498579000000    1.236457000000
               7  C     -2.998148000000   -0.023187000000   -0.105525000000
               8  C     -1.568898000000    0.472320000000    0.196510000000
               9  C     -1.594367000000    1.617528000000    1.119701000000
              10  C     -0.993693000000    2.907077000000    0.588418000000
              11  C      0.164532000000    3.470996000000    0.371463000000
              12  C      1.584682000000    2.899374000000    0.625019000000
              13  C      2.224549000000    1.865036000000    0.207052000000
              14  C      3.613631000000    1.248618000000    0.419799000000
              15  C      3.674428000000   -0.077480000000   -0.203231000000
              16  C      3.727287000000   -1.232123000000   -0.745767000000
              17  C      2.560743000000   -1.583984000000   -1.836266000000
              18  C      2.144577000000   -2.993476000000   -1.642460000000
              19  C      5.347808000000   -0.137557000000    0.580798000000
              20  C      0.376349000000    4.926778000000   -0.142456000000
              21  C     -3.853571000000    0.992245000000   -0.769776000000
              22  C     -3.304938000000    1.345848000000   -2.136928000000
              23  C     -5.286083000000    0.530658000000   -0.947161000000
              24  C      0.152382000000   -0.599027000000    1.607845000000
              25  H      2.054888000000   -4.961779000000    1.066010000000
              26  H      3.277508000000   -3.837041000000    0.512124000000
              27  H      2.602690000000   -5.089985000000   -0.552921000000
              28  H     -0.231452000000   -3.174135000000    1.127972000000
              29  H     -0.902261000000   -1.389941000000   -1.212520000000
              30  H     -1.861359000000   -2.510240000000   -0.305285000000
              31  H     -2.365738000000   -2.325911000000    1.659765000000
              32  H     -1.933057000000   -0.986248000000    2.763258000000
              33  H     -3.670577000000    0.231354000000    1.991876000000
              34  H     -4.253248000000   -1.248241000000    1.099689000000
              35  H     -2.981683000000   -0.908705000000   -0.765455000000
              36  H     -1.084765000000    0.696492000000   -0.785421000000
              37  H     -1.266960000000    1.296159000000    2.121349000000
              38  H     -2.707498000000    1.802341000000    1.373971000000
              39  H     -2.004778000000    3.407968000000    0.285644000000
              40  H      2.036832000000    3.684483000000    1.354959000000
              41  H      1.798191000000    1.068744000000   -0.518744000000
              42  H      4.381850000000    1.960786000000   -0.041482000000
              43  H      3.916064000000    1.283187000000    1.493217000000
              44  H      4.185036000000   -2.206699000000   -0.846573000000
              45  H      1.684665000000   -0.999991000000   -1.636621000000
              46  H      2.941412000000   -1.399219000000   -2.809019000000
              47  H      1.644539000000   -3.379169000000   -2.551222000000
              48  H      3.122024000000   -3.577105000000   -1.646869000000
              49  H      5.969885000000   -0.327226000000   -0.153179000000
              50  H      5.081932000000   -0.558816000000    1.476058000000
              51  H      5.427567000000    0.987275000000    0.752655000000
              52  H      1.226108000000    5.342149000000    0.488325000000
              53  H     -0.346797000000    5.676474000000   -0.088655000000
              54  H      0.741100000000    4.902219000000   -1.198312000000
              55  H     -3.832121000000    1.948553000000   -0.197960000000
              56  H     -2.962154000000    2.385539000000   -2.164264000000
              57  H     -2.474929000000    0.685646000000   -2.432759000000
              58  H     -4.127967000000    1.270678000000   -2.912739000000
              59  H     -5.495437000000    0.184546000000   -1.979135000000
              60  H     -5.932507000000    1.430731000000   -0.818280000000
              61  H     -5.540718000000   -0.298465000000   -0.268501000000
              62  H      0.040349000000   -1.095877000000    2.625912000000
              63  H      0.421384000000    0.437805000000    1.844447000000
              64  H      1.097551000000   -1.055726000000    1.225415000000
