-------------------------------------------------------------
----------------------- !PROPERTIES! ------------------------
-------------------------------------------------------------
# -------------------------------------------------------------
----------------------- !GEOMETRIES! ------------------------
# -------------------------------------------------------------
------------------------ !GEOMETRY! -------------------------
    Number of atoms:    47 
    Geometry Index:     1 
    Coordinates:
               0  C      4.896762000000   -0.277464000000   -0.758534000000
               1  C      6.060195000000   -1.125140000000   -1.259307000000
               2  C      6.933152000000   -1.190316000000   -0.074959000000
               3  O      8.151183000000   -1.480042000000   -0.088086000000
               4  O      6.206501000000   -0.881662000000    1.070869000000
               5  C      4.860135000000   -0.646506000000    0.706487000000
               6  C      4.200894000000    0.461896000000    1.472655000000
               7  C      2.806010000000    0.606322000000    0.932422000000
               8  C      1.785053000000   -0.157148000000    1.456656000000
               9  C      0.472324000000   -0.041869000000    0.983593000000
              10  C      0.136943000000    0.828680000000   -0.016830000000
              11  C      1.194689000000    1.597706000000   -0.536772000000
              12  C      2.485819000000    1.488132000000   -0.075279000000
              13  O     -1.085795000000    1.007037000000   -0.531833000000
              14  C     -2.339441000000    0.532103000000   -0.372548000000
              15  C     -3.395004000000    1.591538000000   -0.091326000000
              16  C     -4.681503000000    0.892461000000    0.200064000000
              17  C     -4.645396000000   -0.590041000000    0.037274000000
              18  C     -3.822523000000   -1.062836000000   -1.110386000000
              19  O     -2.847417000000   -0.151824000000   -1.507411000000
              20  C     -4.692644000000   -1.307181000000   -2.290077000000
              21  O     -4.525010000000   -0.767808000000   -3.391269000000
              22  O     -5.775323000000   -2.199135000000   -2.171427000000
              23  O     -4.304901000000   -1.244480000000    1.244935000000
              24  O     -5.713561000000    1.394394000000   -0.625371000000
              25  O     -2.947849000000    2.373315000000    0.968413000000
              26  O     -0.513912000000   -0.834195000000    1.547319000000
              27  H      5.202965000000    0.789656000000   -0.894584000000
              28  H      3.960576000000   -0.449214000000   -1.279129000000
              29  H      5.676850000000   -2.109581000000   -1.555804000000
              30  H      6.555827000000   -0.591499000000   -2.069795000000
              31  H      4.239177000000   -1.575406000000    0.833788000000
              32  H      4.727300000000    1.403218000000    1.211522000000
              33  H      4.214315000000    0.315142000000    2.558295000000
              34  H      2.041010000000   -0.853184000000    2.253328000000
              35  H      0.999458000000    2.311626000000   -1.335756000000
              36  H      3.288953000000    2.101865000000   -0.492021000000
              37  H     -2.364855000000   -0.236114000000    0.422586000000
              38  H     -3.500168000000    2.194880000000   -1.016231000000
              39  H     -4.983721000000    1.156613000000    1.242596000000
              40  H     -5.710528000000   -0.921390000000   -0.147746000000
              41  H     -3.303938000000   -2.019421000000   -0.890423000000
              42  H     -6.120823000000   -2.711285000000   -2.995256000000
              43  H     -4.515118000000   -0.655593000000    2.019901000000
              44  H     -5.432969000000    1.409699000000   -1.575373000000
              45  H     -3.558421000000    3.115892000000    1.168420000000
              46  H     -0.315270000000   -1.491840000000    2.288402000000
