-------------------------------------------------------------
----------------------- !PROPERTIES! ------------------------
-------------------------------------------------------------
# -------------------------------------------------------------
----------------------- !GEOMETRIES! ------------------------
# -------------------------------------------------------------
------------------------ !GEOMETRY! -------------------------
    Number of atoms:    138 
    Geometry Index:     1 
    Coordinates:
               0  C     -4.331455000000    1.333249000000    0.679247000000
               1  C     -4.519245000000    1.994059000000   -0.643827000000
               2  C     -3.726189000000    1.255428000000   -1.718494000000
               3  C     -2.252723000000    1.553802000000   -1.453222000000
               4  C     -1.354769000000    0.683204000000   -2.256037000000
               5  C      0.040895000000    0.822978000000   -1.780345000000
               6  O      0.595686000000    1.925683000000   -2.156887000000
               7  O      0.707478000000   -0.065556000000   -1.039592000000
               8  C      0.669779000000   -0.504559000000    0.272104000000
               9  C     -0.650776000000   -1.275288000000    0.536211000000
              10  C     -0.422801000000   -2.724600000000    0.284635000000
              11  C     -0.623414000000   -3.156072000000   -1.146579000000
              12  C     -2.057193000000   -3.564890000000   -1.438868000000
              13  C     -2.734301000000   -4.596731000000   -1.126813000000
              14  C     -4.144824000000   -5.020564000000   -1.401728000000
              15  N     -5.240721000000   -4.354619000000   -1.008037000000
              16  C     -6.369060000000   -4.964141000000   -1.389173000000
              17  C     -5.915578000000   -6.073129000000   -2.058613000000
              18  O     -4.637681000000   -6.094327000000   -2.058516000000
              19  C     -7.692355000000   -4.423112000000   -1.066670000000
              20  N     -7.892135000000   -3.126390000000   -0.776980000000
              21  C     -9.193805000000   -2.960583000000   -0.532085000000
              22  C     -9.776867000000   -4.197185000000   -0.682396000000
              23  O     -8.851310000000   -5.038918000000   -1.000025000000
              24  C     -9.759553000000   -1.636396000000   -0.177176000000
              25  N     -9.104486000000   -0.510448000000   -0.453747000000
              26  C     -9.832566000000    0.520781000000   -0.031233000000
              27  C    -10.978376000000    0.002472000000    0.525587000000
              28  O    -10.877824000000   -1.296505000000    0.408784000000
              29  C     -9.337901000000    1.918106000000   -0.212784000000
              30  C     -7.921124000000    1.962391000000    0.337199000000
              31  C     -6.946180000000    1.287082000000   -0.605292000000
              32  C     -5.924437000000    2.275946000000   -1.045708000000
              33  O     -6.340221000000    0.187217000000   -0.056219000000
              34  C     -7.982789000000    1.271182000000    1.692575000000
              35  O     -9.387546000000    2.354167000000   -1.514324000000
              36  C    -10.156183000000    3.534954000000   -1.638784000000
              37  O     -1.298825000000   -3.553651000000    1.028105000000
              38  C     -0.613364000000   -4.461784000000    1.819705000000
              39  C     -0.968512000000   -1.094446000000    1.998632000000
              40  C      0.863781000000    0.563712000000    1.290486000000
              41  C      2.107109000000    1.323253000000    1.199846000000
              42  C      3.437022000000    0.711320000000    1.310579000000
              43  C      3.662226000000   -0.044692000000    2.610858000000
              44  C      4.042820000000    0.000653000000    0.165019000000
              45  C      5.432406000000   -0.540247000000    0.459132000000
              46  C      6.437897000000    0.503982000000    0.725327000000
              47  O      6.113128000000    1.654013000000    0.498198000000
              48  C      7.771302000000    0.128386000000    1.253961000000
              49  C      7.609288000000   -0.322222000000    2.684341000000
              50  C      8.886759000000    1.060986000000    1.006234000000
              51  C      9.323838000000    1.304546000000   -0.385610000000
              52  C      8.311787000000    1.852164000000   -1.330020000000
              53  C      9.948987000000    0.097325000000   -1.010261000000
              54  C     11.246103000000    0.053016000000   -1.253517000000
              55  N     11.933048000000   -1.035643000000   -1.837355000000
              56  C     11.326227000000   -2.277983000000   -2.242203000000
              57  C     13.344535000000   -0.917815000000   -2.048871000000
              58  O     14.023616000000   -1.831027000000   -2.552431000000
              59  O      8.548284000000    2.281949000000    1.626016000000
              60  C      9.336170000000    2.588152000000    2.706850000000
              61  O      2.023235000000    2.388264000000    2.159341000000
              62  C      2.017835000000    3.630377000000    1.542614000000
              63  O     -2.009926000000    2.914136000000   -1.820989000000
              64  C     -1.613123000000    3.867293000000   -0.893967000000
              65  O     -1.471248000000    3.514732000000    0.283809000000
              66  N     -1.397384000000    5.181392000000   -1.358916000000
              67  H     -3.391870000000    1.748705000000    1.156893000000
              68  H     -4.127041000000    0.240593000000    0.630919000000
              69  H     -5.130197000000    1.578572000000    1.379585000000
              70  H     -4.008203000000    3.003238000000   -0.584519000000
              71  H     -3.856304000000    0.163570000000   -1.588273000000
              72  H     -4.027138000000    1.523669000000   -2.728239000000
              73  H     -2.029346000000    1.472832000000   -0.377395000000
              74  H     -1.445160000000    1.062874000000   -3.327714000000
              75  H     -1.705031000000   -0.363382000000   -2.344634000000
              76  H      1.436466000000   -1.280755000000    0.429226000000
              77  H     -1.476494000000   -0.835001000000   -0.018820000000
              78  H      0.597355000000   -3.040902000000    0.579819000000
              79  H      0.162004000000   -3.814195000000   -1.447911000000
              80  H     -0.373029000000   -2.179793000000   -1.690525000000
              81  H     -2.388573000000   -2.643851000000   -2.048973000000
              82  H     -2.359619000000   -5.513092000000   -0.512990000000
              83  H     -6.530206000000   -6.841796000000   -2.531052000000
              84  H    -10.830455000000   -4.397892000000   -0.550342000000
              85  H    -11.773880000000    0.597247000000    0.960573000000
              86  H     -9.934703000000    2.639065000000    0.410051000000
              87  H     -7.671089000000    3.046838000000    0.431584000000
              88  H     -7.538225000000    0.932192000000   -1.491203000000
              89  H     -5.925242000000    2.311185000000   -2.176431000000
              90  H     -6.223923000000    3.304429000000   -0.741640000000
              91  H     -6.220292000000   -0.570623000000   -0.686482000000
              92  H     -9.001688000000    1.092101000000    2.043980000000
              93  H     -7.490897000000    1.950185000000    2.439978000000
              94  H     -7.444516000000    0.297212000000    1.690083000000
              95  H    -11.195505000000    3.402029000000   -1.309957000000
              96  H    -10.167277000000    3.883081000000   -2.679000000000
              97  H     -9.703195000000    4.331895000000   -1.000188000000
              98  H      0.005034000000   -5.094037000000    1.134242000000
              99  H     -1.327116000000   -5.107090000000    2.341338000000
             100  H      0.067629000000   -3.925609000000    2.504098000000
             101  H     -1.896585000000   -1.708908000000    2.245702000000
             102  H     -0.187583000000   -1.569654000000    2.627534000000
             103  H     -1.187734000000   -0.046577000000    2.283782000000
             104  H      0.808596000000    0.103366000000    2.311367000000
             105  H     -0.019673000000    1.267962000000    1.276364000000
             106  H      2.109758000000    1.901287000000    0.215016000000
             107  H      4.158232000000    1.625066000000    1.476470000000
             108  H      4.738696000000   -0.083406000000    2.864965000000
             109  H      3.371413000000   -1.103355000000    2.403803000000
             110  H      3.026784000000    0.310610000000    3.426020000000
             111  H      3.475840000000   -0.846786000000   -0.222792000000
             112  H      4.182004000000    0.717530000000   -0.706031000000
             113  H      5.406471000000   -1.293301000000    1.289100000000
             114  H      5.751865000000   -1.103438000000   -0.444058000000
             115  H      8.061638000000   -0.886189000000    0.724850000000
             116  H      6.999177000000   -1.262533000000    2.695578000000
             117  H      7.120649000000    0.440640000000    3.321926000000
             118  H      8.609292000000   -0.538290000000    3.152203000000
             119  H      9.754223000000    0.688469000000    1.641068000000
             120  H     10.146186000000    2.109411000000   -0.346165000000
             121  H      7.568765000000    1.069623000000   -1.622744000000
             122  H      7.881125000000    2.824843000000   -1.066417000000
             123  H      8.824672000000    2.073822000000   -2.344240000000
             124  H      9.345776000000   -0.748777000000   -1.266474000000
             125  H     11.835173000000    0.931283000000   -0.980857000000
             126  H     10.238904000000   -2.206277000000   -2.344748000000
             127  H     11.832711000000   -2.607398000000   -3.191078000000
             128  H     11.614793000000   -3.033137000000   -1.453304000000
             129  H     13.877705000000   -0.006057000000   -1.769012000000
             130  H     10.418696000000    2.678390000000    2.444422000000
             131  H      9.282104000000    1.744165000000    3.430637000000
             132  H      8.993668000000    3.479334000000    3.247550000000
             133  H      1.945774000000    4.405201000000    2.336691000000
             134  H      1.168260000000    3.688264000000    0.838042000000
             135  H      2.959025000000    3.818139000000    0.974318000000
             136  H     -1.406666000000    5.944481000000   -0.641317000000
             137  H     -1.234478000000    5.409873000000   -2.351682000000
