-------------------------------------------------------------
----------------------- !PROPERTIES! ------------------------
-------------------------------------------------------------
# -----------------------------------------------------------
$ SCF_Energy
   description: The SCF energy
   geom. index: 1
   prop. index: 1
        SCF Energy:    -1076.9398300510
# -----------------------------------------------------------
$ DFT_Energy
   description: The DFT energy
   geom. index: 1
   prop. index: 1
   Number of Alpha Electrons                 89.9999716868 
   Number of Beta  Electrons                 89.9999716868 
   Total number of  Electrons               179.9999433736 
   Exchange energy                         -116.9591589937 
   Correlation energy                        -7.1648340293 
   Correlation energy NL                      0.0000000000 
   Exchange-Correlation energy             -124.1239930230 
   Embedding correction                       0.0000000000 
   Total DFT Energy (No VdW correction)   -1076.9398300510 
# -----------------------------------------------------------
$ Mayer_Pop
   description: The Mayer population analysis
   geom. index: 1
   prop. index: 1
     Number of atoms                     : 49
     Threshold for printing              : 0.1000000
     Number of bond orders printed       : 52
  NA   - Mulliken gross atomic population
  ZA   - Total nuclear charge
  QA   - Mulliken gross atomic charge
  VA   - Mayer's total valence
  BVA  - Mayer's bonded valence
  FA   - Mayer's free valence
  ATOM       NA         ZA         QA         VA         BVA        FA
  0   0     5.9207     6.0000     0.0793     3.8905     3.8905    -0.0000
  1   0     6.0221     6.0000    -0.0221     3.9587     3.9587    -0.0000
  2   0     6.1102     6.0000    -0.1102     3.7876     3.7876     0.0000
  3   0     5.8294     6.0000     0.1706     3.8038     3.8038    -0.0000
  4   0     6.0058     6.0000    -0.0058     3.7676     3.7676     0.0000
  5   0     6.0218     6.0000    -0.0218     3.8105     3.8105    -0.0000
  6   0     5.9998     6.0000     0.0002     3.8013     3.8013     0.0000
  7   0     5.9266     6.0000     0.0734     4.0491     4.0491    -0.0000
  8   0     8.3051     8.0000    -0.3051     2.1682     2.1682    -0.0000
  9   0     5.8130     6.0000     0.1870     3.8636     3.8636    -0.0000
 10   0     6.2025     6.0000    -0.2025     3.7294     3.7294    -0.0000
 11   0     5.7506     6.0000     0.2494     3.7064     3.7064     0.0000
 12   0     5.8285     6.0000     0.1715     4.0224     4.0224     0.0000
 13   0     6.1321     6.0000    -0.1321     3.7031     3.7031     0.0000
 14   0     5.9458     6.0000     0.0542     3.7092     3.7092     0.0000
 15   0     8.2701     8.0000    -0.2701     2.1887     2.1887     0.0000
 16   0     8.3605     8.0000    -0.3605     2.1672     2.1672     0.0000
 17   0     5.8198     6.0000     0.1802     3.9279     3.9279     0.0000
 18   0     5.8738     6.0000     0.1262     3.9360     3.9360     0.0000
 19   0     6.0041     6.0000    -0.0041     3.8150     3.8150    -0.0000
 20   0     5.9760     6.0000     0.0240     3.8951     3.8951     0.0000
 21   0     5.9738     6.0000     0.0262     3.8233     3.8233    -0.0000
 22   0     6.2491     6.0000    -0.2491     4.1700     4.1700     0.0000
 23   0     5.8924     6.0000     0.1076     3.9335     3.9335     0.0000
 24   0     5.9194     6.0000     0.0806     3.9082     3.9082     0.0000
 25   0     1.0030     1.0000    -0.0030     0.9974     0.9974     0.0000
 26   0     0.9697     1.0000     0.0303     0.9863     0.9863     0.0000
 27   0     0.9714     1.0000     0.0286     0.9884     0.9884     0.0000
 28   0     1.0590     1.0000    -0.0590     0.9854     0.9854     0.0000
 29   0     1.0467     1.0000    -0.0467     0.9965     0.9965    -0.0000
 30   0     1.0468     1.0000    -0.0468     0.9841     0.9841    -0.0000
 31   0     1.0484     1.0000    -0.0484     1.0135     1.0135    -0.0000
 32   0     1.0473     1.0000    -0.0473     1.0007     1.0007    -0.0000
 33   0     0.7954     1.0000     0.2046     0.9999     0.9999    -0.0000
 34   0     0.9759     1.0000     0.0241     0.9870     0.9870    -0.0000
 35   0     0.9782     1.0000     0.0218     0.9839     0.9839    -0.0000
 36   0     0.9630     1.0000     0.0370     0.9832     0.9832     0.0000
 37   0     0.9909     1.0000     0.0091     1.0006     1.0006     0.0000
 38   0     0.9970     1.0000     0.0030     1.0062     1.0062     0.0000
 39   0     0.9923     1.0000     0.0077     1.0045     1.0045     0.0000
 40   0     1.0310     1.0000    -0.0310     1.0017     1.0017    -0.0000
 41   0     1.0224     1.0000    -0.0224     1.0287     1.0287    -0.0000
 42   0     1.0435     1.0000    -0.0435     0.9906     0.9906     0.0000
 43   0     0.9664     1.0000     0.0336     0.9878     0.9878     0.0000
 44   0     0.9966     1.0000     0.0034     0.9918     0.9918    -0.0000
 45   0     0.9611     1.0000     0.0389     0.9889     0.9889    -0.0000
 46   0     1.0029     1.0000    -0.0029     0.9958     0.9958    -0.0000
 47   0     0.9683     1.0000     0.0317     0.9899     0.9899    -0.0000
 48   0     0.9694     1.0000     0.0306     0.9901     0.9901     0.0000
      Bond orders larger than 0.1000000
           Atom A     A.N. of A          Atom B    A.N. of B              Bond order
                0             6               1            6                1.057399
                0             6              25            1                0.953411
                0             6              26            1                0.950460
                0             6              27            1                0.954772
                1             6               2            6                1.369421
                1             6               6            6                1.384796
                2             6               3            6                1.307211
                2             6              28            1                1.000051
                3             6               4            6                1.411978
                3             6              14            6                1.025647
                4             6               5            6                1.352329
                4             6               7            6                0.943490
                5             6               6            6                1.347051
                5             6              29            1                0.981387
                6             6              30            1                0.984311
                7             6               8            8                0.930411
                7             6              18            6                1.097438
                7             6              19            6                0.942696
                8             8               9            6                1.115412
                9             6              10            6                1.294487
                9             6              14            6                1.325949
               10             6              11            6                1.238017
               10             6              13            6                0.108951
               10             6              31            1                1.004065
               11             6              12            6                1.342207
               11             6              16            8                1.089288
               12             6              13            6                1.323359
               12             6              15            8                1.231465
               13             6              14            6                1.283722
               13             6              32            1                1.006721
               15             8              33            1                0.924717
               16             8              17            6                0.966050
               17             6              34            1                0.961021
               17             6              35            1                0.970165
               17             6              36            1                0.972830
               18             6              37            1                0.939459
               18             6              38            1                0.938682
               18             6              39            1                0.943483
               19             6              20            6                1.796434
               19             6              40            1                0.989786
               20             6              21            6                1.055054
               20             6              41            1                0.932304
               21             6              22            6                1.790443
               21             6              42            1                0.990618
               22             6              23            6                1.093004
               22             6              24            6                1.064289
               23             6              43            1                0.942746
               23             6              44            1                0.945478
               23             6              45            1                0.939694
               24             6              46            1                0.949257
               24             6              47            1                0.960022
               24             6              48            1                0.956212
# -----------------------------------------------------------
$ Calculation_Info
   description: Details of the calculation
   geom. index: 1
   prop. index: 1
     Multiplicity:                          1
     Charge:                                0
     number of atoms:                       49
     number of electrons:                   0
     number of frozen core electrons:       1
     number of correlated electrons:        0
     number of basis functions:             470
     number of aux C basis functions:       0
     number of aux J basis functions:       1489
     number of aux JK basis functions:      0
     number of aux CABS basis functions:    0
     Total Energy                           -1076.939830
# -----------------------------------------------------------
$ SCF_Electric_Properties
   description: The SCF Calculated Electric Properties
   geom. index: 1
   prop. index: 1
       Filename                          : 93.scfp 
       Do Dipole Moment Calculation      : true 
       Do Quadrupole Moment Calculation  : false 
       Do Polarizability Calculation     : true 
** Dipole moment part of electric properties **
        Magnitude of dipole moment (Debye) :        1.8999951204
        Electronic Contribution:
                  0    
      0     -27.504897
      1       0.243610
      2       0.147468
        Nuclear Contribution:
                  0    
      0      28.011035
      1      -0.217725
      2      -0.696932
        Total Dipole moment:
                  0    
      0       0.506138
      1       0.025885
      2      -0.549465
** Polarizabilities part of electric properties **
        Isotropic polarizability :      269.8981720375
        The raw cartesian tensor (atomic units):
                  0          1          2    
      0     375.539980  -0.336408  15.620867
      1      -0.336408 153.566388   5.798966
      2      15.620867   5.798966 280.588148
        Diagonalised polarizability tensor :
                  0    
      0     153.297220
      1     278.351965
      2     378.045330
# -------------------------------------------------------------
----------------------- !GEOMETRIES! ------------------------
# -------------------------------------------------------------
------------------------ !GEOMETRY! -------------------------
    Number of atoms:    49 
    Geometry Index:     1 
    Coordinates:
               0 C     -1.156129000000    0.178095000000    5.105467000000
               1 C     -0.720122000000    0.261338000000    3.694132000000
               2 C     -1.699431000000    0.184313000000    2.705779000000
               3 C     -1.319641000000    0.259390000000    1.378120000000
               4 C     -0.012438000000    0.407144000000    0.996888000000
               5 C      0.955437000000    0.482475000000    2.003831000000
               6 C      0.593801000000    0.409422000000    3.327001000000
               7 C      0.397267000000    0.487579000000   -0.414306000000
               8 O     -0.680024000000    0.396575000000   -1.272399000000
               9 C     -1.994229000000    0.249528000000   -0.946451000000
              10 C     -3.002258000000    0.168744000000   -1.912872000000
              11 C     -4.329243000000    0.020276000000   -1.584821000000
              12 C     -4.716917000000   -0.055092000000   -0.273235000000
              13 C     -3.734227000000    0.022742000000    0.703774000000
              14 C     -2.404747000000    0.171455000000    0.376179000000
              15 O     -6.068991000000   -0.207198000000    0.092495000000
              16 O     -5.307223000000   -0.057050000000   -2.562990000000
              17 C     -4.970757000000    0.014362000000   -3.929447000000
              18 C      0.988144000000    1.889430000000   -0.609884000000
              19 C      1.424386000000   -0.544910000000   -0.748972000000
              20 C      2.715231000000   -0.292256000000   -0.759073000000
              21 C      3.717182000000   -1.321309000000   -1.091323000000
              22 C      4.995886000000   -1.057278000000   -1.097644000000
              23 C      5.465275000000    0.303332000000   -0.765330000000
              24 C      5.968298000000   -2.111726000000   -1.434897000000
              25 H     -0.302059000000    0.337799000000    5.777028000000
              26 H     -1.549147000000   -0.855972000000    5.325082000000
              27 H     -1.950763000000    0.931832000000    5.315268000000
              28 H     -2.725142000000    0.068411000000    3.004028000000
              29 H      1.984677000000    0.598749000000    1.706198000000
              30 H      1.327520000000    0.465327000000    4.135811000000
              31 H     -2.667538000000    0.231256000000   -2.947610000000
              32 H     -4.039042000000   -0.036519000000    1.735611000000
              33 H     -6.767364000000   -0.261614000000   -0.636030000000
              34 H     -4.250914000000    0.869681000000   -4.069280000000
              35 H     -4.458530000000   -0.913714000000   -4.243187000000
              36 H     -5.864658000000    0.235015000000   -4.551544000000
              37 H      1.574960000000    1.938968000000   -1.556290000000
              38 H      1.626223000000    2.193894000000    0.215550000000
              39 H      0.169920000000    2.629542000000   -0.723737000000
              40 H      1.071442000000   -1.535930000000   -0.990290000000
              41 H      3.013028000000    0.720952000000   -0.508574000000
              42 H      3.325132000000   -2.312296000000   -1.330362000000
              43 H      5.199059000000    0.525718000000    0.285003000000
              44 H      6.565419000000    0.382073000000   -0.929504000000
              45 H      4.952840000000    0.995653000000   -1.489418000000
              46 H      6.983472000000   -1.693494000000   -1.495699000000
              47 H      5.728977000000   -2.632972000000   -2.398294000000
              48 H      5.947955000000   -2.854076000000   -0.609782000000
