-------------------------------------------------------------
----------------------- !PROPERTIES! ------------------------
-------------------------------------------------------------
# -----------------------------------------------------------
$ SCF_Energy
   description: The SCF energy
   geom. index: 1
   prop. index: 1
        SCF Energy:    -1857.6952830096
# -----------------------------------------------------------
$ DFT_Energy
   description: The DFT energy
   geom. index: 1
   prop. index: 1
   Number of Alpha Electrons                124.9998360966 
   Number of Beta  Electrons                124.9998360966 
   Total number of  Electrons               249.9996721933 
   Exchange energy                         -169.8502760231 
   Correlation energy                       -10.2251425341 
   Correlation energy NL                      0.0000000000 
   Exchange-Correlation energy             -180.0754185573 
   Embedding correction                       0.0000000000 
   Total DFT Energy (No VdW correction)   -1857.6952830096 
# -----------------------------------------------------------
$ Mayer_Pop
   description: The Mayer population analysis
   geom. index: 1
   prop. index: 1
     Number of atoms                     : 63
     Threshold for printing              : 0.1000000
     Number of bond orders printed       : 65
  NA   - Mulliken gross atomic population
  ZA   - Total nuclear charge
  QA   - Mulliken gross atomic charge
  VA   - Mayer's total valence
  BVA  - Mayer's bonded valence
  FA   - Mayer's free valence
  ATOM       NA         ZA         QA         VA         BVA        FA
  0   0     5.8891     6.0000     0.1109     3.9017     3.9017     0.0000
  1   0     6.4687     6.0000    -0.4687     4.1257     4.1257    -0.0000
  2   0     5.9229     6.0000     0.0771     3.9038     3.9038    -0.0000
  3   0     5.9226     6.0000     0.0774     3.9165     3.9165    -0.0000
  4   0    13.4170    14.0000     0.5830     4.3349     4.3349    -0.0000
  5   0     6.1865     6.0000    -0.1865     3.8998     3.8998     0.0000
  6   0     6.2025     6.0000    -0.2025     3.8947     3.8947    -0.0000
  7   0     8.5001     8.0000    -0.5001     2.0908     2.0908     0.0000
  8   0     5.6980     6.0000     0.3020     3.8762     3.8762     0.0000
  9   0     5.9695     6.0000     0.0305     4.0992     4.0992    -0.0000
 10   0     5.8149     6.0000     0.1851     3.7665     3.7665    -0.0000
 11   0     5.9623     6.0000     0.0377     4.2882     4.2882    -0.0000
 12   0     8.1705     8.0000    -0.1705     2.3039     2.3039     0.0000
 13   0     6.1445     6.0000    -0.1445     3.6311     3.6311     0.0000
 14   0     6.0078     6.0000    -0.0078     4.0211     4.0211     0.0000
 15   0     8.3035     8.0000    -0.3035     2.1221     2.1221    -0.0000
 16   0     6.0628     6.0000    -0.0628     3.8078     3.8078     0.0000
 17   0     6.0097     6.0000    -0.0097     3.7977     3.7977     0.0000
 18   0     5.7261     6.0000     0.2739     3.9174     3.9174    -0.0000
 19   0     8.2937     8.0000    -0.2937     2.2246     2.2246     0.0000
 20   0     5.6099     6.0000     0.3901     4.0363     4.0363     0.0000
 21   0     8.3821     8.0000    -0.3821     2.1202     2.1202     0.0000
 22   0     5.7374     6.0000     0.2626     3.8941     3.8941     0.0000
 23   0     6.0503     6.0000    -0.0503     3.8879     3.8879     0.0000
 24   0     6.0020     6.0000    -0.0020     3.8303     3.8303     0.0000
 25   0     5.9699     6.0000     0.0301     3.8551     3.8551     0.0000
 26   0     5.9893     6.0000     0.0107     3.8564     3.8564    -0.0000
 27   0     5.9545     6.0000     0.0455     3.7968     3.7968    -0.0000
 28   0     5.9700     6.0000     0.0300     3.8252     3.8252     0.0000
 29   0    24.9663    25.0000     0.0337     1.1787     1.1787    -0.0000
 30   0     0.9932     1.0000     0.0068     0.9871     0.9871    -0.0000
 31   0     0.9966     1.0000     0.0034     0.9978     0.9978     0.0000
 32   0     1.0051     1.0000    -0.0051     0.9994     0.9994    -0.0000
 33   0     1.0033     1.0000    -0.0033     0.9917     0.9917     0.0000
 34   0     0.9992     1.0000     0.0008     0.9972     0.9972    -0.0000
 35   0     0.9823     1.0000     0.0177     1.0175     1.0175     0.0000
 36   0     1.0001     1.0000    -0.0001     0.9960     0.9960    -0.0000
 37   0     0.9843     1.0000     0.0157     0.9926     0.9926     0.0000
 38   0     0.9905     1.0000     0.0095     0.9976     0.9976    -0.0000
 39   0     0.9609     1.0000     0.0391     0.9856     0.9856     0.0000
 40   0     0.9469     1.0000     0.0531     0.9904     0.9904     0.0000
 41   0     0.9555     1.0000     0.0445     0.9880     0.9880    -0.0000
 42   0     0.9598     1.0000     0.0402     0.9960     0.9960     0.0000
 43   0     0.9600     1.0000     0.0400     0.9905     0.9905     0.0000
 44   0     0.9569     1.0000     0.0431     0.9893     0.9893    -0.0000
 45   0     1.0009     1.0000    -0.0009     0.9873     0.9873     0.0000
 46   0     0.9880     1.0000     0.0120     0.9790     0.9790     0.0000
 47   0     0.9696     1.0000     0.0304     1.0074     1.0074    -0.0000
 48   0     0.9820     1.0000     0.0180     1.0239     1.0239    -0.0000
 49   0     0.9320     1.0000     0.0680     0.9874     0.9874    -0.0000
 50   0     0.9981     1.0000     0.0019     1.0087     1.0087     0.0000
 51   0     1.0059     1.0000    -0.0059     1.0032     1.0032    -0.0000
 52   0     0.9479     1.0000     0.0521     1.0035     1.0035    -0.0000
 53   0     0.9863     1.0000     0.0137     0.9902     0.9902    -0.0000
 54   0     1.0194     1.0000    -0.0194     1.0036     1.0036     0.0000
 55   0     1.0123     1.0000    -0.0123     0.9850     0.9850     0.0000
 56   0     0.9993     1.0000     0.0007     0.9832     0.9832    -0.0000
 57   0     0.9964     1.0000     0.0036     0.9867     0.9867     0.0000
 58   0     1.0446     1.0000    -0.0446     0.9830     0.9830     0.0000
 59   0     1.0317     1.0000    -0.0317     0.9755     0.9755     0.0000
 60   0     1.0246     1.0000    -0.0246     0.9749     0.9749    -0.0000
 61   0     1.0307     1.0000    -0.0307     0.9764     0.9764    -0.0000
 62   0     1.0312     1.0000    -0.0312     1.0117     1.0117    -0.0000
      Bond orders larger than 0.1000000
           Atom A     A.N. of A          Atom B    A.N. of B              Bond order
                0             6               1            6                1.034030
                0             6              30            1                0.960157
                0             6              31            1                0.962459
                0             6              32            1                0.950853
                1             6               2            6                1.031341
                1             6               3            6                1.040611
                1             6               4           14                0.918756
                2             6              33            1                0.959352
                2             6              34            1                0.956684
                2             6              35            1                0.951734
                3             6              36            1                0.946995
                3             6              37            1                0.964564
                3             6              38            1                0.961873
                4            14               5            6                1.062345
                4            14               6            6                1.031287
                4            14               7            8                0.993845
                5             6              39            1                0.938921
                5             6              40            1                0.947854
                5             6              41            1                0.940420
                6             6              42            1                0.949956
                6             6              43            1                0.952453
                6             6              44            1                0.940633
                7             8               8            6                0.973700
                8             6               9            6                1.017980
                8             6              45            1                0.923724
                8             6              46            1                0.907632
                9             6              10            6                0.985826
                9             6              15            8                1.043957
                9             6              17            6                0.926095
               10             6              11            6                1.014027
               10             6              47            1                0.882581
               10             6              48            1                0.902490
               11             6              12            8                2.209888
               11             6              13            6                0.896489
               13             6              14            6                0.905372
               13             6              29           53                1.049322
               13             6              49            1                0.860251
               14             6              15            8                1.043092
               14             6              16            6                0.957696
               14             6              18            6                0.994915
               16             6              17            6                1.775529
               16             6              50            1                0.990710
               17             6              51            1                1.026095
               18             6              19            8                1.048903
               18             6              52            1                0.883116
               18             6              53            1                0.928844
               19             8              20            6                1.107008
               20             6              21            8                0.946632
               20             6              54            1                0.915727
               20             6              55            1                0.935658
               21             8              22            6                1.021142
               22             6              23            6                0.988692
               22             6              56            1                0.922266
               22             6              57            1                0.915055
               23             6              24            6                1.376330
               23             6              28            6                1.421327
               24             6              25            6                1.373426
               24             6              58            1                1.002554
               25             6              26            6                1.392581
               25             6              59            1                0.988500
               26             6              27            6                1.400755
               26             6              60            1                0.985369
               27             6              28            6                1.333083
               27             6              61            1                0.991736
               28             6              62            1                1.001428
# -----------------------------------------------------------
$ Calculation_Info
   description: Details of the calculation
   geom. index: 1
   prop. index: 1
     Multiplicity:                          1
     Charge:                                0
     number of atoms:                       63
     number of electrons:                   0
     number of frozen core electrons:       1
     number of correlated electrons:        0
     number of basis functions:             601
     number of aux C basis functions:       0
     number of aux J basis functions:       1844
     number of aux JK basis functions:      0
     number of aux CABS basis functions:    0
     Total Energy                           -1857.695283
# -----------------------------------------------------------
$ SCF_Electric_Properties
   description: The SCF Calculated Electric Properties
   geom. index: 1
   prop. index: 1
       Filename                          : 292.scfp 
       Do Dipole Moment Calculation      : true 
       Do Quadrupole Moment Calculation  : false 
       Do Polarizability Calculation     : true 
** Dipole moment part of electric properties **
        Magnitude of dipole moment (Debye) :        5.4070385278
        Electronic Contribution:
                  0    
      0     137.680254
      1     221.305938
      2     248.367782
        Nuclear Contribution:
                  0    
      0     -138.217987
      1     -222.667602
      2     -249.911124
        Total Dipole moment:
                  0    
      0      -0.537733
      1      -1.361665
      2      -1.543342
** Polarizabilities part of electric properties **
        Isotropic polarizability :      297.1086141933
        The raw cartesian tensor (atomic units):
                  0          1          2    
      0     329.304917  -2.338542  19.617108
      1      -2.338542 279.892663  47.425952
      2      19.617108  47.425952 282.128262
        Diagonalised polarizability tensor :
                  0    
      0     231.122714
      1     317.747727
      2     342.455401
# -------------------------------------------------------------
----------------------- !GEOMETRIES! ------------------------
# -------------------------------------------------------------
------------------------ !GEOMETRY! -------------------------
    Number of atoms:    63 
    Geometry Index:     1 
    Coordinates:
               0 C     -5.441093000000   -1.561716000000   -2.052091000000
               1 C     -4.609764000000   -1.505112000000   -0.780906000000
               2 C     -3.378561000000   -2.365290000000   -1.037159000000
               3 C     -5.352428000000   -2.169549000000    0.377345000000
               4 Si    -4.139027000000    0.247404000000   -0.346238000000
               5 C     -5.502578000000    0.979827000000    0.682854000000
               6 C     -3.982718000000    1.227662000000   -1.919132000000
               7 O     -2.684863000000    0.203430000000    0.534414000000
               8 C     -1.948443000000    1.361068000000    0.440503000000
               9 C     -0.697645000000    1.189205000000    1.259332000000
              10 C     -1.121602000000    0.884380000000    2.691504000000
              11 C     -0.168144000000    1.585770000000    3.617202000000
              12 O     -0.613929000000    2.024651000000    4.662513000000
              13 C      1.251520000000    1.713257000000    3.228190000000
              14 C      1.341293000000    1.758590000000    1.707625000000
              15 O      0.137059000000    2.275959000000    1.256990000000
              16 C      1.405362000000    0.373310000000    1.198522000000
              17 C      0.150798000000    0.083301000000    0.812225000000
              18 C      2.522848000000    2.561143000000    1.278440000000
              19 O      2.720356000000    2.725976000000   -0.044757000000
              20 C      2.951178000000    1.655848000000   -0.844598000000
              21 O      4.090156000000    0.925520000000   -0.495145000000
              22 C      4.178597000000   -0.126840000000   -1.408086000000
              23 C      5.380310000000   -0.972179000000   -1.109989000000
              24 C      5.637293000000   -2.056907000000   -1.899299000000
              25 C      6.735297000000   -2.831657000000   -1.629171000000
              26 C      7.567487000000   -2.500070000000   -0.557391000000
              27 C      7.280652000000   -1.398722000000    0.220379000000
              28 C      6.185435000000   -0.630295000000   -0.053175000000
              29 I      2.075691000000    3.522531000000    4.006522000000
              30 H     -6.163926000000   -0.738047000000   -2.117311000000
              31 H     -4.758158000000   -1.619023000000   -2.908213000000
              32 H     -5.988958000000   -2.534219000000   -2.012993000000
              33 H     -3.019328000000   -2.247208000000   -2.075737000000
              34 H     -3.537122000000   -3.408610000000   -0.748261000000
              35 H     -2.577092000000   -1.959337000000   -0.377407000000
              36 H     -5.746114000000   -3.129298000000    0.015161000000
              37 H     -4.581771000000   -2.396012000000    1.151009000000
              38 H     -6.163721000000   -1.533459000000    0.760039000000
              39 H     -5.284565000000    2.029035000000    0.971508000000
              40 H     -5.551159000000    0.387127000000    1.634202000000
              41 H     -6.475520000000    0.901140000000    0.190334000000
              42 H     -3.303316000000    2.089247000000   -1.801094000000
              43 H     -3.635959000000    0.628865000000   -2.763820000000
              44 H     -4.983993000000    1.626904000000   -2.165551000000
              45 H     -1.636544000000    1.458822000000   -0.635415000000
              46 H     -2.499101000000    2.279948000000    0.686800000000
              47 H     -1.050081000000   -0.202647000000    2.896225000000
              48 H     -2.167695000000    1.186581000000    2.876491000000
              49 H      1.799914000000    0.831495000000    3.592935000000
              50 H      2.279927000000   -0.261849000000    1.155310000000
              51 H     -0.070077000000   -0.830498000000    0.274853000000
              52 H      2.401102000000    3.603426000000    1.719109000000
              53 H      3.434651000000    2.151965000000    1.817603000000
              54 H      2.125956000000    0.975949000000   -1.050135000000
              55 H      3.216277000000    2.079747000000   -1.872681000000
              56 H      3.252572000000   -0.723320000000   -1.454475000000
              57 H      4.356835000000    0.282221000000   -2.444946000000
              58 H      5.006050000000   -2.326207000000   -2.729059000000
              59 H      7.012925000000   -3.702058000000   -2.197396000000
              60 H      8.438050000000   -3.125077000000   -0.353349000000
              61 H      7.947577000000   -1.177650000000    1.037161000000
              62 H      5.951827000000    0.221550000000    0.537678000000
