-------------------------------------------------------------
----------------------- !PROPERTIES! ------------------------
-------------------------------------------------------------
# -----------------------------------------------------------
$ SCF_Energy
   description: The SCF energy
   geom. index: 1
   prop. index: 1
        SCF Energy:    -2037.9112290960
# -----------------------------------------------------------
$ DFT_Energy
   description: The DFT energy
   geom. index: 1
   prop. index: 1
   Number of Alpha Electrons                114.9999873178 
   Number of Beta  Electrons                114.9999873178 
   Total number of  Electrons               229.9999746356 
   Exchange energy                         -172.9514320117 
   Correlation energy                        -9.7067337544 
   Correlation energy NL                      0.0000000000 
   Exchange-Correlation energy             -182.6581657661 
   Embedding correction                       0.0000000000 
   Total DFT Energy (No VdW correction)   -2037.9112290960 
# -----------------------------------------------------------
$ Mayer_Pop
   description: The Mayer population analysis
   geom. index: 1
   prop. index: 1
     Number of atoms                     : 57
     Threshold for printing              : 0.1000000
     Number of bond orders printed       : 80
  NA   - Mulliken gross atomic population
  ZA   - Total nuclear charge
  QA   - Mulliken gross atomic charge
  VA   - Mayer's total valence
  BVA  - Mayer's bonded valence
  FA   - Mayer's free valence
  ATOM       NA         ZA         QA         VA         BVA        FA
  0   0     6.0555     6.0000    -0.0555     4.0128     4.0128    -0.0000
  1   0     5.8870     6.0000     0.1130     4.0368     4.0368     0.0000
  2   0     7.3879     7.0000    -0.3879     3.1354     3.1354     0.0000
  3   0     5.8768     6.0000     0.1232     3.9656     3.9656    -0.0000
  4   0     5.6858     6.0000     0.3142     3.5835     3.5835    -0.0000
  5   0     5.5967     6.0000     0.4033     3.0957     3.0957     0.0000
  6   0     6.6020     6.0000    -0.6020     3.0577     3.0577    -0.0000
  7   0     5.5482     6.0000     0.4518     3.6792     3.6792     0.0000
  8   0     6.9490     7.0000     0.0510     3.3552     3.3552    -0.0000
  9   0     5.5392     6.0000     0.4608     3.2585     3.2585    -0.0000
 10   0     5.8944     6.0000     0.1056     3.5998     3.5998     0.0000
 11   0     6.1092     6.0000    -0.1092     3.7313     3.7313    -0.0000
 12   0     6.0108     6.0000    -0.0108     3.9101     3.9101    -0.0000
 13   0     5.8672     6.0000     0.1328     3.7231     3.7231     0.0000
 14   0     6.0898     6.0000    -0.0898     3.8247     3.8247    -0.0000
 15   0     5.9304     6.0000     0.0696     4.0590     4.0590     0.0000
 16   0     7.1450     7.0000    -0.1450     3.1116     3.1116    -0.0000
 17   0     5.8857     6.0000     0.1143     3.9185     3.9185     0.0000
 18   0     5.8166     6.0000     0.1834     3.3035     3.3035     0.0000
 19   0    17.1072    17.0000    -0.1072     1.1043     1.1043     0.0000
 20   0     5.9248     6.0000     0.0752     3.9946     3.9946    -0.0000
 21   0     5.8026     6.0000     0.1974     4.0048     4.0048     0.0000
 22   0     8.3259     8.0000    -0.3259     2.0793     2.0793    -0.0000
 23   0     8.3358     8.0000    -0.3358     2.1433     2.1433     0.0000
 24   0    14.9316    15.0000     0.0684     5.5399     5.5399    -0.0000
 25   0     7.8823     8.0000     0.1177     2.1839     2.1839     0.0000
 26   0     8.0148     8.0000    -0.0148     1.6215     1.6215     0.0000
 27   0     7.4572     8.0000     0.5428     2.2250     2.2250     0.0000
 28   0     0.9719     1.0000     0.0281     0.9820     0.9820    -0.0000
 29   0     0.9538     1.0000     0.0462     0.9986     0.9986     0.0000
 30   0     0.9678     1.0000     0.0322     0.9834     0.9834    -0.0000
 31   0     0.9631     1.0000     0.0369     0.9786     0.9786    -0.0000
 32   0     0.9933     1.0000     0.0067     0.9890     0.9890     0.0000
 33   0     0.9897     1.0000     0.0103     0.9942     0.9942    -0.0000
 34   0     1.1513     1.0000    -0.1513     1.0284     1.0284    -0.0000
 35   0     1.0540     1.0000    -0.0540     1.0347     1.0347     0.0000
 36   0     1.0317     1.0000    -0.0317     1.0174     1.0174    -0.0000
 37   0     1.5403     1.0000    -0.5403     0.9479     0.9479    -0.0000
 38   0     0.9261     1.0000     0.0739     1.2611     1.2611    -0.0000
 39   0     1.2480     1.0000    -0.2480     1.2704     1.2704    -0.0000
 40   0     1.0980     1.0000    -0.0980     1.0097     1.0097     0.0000
 41   0     0.9528     1.0000     0.0472     1.0390     1.0390    -0.0000
 42   0     1.0503     1.0000    -0.0503     1.0182     1.0182    -0.0000
 43   0     0.8924     1.0000     0.1076     1.0336     1.0336     0.0000
 44   0     1.0803     1.0000    -0.0803     0.9997     0.9997    -0.0000
 45   0     1.0375     1.0000    -0.0375     0.9948     0.9948     0.0000
 46   0     1.0454     1.0000    -0.0454     1.0187     1.0187    -0.0000
 47   0     1.0248     1.0000    -0.0248     0.9854     0.9854    -0.0000
 48   0     1.0675     1.0000    -0.0675     1.0516     1.0516    -0.0000
 49   0     0.9903     1.0000     0.0097     1.0050     1.0050     0.0000
 50   0     0.9912     1.0000     0.0088     0.9947     0.9947     0.0000
 51   0     0.9787     1.0000     0.0213     1.0026     1.0026    -0.0000
 52   0     0.9820     1.0000     0.0180     1.0020     1.0020     0.0000
 53   0     0.8275     1.0000     0.1725     1.0090     1.0090    -0.0000
 54   0     0.8318     1.0000     0.1682     1.1135     1.1135    -0.0000
 55   0     0.7840     1.0000     0.2160     1.0014     1.0014    -0.0000
 56   0     1.9151     1.0000    -0.9151     1.2817     1.2817     0.0000
      Bond orders larger than 0.1000000
           Atom A     A.N. of A          Atom B    A.N. of B              Bond order
                0             6               1            6                1.084474
                0             6              28            1                0.962673
                0             6              29            1                0.957400
                0             6              30            1                0.962854
                1             6               2            7                0.951959
                1             6              31            1                0.954777
                1             6              32            1                0.939107
                2             7               3            6                1.004183
                2             7              20            6                0.964103
                2             7              54            1                0.157750
                3             6               4            6                1.060906
                3             6              33            1                0.871494
                3             6              34            1                0.758631
                4             6               5            6                0.973633
                4             6              35            1                0.805113
                4             6              36            1                0.848535
                4             6              37            1               -0.125443
                5             6               6            6                0.372348
                5             6              24           15                0.817871
                5             6              25            8                0.716445
                5             6              38            1                0.114522
                5             6              39            1                0.121197
                6             6               7            6                0.842777
                6             6               8            7                0.402864
                6             6              24           15                0.576760
                6             6              25            8               -0.160031
                6             6              26            8                0.422955
                6             6              27            8               -0.138268
                6             6              37            1                0.320102
                7             6              24           15                0.131303
                7             6              40            1                0.841357
                7             6              41            1                0.885848
                7             6              42            1                0.935711
                8             7               9            6                0.518858
                8             7              24           15                0.177314
                8             7              27            8                0.984508
                8             7              43            1                0.781269
                8             7              56            1                0.219597
                9             6              10            6                1.091788
                9             6              18            6                0.629392
                9             6              24           15                0.122543
                9             6              27            8                0.693403
               10             6              11            6                1.286552
               10             6              15            6                1.245151
               11             6              12            6                1.297845
               11             6              44            1                0.997170
               12             6              13            6                1.397756
               12             6              45            1                0.980410
               13             6              14            6                1.295325
               13             6              19           17                0.953860
               14             6              15            6                1.280079
               14             6              46            1                0.998831
               15             6              16            7                1.368140
               16             7              17            6                1.586103
               17             6              18            6                1.304868
               17             6              47            1                0.942478
               18             6              48            1                0.721619
               18             6              56            1                0.564323
               20             6              21            6                1.068853
               20             6              49            1                0.916626
               20             6              50            1                0.931386
               21             6              22            8                1.017528
               21             6              51            1                0.940859
               21             6              52            1                0.923861
               22             8              53            1                0.973601
               23             8              24           15                1.064666
               23             8              54            1                0.851781
               24            15              25            8                0.762367
               24            15              26            8                0.220730
               24            15              27            8                0.334093
               24            15              37            1                0.236761
               24            15              38            1                0.224462
               24            15              39            1                0.584897
               25             8              37            1                0.146865
               25             8              38            1                0.558710
               26             8              55            1                0.736087
               27             8              56            1                0.218351
               34             1              55            1                0.149716
               37             1              38            1                0.179056
               48             1              56            1                0.240249
# -----------------------------------------------------------
$ Calculation_Info
   description: Details of the calculation
   geom. index: 1
   prop. index: 1
     Multiplicity:                          1
     Charge:                                0
     number of atoms:                       57
     number of electrons:                   0
     number of frozen core electrons:       1
     number of correlated electrons:        0
     number of basis functions:             545
     number of aux C basis functions:       0
     number of aux J basis functions:       1695
     number of aux JK basis functions:      0
     number of aux CABS basis functions:    0
     Total Energy                           -2037.911229
# -----------------------------------------------------------
$ SCF_Electric_Properties
   description: The SCF Calculated Electric Properties
   geom. index: 1
   prop. index: 1
       Filename                          : 20.scfp 
       Do Dipole Moment Calculation      : true 
       Do Quadrupole Moment Calculation  : false 
       Do Polarizability Calculation     : true 
** Dipole moment part of electric properties **
        Magnitude of dipole moment (Debye) :       13.2863904774
        Electronic Contribution:
                  0    
      0      61.476502
      1     -15.227035
      2       0.375464
        Nuclear Contribution:
                  0    
      0     -66.677324
      1      15.395123
      2      -0.871875
        Total Dipole moment:
                  0    
      0      -5.200822
      1       0.168089
      2      -0.496411
** Polarizabilities part of electric properties **
        Isotropic polarizability :        0.0000000000
        The raw cartesian tensor (atomic units):
                  0          1          2    
      0       0.000000   0.000000   0.000000
      1       0.000000   0.000000   0.000000
      2       0.000000   0.000000   0.000000
        Diagonalised polarizability tensor :
                  0    
      0       0.000000
      1       0.000000
      2       0.000000
# -------------------------------------------------------------
----------------------- !GEOMETRIES! ------------------------
# -------------------------------------------------------------
------------------------ !GEOMETRY! -------------------------
    Number of atoms:    57 
    Geometry Index:     1 
    Coordinates:
               0 C     -4.987612000000    0.680406000000   -1.380745000000
               1 C     -3.717407000000   -0.057253000000   -1.562630000000
               2 N     -3.029051000000   -0.408753000000   -0.277938000000
               3 C     -2.619795000000    0.833125000000    0.233151000000
               4 C     -1.856834000000    0.959642000000    1.482221000000
               5 C     -0.544787000000    0.250960000000    1.557584000000
               6 C      0.434758000000    0.728260000000    0.503707000000
               7 C      0.708800000000    2.208343000000    0.655170000000
               8 N      1.730614000000    0.050364000000    0.642397000000
               9 C      2.733234000000    0.258071000000   -0.313852000000
              10 C      4.001778000000   -0.293199000000   -0.125887000000
              11 C      4.307524000000   -1.028642000000    0.992727000000
              12 C      5.595481000000   -1.558918000000    1.139924000000
              13 C      6.575645000000   -1.365788000000    0.190569000000
              14 C      6.220629000000   -0.622502000000   -0.912307000000
              15 C      4.969740000000   -0.074317000000   -1.113068000000
              16 N      4.688045000000    0.649806000000   -2.218195000000
              17 C      3.464028000000    1.167537000000   -2.376039000000
              18 C      2.455340000000    1.000749000000   -1.455375000000
              19 Cl     8.189896000000   -2.025653000000    0.366933000000
              20 C     -3.954890000000   -1.223966000000    0.407660000000
              21 C     -3.361470000000   -1.989487000000    1.555714000000
              22 O     -4.352038000000   -2.782622000000    2.184078000000
              23 O     -0.786190000000   -1.349447000000   -0.405790000000
              24 P      0.149400000000   -0.183871000000    0.365086000000
              25 O      0.155041000000   -0.533405000000    1.853307000000
              26 O     -0.490323000000    1.358588000000    0.229832000000
              27 O      1.743022000000   -0.259411000000   -0.159020000000
              28 H     -4.984428000000    1.678044000000   -1.925484000000
              29 H     -5.302876000000    0.922851000000   -0.363553000000
              30 H     -5.864452000000    0.153472000000   -1.877386000000
              31 H     -3.871872000000   -0.990436000000   -2.157289000000
              32 H     -2.994105000000    0.575353000000   -2.105754000000
              33 H     -3.551224000000    1.482523000000    0.361763000000
              34 H     -2.054475000000    1.354722000000   -0.595234000000
              35 H     -1.648523000000    2.111652000000    1.561487000000
              36 H     -2.491014000000    0.817792000000    2.366922000000
              37 H     -0.103047000000    0.415188000000    2.560141000000
              38 H     -0.718502000000   -0.834883000000    1.452764000000
              39 H     -0.016357000000    0.563673000000   -0.481565000000
              40 H      1.794578000000    2.370749000000    0.550515000000
              41 H      0.470002000000    2.563115000000    1.685228000000
              42 H      0.196402000000    2.775192000000   -0.121613000000
              43 H      1.782181000000   -0.547870000000    1.474775000000
              44 H      3.575453000000   -1.192358000000    1.737087000000
              45 H      5.838051000000   -2.143500000000    2.035881000000
              46 H      6.980674000000   -0.447658000000   -1.689245000000
              47 H      3.226463000000    1.756626000000   -3.269407000000
              48 H      1.468215000000    1.402623000000   -1.574494000000
              49 H     -4.810355000000   -0.591169000000    0.783010000000
              50 H     -4.405489000000   -2.022646000000   -0.267175000000
              51 H     -2.607491000000   -2.736034000000    1.178528000000
              52 H     -2.881358000000   -1.347906000000    2.288641000000
              53 H     -4.678081000000   -3.445276000000    1.532854000000
              54 H     -1.644187000000   -1.015807000000   -0.742067000000
              55 H     -1.160683000000    1.470083000000   -0.459821000000
              56 H      2.033919000000    0.513270000000   -0.681526000000
