-------------------------------------------------------------
----------------------- !PROPERTIES! ------------------------
-------------------------------------------------------------
# -----------------------------------------------------------
$ SCF_Energy
   description: The SCF energy
   geom. index: 1
   prop. index: 1
        SCF Energy:    -1176.2653363555
# -----------------------------------------------------------
$ DFT_Energy
   description: The DFT energy
   geom. index: 1
   prop. index: 1
   Number of Alpha Electrons                 80.9999073964 
   Number of Beta  Electrons                 80.9999073964 
   Total number of  Electrons               161.9998147928 
   Exchange energy                         -111.4728122471 
   Correlation energy                        -6.5360468542 
   Correlation energy NL                      0.0000000000 
   Exchange-Correlation energy             -118.0088591013 
   Embedding correction                       0.0000000000 
   Total DFT Energy (No VdW correction)   -1176.2653363555 
# -----------------------------------------------------------
$ Mayer_Pop
   description: The Mayer population analysis
   geom. index: 1
   prop. index: 1
     Number of atoms                     : 46
     Threshold for printing              : 0.1000000
     Number of bond orders printed       : 47
  NA   - Mulliken gross atomic population
  ZA   - Total nuclear charge
  QA   - Mulliken gross atomic charge
  VA   - Mayer's total valence
  BVA  - Mayer's bonded valence
  FA   - Mayer's free valence
  ATOM       NA         ZA         QA         VA         BVA        FA
  0   0     5.9163     6.0000     0.0837     3.8980     3.8980     0.0000
  1   0     6.4672     6.0000    -0.4672     4.1138     4.1138     0.0000
  2   0     5.9153     6.0000     0.0847     3.9396     3.9396     0.0000
  3   0     5.9142     6.0000     0.0858     3.9180     3.9180    -0.0000
  4   0    13.3615    14.0000     0.6385     4.2276     4.2276    -0.0000
  5   0     6.2268     6.0000    -0.2268     3.9282     3.9282    -0.0000
  6   0     6.1900     6.0000    -0.1900     3.9003     3.9003     0.0000
  7   0     8.4999     8.0000    -0.4999     2.0897     2.0897     0.0000
  8   0     5.6936     6.0000     0.3064     3.9096     3.9096     0.0000
  9   0     5.9592     6.0000     0.0408     4.0557     4.0557    -0.0000
 10   0     5.8126     6.0000     0.1874     3.7518     3.7518     0.0000
 11   0     6.1024     6.0000    -0.1024     4.4780     4.4780    -0.0000
 12   0     8.1787     8.0000    -0.1787     2.2879     2.2879    -0.0000
 13   0     5.7964     6.0000     0.2036     3.6849     3.6849    -0.0000
 14   0     6.0962     6.0000    -0.0962     4.1267     4.1267     0.0000
 15   0     8.3369     8.0000    -0.3369     2.0936     2.0936    -0.0000
 16   0     6.0231     6.0000    -0.0231     3.7658     3.7658    -0.0000
 17   0     5.9967     6.0000     0.0033     3.8072     3.8072    -0.0000
 18   0     5.6996     6.0000     0.3004     3.9210     3.9210     0.0000
 19   0     8.3113     8.0000    -0.3113     2.1142     2.1142    -0.0000
 20   0     1.0072     1.0000    -0.0072     0.9975     0.9975     0.0000
 21   0     0.9780     1.0000     0.0220     1.0005     1.0005     0.0000
 22   0     0.9989     1.0000     0.0011     0.9969     0.9969    -0.0000
 23   0     0.9971     1.0000     0.0029     0.9912     0.9912     0.0000
 24   0     0.9965     1.0000     0.0035     0.9893     0.9893     0.0000
 25   0     0.9962     1.0000     0.0038     0.9890     0.9890     0.0000
 26   0     1.0047     1.0000    -0.0047     0.9980     0.9980    -0.0000
 27   0     0.9939     1.0000     0.0061     0.9914     0.9914     0.0000
 28   0     0.9958     1.0000     0.0042     0.9963     0.9963    -0.0000
 29   0     0.9533     1.0000     0.0467     0.9910     0.9910    -0.0000
 30   0     0.9598     1.0000     0.0402     0.9856     0.9856    -0.0000
 31   0     0.9556     1.0000     0.0444     0.9899     0.9899    -0.0000
 32   0     0.9590     1.0000     0.0410     0.9902     0.9902     0.0000
 33   0     0.9629     1.0000     0.0371     0.9857     0.9857     0.0000
 34   0     0.9576     1.0000     0.0424     0.9904     0.9904    -0.0000
 35   0     1.0033     1.0000    -0.0033     0.9900     0.9900    -0.0000
 36   0     1.0127     1.0000    -0.0127     0.9890     0.9890     0.0000
 37   0     0.9869     1.0000     0.0131     1.0283     1.0283     0.0000
 38   0     0.9645     1.0000     0.0355     1.0055     1.0055     0.0000
 39   0     0.9992     1.0000     0.0008     1.0198     1.0198     0.0000
 40   0     0.9795     1.0000     0.0205     1.0102     1.0102     0.0000
 41   0     1.0103     1.0000    -0.0103     1.0091     1.0091     0.0000
 42   0     1.0099     1.0000    -0.0099     1.0008     1.0008    -0.0000
 43   0     1.0014     1.0000    -0.0014     0.9866     0.9866    -0.0000
 44   0     0.9959     1.0000     0.0041     1.0016     1.0016     0.0000
 45   0     0.8221     1.0000     0.1779     1.0128     1.0128    -0.0000
      Bond orders larger than 0.1000000
           Atom A     A.N. of A          Atom B    A.N. of B              Bond order
                0             6               1            6                1.028761
                0             6              20            1                0.954786
                0             6              21            1                0.959676
                0             6              22            1                0.962474
                1             6               2            6                1.060208
                1             6               3            6                1.043857
                1             6               4           14                0.884114
                2             6              23            1                0.943640
                2             6              24            1                0.959320
                2             6              25            1                0.962076
                3             6              26            1                0.956401
                3             6              27            1                0.961351
                3             6              28            1                0.954923
                4            14               5            6                1.030270
                4            14               6            6                1.042485
                4            14               7            8                1.029842
                5             6              29            1                0.957283
                5             6              30            1                0.951072
                5             6              31            1                0.938723
                6             6              32            1                0.945456
                6             6              33            1                0.948676
                6             6              34            1                0.952780
                7             8               8            6                0.975737
                8             6               9            6                1.028875
                8             6              35            1                0.915750
                8             6              36            1                0.920974
                9             6              10            6                0.975571
                9             6              15            8                1.013043
                9             6              17            6                0.926979
               10             6              11            6                1.025621
               10             6              37            1                0.898649
               10             6              38            1                0.879517
               11             6              12            8                2.202854
               11             6              13            6                0.971537
               13             6              14            6                0.986885
               13             6              39            1                0.884588
               13             6              40            1                0.884923
               14             6              15            8                1.010772
               14             6              16            6                0.953210
               14             6              18            6                1.004402
               16             6              17            6                1.797192
               16             6              41            1                1.003008
               17             6              42            1                1.028588
               18             6              19            8                1.042529
               18             6              43            1                0.931201
               18             6              44            1                0.926483
               19             8              45            1                0.968315
# -----------------------------------------------------------
$ Calculation_Info
   description: Details of the calculation
   geom. index: 1
   prop. index: 1
     Multiplicity:                          1
     Charge:                                0
     number of atoms:                       46
     number of electrons:                   0
     number of frozen core electrons:       1
     number of correlated electrons:        0
     number of basis functions:             414
     number of aux C basis functions:       0
     number of aux J basis functions:       1268
     number of aux JK basis functions:      0
     number of aux CABS basis functions:    0
     Total Energy                           -1176.265336
# -----------------------------------------------------------
$ SCF_Electric_Properties
   description: The SCF Calculated Electric Properties
   geom. index: 1
   prop. index: 1
       Filename                          : 293.scfp 
       Do Dipole Moment Calculation      : true 
       Do Quadrupole Moment Calculation  : false 
       Do Polarizability Calculation     : true 
** Dipole moment part of electric properties **
        Magnitude of dipole moment (Debye) :        1.8540280871
        Electronic Contribution:
                  0    
      0     -28.455501
      1      -3.123583
      2      -2.123064
        Nuclear Contribution:
                  0    
      0      28.834504
      1       3.437957
      2       2.661185
        Total Dipole moment:
                  0    
      0       0.379003
      1       0.314373
      2       0.538121
** Polarizabilities part of electric properties **
        Isotropic polarizability :      183.7128360935
        The raw cartesian tensor (atomic units):
                  0          1          2    
      0     218.118375  -6.800657   2.312690
      1      -6.800657 161.301048   9.212796
      2       2.312690   9.212796 171.719086
        Diagonalised polarizability tensor :
                  0    
      0     155.138610
      1     177.046477
      2     218.953421
# -------------------------------------------------------------
----------------------- !GEOMETRIES! ------------------------
# -------------------------------------------------------------
------------------------ !GEOMETRY! -------------------------
    Number of atoms:    46 
    Geometry Index:     1 
    Coordinates:
               0 C      2.726519000000   -0.106059000000    1.919753000000
               1 C      3.330330000000    0.033565000000    0.542110000000
               2 C      4.559436000000   -0.852130000000    0.497265000000
               3 C      3.845560000000    1.473176000000    0.438805000000
               4 Si     2.152468000000   -0.372805000000   -0.812998000000
               5 C      2.098127000000    1.078500000000   -1.998210000000
               6 C      2.841276000000   -1.829052000000   -1.777729000000
               7 O      0.604778000000   -0.795156000000   -0.272727000000
               8 C     -0.341128000000    0.184820000000   -0.554777000000
               9 C     -1.707913000000   -0.153087000000   -0.095012000000
              10 C     -2.215735000000   -1.479253000000   -0.595830000000
              11 C     -3.570076000000   -1.272823000000   -1.144822000000
              12 O     -3.891214000000   -1.818834000000   -2.169672000000
              13 C     -4.517073000000   -0.397434000000   -0.429361000000
              14 C     -3.681801000000    0.610845000000    0.358574000000
              15 O     -2.561488000000    0.892236000000   -0.429250000000
              16 C     -3.146364000000    0.023058000000    1.608021000000
              17 C     -1.842169000000   -0.169719000000    1.395292000000
              18 C     -4.477634000000    1.858329000000    0.609352000000
              19 O     -5.570143000000    1.531245000000    1.388830000000
              20 H      3.509062000000   -0.388651000000    2.658163000000
              21 H      1.942409000000   -0.880898000000    1.945694000000
              22 H      2.349139000000    0.899034000000    2.252115000000
              23 H      5.169694000000   -0.719085000000    1.409483000000
              24 H      4.285289000000   -1.928119000000    0.461994000000
              25 H      5.219669000000   -0.603235000000   -0.374564000000
              26 H      4.812473000000    1.510233000000    0.989680000000
              27 H      3.160893000000    2.183471000000    0.924975000000
              28 H      4.071883000000    1.727790000000   -0.613541000000
              29 H      1.816877000000    2.012843000000   -1.482183000000
              30 H      1.380444000000    0.799913000000   -2.796591000000
              31 H      3.080408000000    1.197316000000   -2.459961000000
              32 H      3.812759000000   -1.553709000000   -2.236764000000
              33 H      2.086481000000   -2.065772000000   -2.563714000000
              34 H      2.905673000000   -2.691256000000   -1.105663000000
              35 H     -0.382740000000    0.425297000000   -1.637237000000
              36 H     -0.010909000000    1.104819000000   -0.043929000000
              37 H     -1.551931000000   -1.923839000000   -1.364087000000
              38 H     -2.320408000000   -2.228827000000    0.237079000000
              39 H     -5.163680000000    0.191564000000   -1.119098000000
              40 H     -5.172764000000   -0.983973000000    0.233550000000
              41 H     -3.735635000000   -0.186734000000    2.484463000000
              42 H     -1.095744000000   -0.302030000000    2.158690000000
              43 H     -4.751057000000    2.291158000000   -0.378529000000
              44 H     -3.808421000000    2.581041000000    1.132285000000
              45 H     -6.245619000000    1.092227000000    0.809364000000
