-------------------------------------------------------------
----------------------- !PROPERTIES! ------------------------
-------------------------------------------------------------
# -----------------------------------------------------------
$ SCF_Energy
   description: The SCF energy
   geom. index: 1
   prop. index: 1
        SCF Energy:    -1258.1731745275
# -----------------------------------------------------------
$ DFT_Energy
   description: The DFT energy
   geom. index: 1
   prop. index: 1
   Number of Alpha Electrons                 92.9998574471 
   Number of Beta  Electrons                 92.9998574471 
   Total number of  Electrons               185.9997148943 
   Exchange energy                         -123.6133143850 
   Correlation energy                        -7.4227916507 
   Correlation energy NL                      0.0000000000 
   Exchange-Correlation energy             -131.0361060357 
   Embedding correction                       0.0000000000 
   Total DFT Energy (No VdW correction)   -1258.1731745275 
# -----------------------------------------------------------
$ Mayer_Pop
   description: The Mayer population analysis
   geom. index: 1
   prop. index: 1
     Number of atoms                     : 57
     Threshold for printing              : 0.1000000
     Number of bond orders printed       : 59
  NA   - Mulliken gross atomic population
  ZA   - Total nuclear charge
  QA   - Mulliken gross atomic charge
  VA   - Mayer's total valence
  BVA  - Mayer's bonded valence
  FA   - Mayer's free valence
  ATOM       NA         ZA         QA         VA         BVA        FA
  0   0     5.8775     6.0000     0.1225     3.9495     3.9495    -0.0000
  1   0     6.1467     6.0000    -0.1467     4.2289     4.2289     0.0000
  2   0     5.7860     6.0000     0.2140     3.9398     3.9398    -0.0000
  3   0     6.1298     6.0000    -0.1298     4.0096     4.0096     0.0000
  4   0     6.0371     6.0000    -0.0371     3.9225     3.9225     0.0000
  5   0     5.9456     6.0000     0.0544     4.0399     4.0399     0.0000
  6   0     5.9670     6.0000     0.0330     4.1514     4.1514     0.0000
  7   0     5.8892     6.0000     0.1108     3.9606     3.9606     0.0000
  8   0     5.8709     6.0000     0.1291     4.2517     4.2517    -0.0000
  9   0     5.8130     6.0000     0.1870     3.8575     3.8575    -0.0000
 10   0     6.1886     6.0000    -0.1886     4.4371     4.4371    -0.0000
 11   0     5.7697     6.0000     0.2303     3.9590     3.9590     0.0000
 12   0     8.3456     8.0000    -0.3456     2.0966     2.0966     0.0000
 13   0     5.6763     6.0000     0.3237     3.8721     3.8721    -0.0000
 14   0     8.5106     8.0000    -0.5106     2.0976     2.0976     0.0000
 15   0    13.4978    14.0000     0.5022     4.4341     4.4341    -0.0000
 16   0     6.1639     6.0000    -0.1639     3.8779     3.8779     0.0000
 17   0     6.1878     6.0000    -0.1878     3.9068     3.9068     0.0000
 18   0     6.4400     6.0000    -0.4400     4.1401     4.1401     0.0000
 19   0     5.9014     6.0000     0.0986     3.8899     3.8899     0.0000
 20   0     5.9139     6.0000     0.0861     3.8993     3.8993     0.0000
 21   0     5.9238     6.0000     0.0762     3.9005     3.9005     0.0000
 22   0     8.2825     8.0000    -0.2825     2.1386     2.1386     0.0000
 23   0     0.9792     1.0000     0.0208     1.0264     1.0264     0.0000
 24   0     1.0058     1.0000    -0.0058     0.9976     0.9976     0.0000
 25   0     1.0162     1.0000    -0.0162     0.9849     0.9849    -0.0000
 26   0     1.0245     1.0000    -0.0245     0.9797     0.9797     0.0000
 27   0     1.0135     1.0000    -0.0135     0.9828     0.9828     0.0000
 28   0     1.0080     1.0000    -0.0080     0.9775     0.9775    -0.0000
 29   0     1.0232     1.0000    -0.0232     0.9799     0.9799    -0.0000
 30   0     1.0256     1.0000    -0.0256     0.9846     0.9846     0.0000
 31   0     1.0244     1.0000    -0.0244     0.9978     0.9978     0.0000
 32   0     1.0223     1.0000    -0.0223     0.9924     0.9924    -0.0000
 33   0     1.0020     1.0000    -0.0020     0.9951     0.9951    -0.0000
 34   0     1.0398     1.0000    -0.0398     0.9648     0.9648    -0.0000
 35   0     0.9715     1.0000     0.0285     1.0276     1.0276    -0.0000
 36   0     1.0248     1.0000    -0.0248     0.9928     0.9928    -0.0000
 37   0     1.0045     1.0000    -0.0045     1.0232     1.0232     0.0000
 38   0     1.0190     1.0000    -0.0190     0.9963     0.9963     0.0000
 39   0     1.0043     1.0000    -0.0043     0.9807     0.9807    -0.0000
 40   0     1.0086     1.0000    -0.0086     0.9914     0.9914    -0.0000
 41   0     0.9621     1.0000     0.0379     0.9852     0.9852     0.0000
 42   0     0.9576     1.0000     0.0424     0.9932     0.9932     0.0000
 43   0     0.9542     1.0000     0.0458     0.9921     0.9921     0.0000
 44   0     0.9484     1.0000     0.0516     0.9936     0.9936    -0.0000
 45   0     0.9546     1.0000     0.0454     0.9866     0.9866     0.0000
 46   0     0.9509     1.0000     0.0491     0.9939     0.9939    -0.0000
 47   0     0.9973     1.0000     0.0027     0.9961     0.9961    -0.0000
 48   0     0.9994     1.0000     0.0006     0.9955     0.9955    -0.0000
 49   0     0.9966     1.0000     0.0034     0.9876     0.9876    -0.0000
 50   0     1.0018     1.0000    -0.0018     0.9979     0.9979    -0.0000
 51   0     0.9821     1.0000     0.0179     0.9923     0.9923    -0.0000
 52   0     1.0019     1.0000    -0.0019     0.9962     0.9962    -0.0000
 53   0     1.0073     1.0000    -0.0073     0.9895     0.9895    -0.0000
 54   0     1.0010     1.0000    -0.0010     0.9946     0.9946    -0.0000
 55   0     0.9707     1.0000     0.0293     1.0105     1.0105     0.0000
 56   0     0.8322     1.0000     0.1678     1.0160     1.0160    -0.0000
      Bond orders larger than 0.1000000
           Atom A     A.N. of A          Atom B    A.N. of B              Bond order
                0             6               1            6                1.092695
                0             6              23            1                0.943078
                0             6              24            1                0.946141
                0             6              25            1                0.956247
                1             6               2            6                1.107934
                1             6               6            6                0.982799
                1             6              26            1                0.898041
                2             6               3            6                1.016828
                2             6              27            1                0.915622
                2             6              28            1                0.892423
                3             6               4            6                1.891820
                3             6              29            1                0.974476
                4             6               5            6                0.956479
                4             6              30            1                0.988387
                5             6               6            6                1.064942
                5             6              11            6                1.104895
                5             6              31            1                0.838472
                6             6               7            6                1.032169
                6             6              12            8                0.966456
                7             6               8            6                1.067189
                7             6              32            1                0.911596
                7             6              33            1                0.899125
                8             6               9            6                1.038533
                8             6              22            8                1.076500
                8             6              34            1                0.902002
                9             6              10            6                1.031092
                9             6              35            1                0.896795
                9             6              36            1                0.907949
               10             6              11            6                1.074128
               10             6              12            8                1.015948
               10             6              13            6                1.020572
               11             6              37            1                0.870267
               11             6              38            1                0.892266
               13             6              14            8                0.954952
               13             6              39            1                0.909128
               13             6              40            1                0.920541
               14             8              15           14                1.010122
               15            14              16            6                1.043382
               15            14              17            6                1.055365
               15            14              18            6                0.928239
               16             6              41            1                0.942816
               16             6              42            1                0.935036
               16             6              43            1                0.955553
               17             6              44            1                0.950414
               17             6              45            1                0.952225
               17             6              46            1                0.930926
               18             6              19            6                1.034768
               18             6              20            6                1.029709
               18             6              21            6                1.043495
               19             6              47            1                0.953859
               19             6              48            1                0.949010
               19             6              49            1                0.948895
               20             6              50            1                0.952105
               20             6              51            1                0.959835
               20             6              52            1                0.963200
               21             6              53            1                0.944892
               21             6              54            1                0.958572
               21             6              55            1                0.954270
               22             8              56            1                0.957903
# -----------------------------------------------------------
$ Calculation_Info
   description: Details of the calculation
   geom. index: 1
   prop. index: 1
     Multiplicity:                          1
     Charge:                                0
     number of atoms:                       57
     number of electrons:                   0
     number of frozen core electrons:       1
     number of correlated electrons:        0
     number of basis functions:             496
     number of aux C basis functions:       0
     number of aux J basis functions:       1503
     number of aux JK basis functions:      0
     number of aux CABS basis functions:    0
     Total Energy                           -1258.173175
# -----------------------------------------------------------
$ SCF_Electric_Properties
   description: The SCF Calculated Electric Properties
   geom. index: 1
   prop. index: 1
       Filename                          : 299.scfp 
       Do Dipole Moment Calculation      : true 
       Do Quadrupole Moment Calculation  : false 
       Do Polarizability Calculation     : true 
** Dipole moment part of electric properties **
        Magnitude of dipole moment (Debye) :        0.8769571115
        Electronic Contribution:
                  0    
      0     -14.061136
      1      -5.299982
      2      -3.256705
        Nuclear Contribution:
                  0    
      0      13.741383
      1       5.224193
      2       3.151592
        Total Dipole moment:
                  0    
      0      -0.319754
      1      -0.075788
      2      -0.105113
** Polarizabilities part of electric properties **
        Isotropic polarizability :      223.3418311100
        The raw cartesian tensor (atomic units):
                  0          1          2    
      0     259.919056   0.282327  -6.041301
      1       0.282327 199.627321   2.506919
      2      -6.041301   2.506919 210.479116
        Diagonalised polarizability tensor :
                  0    
      0     199.033552
      1     210.345369
      2     260.646572
# -------------------------------------------------------------
----------------------- !GEOMETRIES! ------------------------
# -------------------------------------------------------------
------------------------ !GEOMETRY! -------------------------
    Number of atoms:    57 
    Geometry Index:     1 
    Coordinates:
               0 C     -4.307626000000    1.591342000000    0.253954000000
               1 C     -4.387994000000    0.082629000000    0.132527000000
               2 C     -4.911389000000   -0.438609000000    1.451049000000
               3 C     -3.893325000000   -0.165955000000    2.511920000000
               4 C     -2.639670000000   -0.531963000000    2.222494000000
               5 C     -2.349309000000   -1.161867000000    0.915837000000
               6 C     -3.023803000000   -0.449356000000   -0.200019000000
               7 C     -3.144165000000   -1.269639000000   -1.460298000000
               8 C     -1.856365000000   -1.814276000000   -1.957652000000
               9 C     -0.765464000000   -0.795324000000   -1.855235000000
              10 C     -0.932359000000   -0.032298000000   -0.574208000000
              11 C     -0.876143000000   -0.951071000000    0.628179000000
              12 O     -2.136920000000    0.615767000000   -0.468814000000
              13 C      0.256844000000    0.918387000000   -0.463826000000
              14 O      1.395716000000    0.125264000000   -0.587775000000
              15 Si     2.839032000000    1.016284000000   -0.489288000000
              16 C      3.607401000000    1.305666000000   -2.160527000000
              17 C      2.603625000000    2.644475000000    0.354027000000
              18 C      4.059459000000    0.008782000000    0.536815000000
              19 C      5.308398000000    0.822671000000    0.671909000000
              20 C      4.373306000000   -1.306226000000   -0.134787000000
              21 C      3.414658000000   -0.275364000000    1.877919000000
              22 O     -1.451663000000   -2.983963000000   -1.343596000000
              23 H     -3.468609000000    1.874118000000    0.922854000000
              24 H     -4.115723000000    2.047323000000   -0.738611000000
              25 H     -5.280251000000    1.944671000000    0.614122000000
              26 H     -5.152443000000   -0.140271000000   -0.637207000000
              27 H     -5.824742000000    0.140898000000    1.694672000000
              28 H     -5.142727000000   -1.511867000000    1.429276000000
              29 H     -4.146159000000    0.299725000000    3.461373000000
              30 H     -1.877752000000   -0.345380000000    2.976740000000
              31 H     -2.609427000000   -2.233016000000    0.998064000000
              32 H     -3.917744000000   -2.060204000000   -1.334292000000
              33 H     -3.549842000000   -0.579711000000   -2.242671000000
              34 H     -1.981724000000   -2.057667000000   -3.053017000000
              35 H      0.214438000000   -1.323742000000   -1.808216000000
              36 H     -0.814672000000   -0.089128000000   -2.693859000000
              37 H     -0.335311000000   -1.883343000000    0.424786000000
              38 H     -0.349818000000   -0.454350000000    1.481003000000
              39 H      0.201434000000    1.695085000000   -1.257462000000
              40 H      0.244757000000    1.338556000000    0.557179000000
              41 H      2.895095000000    1.938987000000   -2.747011000000
              42 H      4.551890000000    1.856768000000   -2.007019000000
              43 H      3.818557000000    0.362818000000   -2.701221000000
              44 H      2.180006000000    2.476176000000    1.367437000000
              45 H      1.928127000000    3.259622000000   -0.289064000000
              46 H      3.609664000000    3.122823000000    0.444409000000
              47 H      5.136463000000    1.638397000000    1.419939000000
              48 H      5.532099000000    1.283172000000   -0.312375000000
              49 H      6.181698000000    0.185597000000    0.989409000000
              50 H      4.408240000000   -2.143235000000    0.616647000000
              51 H      3.580711000000   -1.589279000000   -0.861935000000
              52 H      5.336333000000   -1.318451000000   -0.657419000000
              53 H      3.893075000000   -1.134327000000    2.392392000000
              54 H      3.494299000000    0.598399000000    2.566957000000
              55 H      2.354982000000   -0.557414000000    1.704231000000
              56 H     -2.177167000000   -3.597107000000   -1.108087000000
