-------------------------------------------------------------
----------------------- !PROPERTIES! ------------------------
-------------------------------------------------------------
# -----------------------------------------------------------
$ SCF_Energy
   description: The SCF energy
   geom. index: 1
   prop. index: 1
        SCF Energy:    -1566.0293267155
# -----------------------------------------------------------
$ DFT_Energy
   description: The DFT energy
   geom. index: 1
   prop. index: 1
   Number of Alpha Electrons                 95.9999295683 
   Number of Beta  Electrons                 95.9999295683 
   Total number of  Electrons               191.9998591366 
   Exchange energy                         -139.1377251103 
   Correlation energy                        -7.8880996374 
   Correlation energy NL                      0.0000000000 
   Exchange-Correlation energy             -147.0258247477 
   Embedding correction                       0.0000000000 
   Total DFT Energy (No VdW correction)   -1566.0293267155 
# -----------------------------------------------------------
$ Mayer_Pop
   description: The Mayer population analysis
   geom. index: 1
   prop. index: 1
     Number of atoms                     : 43
     Threshold for printing              : 0.1000000
     Number of bond orders printed       : 46
  NA   - Mulliken gross atomic population
  ZA   - Total nuclear charge
  QA   - Mulliken gross atomic charge
  VA   - Mayer's total valence
  BVA  - Mayer's bonded valence
  FA   - Mayer's free valence
  ATOM       NA         ZA         QA         VA         BVA        FA
  0   0     5.9769     6.0000     0.0231     3.8262     3.8262    -0.0000
  1   0     5.9674     6.0000     0.0326     3.8347     3.8347    -0.0000
  2   0     6.0055     6.0000    -0.0055     3.8602     3.8602     0.0000
  3   0     6.0441     6.0000    -0.0441     3.9529     3.9529     0.0000
  4   0     6.0018     6.0000    -0.0018     3.8502     3.8502     0.0000
  5   0     5.9639     6.0000     0.0361     3.8423     3.8423    -0.0000
  6   0     5.8861     6.0000     0.1139     3.9744     3.9744     0.0000
  7   0     5.9871     6.0000     0.0129     4.1154     4.1154    -0.0000
  8   0     5.8520     6.0000     0.1480     3.9785     3.9785     0.0000
  9   0     7.3044     7.0000    -0.3044     3.1780     3.1780     0.0000
 10   0     5.7689     6.0000     0.2311     4.1654     4.1654     0.0000
 11   0     8.2293     8.0000    -0.2293     2.2947     2.2947    -0.0000
 12   0     6.0949     6.0000    -0.0949     3.7221     3.7221    -0.0000
 13   0     5.7932     6.0000     0.2068     3.9196     3.9196    -0.0000
 14   0     5.7930     6.0000     0.2070     4.1586     4.1586     0.0000
 15   0     8.2194     8.0000    -0.2194     2.2970     2.2970     0.0000
 16   0     8.2689     8.0000    -0.2689     2.0807     2.0807    -0.0000
 17   0     6.9230     7.0000     0.0770     3.0258     3.0258     0.0000
 18   0     6.0966     6.0000    -0.0966     4.0755     4.0755     0.0000
 19   0     5.8168     6.0000     0.1832     3.7423     3.7423     0.0000
 20   0     6.0408     6.0000    -0.0408     3.8015     3.8015    -0.0000
 21   0     5.9611     6.0000     0.0389     3.8739     3.8739    -0.0000
 22   0     5.9126     6.0000     0.0874     3.8308     3.8308     0.0000
 23   0     5.9627     6.0000     0.0373     3.8918     3.8918    -0.0000
 24   0     6.0347     6.0000    -0.0347     3.8476     3.8476    -0.0000
 25   0    17.0871    17.0000    -0.0871     1.1310     1.1310    -0.0000
 26   0     1.0214     1.0000    -0.0214     0.9766     0.9766    -0.0000
 27   0     1.0263     1.0000    -0.0263     0.9762     0.9762    -0.0000
 28   0     1.0451     1.0000    -0.0451     0.9865     0.9865     0.0000
 29   0     1.0378     1.0000    -0.0378     0.9853     0.9853    -0.0000
 30   0     1.0252     1.0000    -0.0252     0.9757     0.9757    -0.0000
 31   0     0.9929     1.0000     0.0071     0.9819     0.9819     0.0000
 32   0     1.0039     1.0000    -0.0039     0.9849     0.9849     0.0000
 33   0     0.9830     1.0000     0.0170     0.9952     0.9952    -0.0000
 34   0     0.9733     1.0000     0.0267     0.9900     0.9900    -0.0000
 35   0     0.9451     1.0000     0.0549     1.0281     1.0281     0.0000
 36   0     0.9777     1.0000     0.0223     1.0017     1.0017     0.0000
 37   0     0.9328     1.0000     0.0672     0.9837     0.9837     0.0000
 38   0     0.9709     1.0000     0.0291     0.9984     0.9984     0.0000
 39   0     1.0067     1.0000    -0.0067     1.0000     1.0000    -0.0000
 40   0     1.0155     1.0000    -0.0155     0.9991     0.9991    -0.0000
 41   0     1.0253     1.0000    -0.0253     0.9968     0.9968     0.0000
 42   0     1.0248     1.0000    -0.0248     0.9933     0.9933    -0.0000
      Bond orders larger than 0.1000000
           Atom A     A.N. of A          Atom B    A.N. of B              Bond order
                0             6               1            6                1.374861
                0             6               5            6                1.386505
                0             6              26            1                0.990604
                1             6               2            6                1.380508
                1             6              27            1                0.985118
                2             6               3            6                1.399628
                2             6              28            1                0.981263
                3             6               4            6                1.375297
                3             6               6            6                1.039958
                4             6               5            6                1.387756
                4             6              29            1                0.992607
                5             6              30            1                0.984595
                6             6               7            6                1.102865
                6             6              31            1                0.919494
                6             6              32            1                0.916647
                7             6               8            6                1.097258
                7             6              33            1                0.929379
                7             6              34            1                0.935225
                8             6               9            7                0.911927
                8             6              35            1                0.914340
                8             6              36            1                0.935345
                9             7              10            6                1.052469
                9             7              14            6                1.050887
               10             6              11            8                2.127816
               10             6              12            6                0.872455
               12             6              13            6                1.042695
               12             6              18            6                0.971134
               12             6              37            1                0.854817
               13             6              14            6                0.912868
               13             6              16            8                0.959301
               13             6              38            1                0.930451
               14             6              15            8                2.103433
               16             8              17            7                0.939800
               17             7              18            6                1.918298
               18             6              19            6                1.011353
               19             6              20            6                1.340242
               19             6              24            6                1.369270
               20             6              21            6                1.364153
               20             6              39            1                0.999162
               21             6              22            6                1.372358
               21             6              40            1                0.991052
               22             6              23            6                1.382721
               22             6              25           17                0.978449
               23             6              24            6                1.362681
               23             6              41            1                0.996639
               24             6              42            1                0.972949
# -----------------------------------------------------------
$ Calculation_Info
   description: Details of the calculation
   geom. index: 1
   prop. index: 1
     Multiplicity:                          1
     Charge:                                0
     number of atoms:                       43
     number of electrons:                   0
     number of frozen core electrons:       1
     number of correlated electrons:        0
     number of basis functions:             453
     number of aux C basis functions:       0
     number of aux J basis functions:       1463
     number of aux JK basis functions:      0
     number of aux CABS basis functions:    0
     Total Energy                           -1566.029327
# -----------------------------------------------------------
$ SCF_Electric_Properties
   description: The SCF Calculated Electric Properties
   geom. index: 1
   prop. index: 1
       Filename                          : 277.scfp 
       Do Dipole Moment Calculation      : true 
       Do Quadrupole Moment Calculation  : false 
       Do Polarizability Calculation     : true 
** Dipole moment part of electric properties **
        Magnitude of dipole moment (Debye) :        2.3576858482
        Electronic Contribution:
                  0    
      0      40.644666
      1       0.212571
      2      -0.527694
        Nuclear Contribution:
                  0    
      0     -40.589497
      1       0.590234
      2       0.989039
        Total Dipole moment:
                  0    
      0       0.055169
      1       0.802805
      2       0.461346
** Polarizabilities part of electric properties **
        Isotropic polarizability :      241.4630441145
        The raw cartesian tensor (atomic units):
                  0          1          2    
      0     332.786469  39.704090 -63.489287
      1      39.704090 212.400318  -2.077543
      2     -63.489287  -2.077543 179.202346
        Diagonalised polarizability tensor :
                  0    
      0     153.789204
      1     205.443242
      2     365.156686
# -------------------------------------------------------------
----------------------- !GEOMETRIES! ------------------------
# -------------------------------------------------------------
------------------------ !GEOMETRY! -------------------------
    Number of atoms:    43 
    Geometry Index:     1 
    Coordinates:
               0 C     -6.284822000000    0.185515000000    1.276045000000
               1 C     -5.487981000000    1.311732000000    1.114712000000
               2 C     -4.514568000000    1.337405000000    0.138141000000
               3 C     -4.290784000000    0.275248000000   -0.703018000000
               4 C     -5.096969000000   -0.851360000000   -0.532395000000
               5 C     -6.067500000000   -0.882368000000    0.438160000000
               6 C     -3.267697000000    0.248999000000   -1.760156000000
               7 C     -1.961988000000   -0.291556000000   -1.232213000000
               8 C     -1.499940000000    0.618839000000   -0.097997000000
               9 N     -0.237491000000    0.083790000000    0.400001000000
              10 C      1.089962000000    0.401004000000   -0.043406000000
              11 O      1.296664000000    1.086132000000   -1.080397000000
              12 C      2.039239000000   -0.203120000000    0.904715000000
              13 C      1.234072000000   -1.330974000000    1.513818000000
              14 C     -0.154973000000   -0.870491000000    1.442993000000
              15 O     -1.082856000000   -1.272530000000    2.190963000000
              16 O      1.508526000000   -2.378963000000    0.573539000000
              17 N      2.777342000000   -2.143342000000    0.080209000000
              18 C      3.134667000000   -0.938832000000    0.235811000000
              19 C      4.405249000000   -0.339721000000   -0.164203000000
              20 C      5.400973000000   -1.067352000000   -0.787468000000
              21 C      6.602828000000   -0.506147000000   -1.167284000000
              22 C      6.847334000000    0.833362000000   -0.927486000000
              23 C      5.871679000000    1.575257000000   -0.309296000000
              24 C      4.681006000000    0.999654000000    0.061910000000
              25 Cl     8.385584000000    1.533766000000   -1.418237000000
              26 H     -7.053334000000    0.165082000000    2.046954000000
              27 H     -5.606162000000    2.191167000000    1.742818000000
              28 H     -3.898663000000    2.218376000000    0.019486000000
              29 H     -4.974889000000   -1.722815000000   -1.159866000000
              30 H     -6.706013000000   -1.750071000000    0.587500000000
              31 H     -3.574229000000   -0.349446000000   -2.645619000000
              32 H     -3.078348000000    1.301832000000   -2.085981000000
              33 H     -2.140405000000   -1.319585000000   -0.859026000000
              34 H     -1.196594000000   -0.334136000000   -2.032147000000
              35 H     -2.231497000000    0.628730000000    0.728400000000
              36 H     -1.376183000000    1.659575000000   -0.445046000000
              37 H      2.408337000000    0.511393000000    1.665423000000
              38 H      1.580064000000   -1.598215000000    2.525441000000
              39 H      5.224228000000   -2.115943000000   -0.981590000000
              40 H      7.380828000000   -1.087549000000   -1.657595000000
              41 H      6.022796000000    2.619916000000   -0.105000000000
              42 H      3.892507000000    1.567744000000    0.553364000000
