-------------------------------------------------------------
----------------------- !PROPERTIES! ------------------------
-------------------------------------------------------------
# -------------------------------------------------------------
----------------------- !GEOMETRIES! ------------------------
# -------------------------------------------------------------
------------------------ !GEOMETRY! -------------------------
    Number of atoms:    50 
    Geometry Index:     1 
    Coordinates:
               0  C      5.337157000000   -1.040881000000   -1.589363000000
               1  C      4.601260000000   -0.535126000000   -0.379388000000
               2  C      5.402858000000    0.274164000000    0.579902000000
               3  C      3.171419000000   -0.272169000000   -0.447204000000
               4  C      2.718608000000    1.006068000000   -0.086068000000
               5  C      1.425888000000    1.234643000000    0.144648000000
               6  C      0.439740000000    0.320700000000    0.066784000000
               7  C      0.821900000000   -0.980941000000   -0.295159000000
               8  C      2.171330000000   -1.226972000000   -0.540033000000
               9  C     -0.096175000000   -2.118337000000   -0.372411000000
              10  C     -1.537457000000   -1.761318000000   -0.346849000000
              11  C     -1.874713000000   -0.314423000000   -0.443226000000
              12  C     -0.966322000000    0.599365000000    0.393491000000
              13  C     -1.425010000000    1.982154000000    0.119567000000
              14  C     -2.768865000000    2.199391000000    0.766240000000
              15  C     -3.636119000000    1.010354000000    0.778246000000
              16  C     -3.329727000000   -0.069825000000   -0.220551000000
              17  C     -4.012755000000   -1.324054000000    0.266547000000
              18  C     -4.080622000000    0.333298000000   -1.498139000000
              19  C     -1.128709000000    0.277673000000    1.831202000000
              20  O     -1.050529000000    1.271868000000    2.642369000000
              21  O     -1.353841000000   -0.965905000000    2.363326000000
              22  O      3.689346000000    2.057630000000   -0.000921000000
              23  H      4.771686000000   -1.776756000000   -2.204610000000
              24  H      5.759067000000   -0.222279000000   -2.224640000000
              25  H      6.257282000000   -1.579827000000   -1.222475000000
              26  H      4.540635000000   -1.632962000000    0.225720000000
              27  H      6.129598000000    0.973713000000    0.127733000000
              28  H      5.967021000000   -0.391252000000    1.335428000000
              29  H      4.722345000000    0.829788000000    1.280034000000
              30  H      1.125347000000    2.256307000000    0.421989000000
              31  H      2.520731000000   -2.261393000000   -0.803789000000
              32  H      0.156695000000   -2.744613000000    0.543578000000
              33  H      0.210272000000   -2.772208000000   -1.223976000000
              34  H     -2.019692000000   -2.280558000000   -1.236444000000
              35  H     -2.029293000000   -2.262226000000    0.520641000000
              36  H     -1.650116000000   -0.004165000000   -1.516886000000
              37  H     -1.542176000000    2.153813000000   -0.995493000000
              38  H     -0.783858000000    2.802038000000    0.498429000000
              39  H     -3.245003000000    3.104499000000    0.274082000000
              40  H     -2.594083000000    2.560742000000    1.809285000000
              41  H     -4.679084000000    1.338073000000    0.591312000000
              42  H     -3.667031000000    0.523460000000    1.798167000000
              43  H     -5.121816000000   -1.067599000000    0.208776000000
              44  H     -3.849274000000   -1.504076000000    1.349952000000
              45  H     -3.905263000000   -2.194511000000   -0.376660000000
              46  H     -3.534810000000    1.036497000000   -2.120486000000
              47  H     -5.057471000000    0.775995000000   -1.147741000000
              48  H     -4.377256000000   -0.587620000000   -2.029794000000
              49  H      3.376885000000    2.969764000000    0.225428000000
