-------------------------------------------------------------
----------------------- !PROPERTIES! ------------------------
-------------------------------------------------------------
# -----------------------------------------------------------
$ SCF_Energy
   description: The SCF energy
   geom. index: 1
   prop. index: 1
        SCF Energy:    -1127.7879480029
# -----------------------------------------------------------
$ DFT_Energy
   description: The DFT energy
   geom. index: 1
   prop. index: 1
   Number of Alpha Electrons                 87.9999748933 
   Number of Beta  Electrons                 87.9999748933 
   Total number of  Electrons               175.9999497866 
   Exchange energy                         -117.8881453344 
   Correlation energy                        -7.0975942659 
   Correlation energy NL                      0.0000000000 
   Exchange-Correlation energy             -124.9857396003 
   Embedding correction                       0.0000000000 
   Total DFT Energy (No VdW correction)   -1127.7879480029 
# -----------------------------------------------------------
$ Mayer_Pop
   description: The Mayer population analysis
   geom. index: 1
   prop. index: 1
     Number of atoms                     : 45
     Threshold for printing              : 0.1000000
     Number of bond orders printed       : 47
  NA   - Mulliken gross atomic population
  ZA   - Total nuclear charge
  QA   - Mulliken gross atomic charge
  VA   - Mayer's total valence
  BVA  - Mayer's bonded valence
  FA   - Mayer's free valence
  ATOM       NA         ZA         QA         VA         BVA        FA
  0   0     5.9858     6.0000     0.0142     4.0138     4.0138     0.0000
  1   0     6.0093     6.0000    -0.0093     4.1293     4.1293     0.0000
  2   0     5.9927     6.0000     0.0073     4.0554     4.0554    -0.0000
  3   0     5.9946     6.0000     0.0054     4.0972     4.0972     0.0000
  4   0     5.8137     6.0000     0.1863     3.9367     3.9367    -0.0000
  5   0     6.1312     6.0000    -0.1312     3.9079     3.9079    -0.0000
  6   0     6.1442     6.0000    -0.1442     3.8753     3.8753    -0.0000
  7   0     5.8354     6.0000     0.1646     3.8763     3.8763     0.0000
  8   0     6.1502     6.0000    -0.1502     4.0816     4.0816    -0.0000
  9   0     5.8954     6.0000     0.1046     3.8756     3.8756    -0.0000
 10   0     6.1184     6.0000    -0.1184     3.7765     3.7765     0.0000
 11   0     6.1250     6.0000    -0.1250     3.7674     3.7674     0.0000
 12   0     5.7425     6.0000     0.2575     4.1728     4.1728     0.0000
 13   0     8.1990     8.0000    -0.1990     2.3144     2.3144     0.0000
 14   0     8.2259     8.0000    -0.2259     2.2454     2.2454     0.0000
 15   0     5.7294     6.0000     0.2706     4.1369     4.1369     0.0000
 16   0     8.2002     8.0000    -0.2002     2.3169     2.3169     0.0000
 17   0     5.9730     6.0000     0.0270     4.0765     4.0765     0.0000
 18   0     5.9810     6.0000     0.0190     4.0104     4.0104    -0.0000
 19   0     5.8157     6.0000     0.1843     4.1981     4.1981     0.0000
 20   0     8.2278     8.0000    -0.2278     2.2935     2.2935     0.0000
 21   0     7.1489     7.0000    -0.1489     3.1594     3.1594    -0.0000
 22   0     5.8237     6.0000     0.1763     4.2159     4.2159    -0.0000
 23   0     8.2408     8.0000    -0.2408     2.2754     2.2754    -0.0000
 24   0     0.9776     1.0000     0.0224     0.9931     0.9931    -0.0000
 25   0     0.9917     1.0000     0.0083     0.9982     0.9982    -0.0000
 26   0     0.9873     1.0000     0.0127     0.9813     0.9813    -0.0000
 27   0     0.9959     1.0000     0.0041     0.9966     0.9966     0.0000
 28   0     1.0098     1.0000    -0.0098     0.9666     0.9666     0.0000
 29   0     0.9797     1.0000     0.0203     0.9987     0.9987     0.0000
 30   0     0.9896     1.0000     0.0104     0.9941     0.9941    -0.0000
 31   0     0.9733     1.0000     0.0267     0.9959     0.9959    -0.0000
 32   0     0.9815     1.0000     0.0185     0.9936     0.9936     0.0000
 33   0     0.9865     1.0000     0.0135     1.0166     1.0166    -0.0000
 34   0     0.9948     1.0000     0.0052     1.0007     1.0007    -0.0000
 35   0     0.9994     1.0000     0.0006     1.0298     1.0298     0.0000
 36   0     0.9857     1.0000     0.0143     0.9801     0.9801     0.0000
 37   0     0.9537     1.0000     0.0463     0.9950     0.9950     0.0000
 38   0     0.9467     1.0000     0.0533     1.0075     1.0075     0.0000
 39   0     1.0061     1.0000    -0.0061     0.9931     0.9931    -0.0000
 40   0     0.9783     1.0000     0.0217     0.9920     0.9920    -0.0000
 41   0     0.9773     1.0000     0.0227     0.9939     0.9939    -0.0000
 42   0     0.9821     1.0000     0.0179     0.9820     0.9820    -0.0000
 43   0     0.9750     1.0000     0.0250     0.9841     0.9841     0.0000
 44   0     0.8242     1.0000     0.1758     0.9931     0.9931     0.0000
      Bond orders larger than 0.1000000
           Atom A     A.N. of A          Atom B    A.N. of B              Bond order
                0             6               1            6                1.098384
                0             6              24            1                0.965211
                0             6              25            1                0.964326
                0             6              26            1                0.969338
                1             6               2            6                1.087963
                1             6              27            1                0.955278
                1             6              28            1                0.929818
                2             6               3            6                1.062644
                2             6              29            1                0.910404
                2             6              30            1                0.925810
                3             6               4            6                1.013251
                3             6              11            6                1.011108
                3             6              31            1                0.869315
                4             6               5            6                1.074570
                4             6              32            1                0.904588
                4             6              33            1                0.862524
                5             6               6            6                1.741833
                5             6              22            6                0.958225
                6             6               7            6                1.072736
                6             6              19            6                0.931003
                7             6               8            6                1.019571
                7             6              34            1                0.887987
                7             6              35            1                0.895364
                8             6               9            6                0.995313
                8             6              17            6                1.080929
                8             6              36            1                0.906943
                9             6              10            6                1.117297
                9             6              37            1                0.879950
                9             6              38            1                0.824947
               10             6              11            6                1.619893
               10             6              15            6                0.932940
               11             6              12            6                0.994826
               12             6              13            8                2.072820
               12             6              14            8                1.017076
               14             8              15            6                1.088525
               15             6              16            8                2.102084
               17             6              18            6                1.098522
               17             6              39            1                0.931336
               17             6              40            1                0.930789
               18             6              41            1                0.961501
               18             6              42            1                0.956580
               18             6              43            1                0.960172
               19             6              20            8                2.100623
               19             6              21            7                1.079932
               21             7              22            6                1.090702
               21             7              44            1                0.904366
               22             6              23            8                2.062318
# -----------------------------------------------------------
$ Calculation_Info
   description: Details of the calculation
   geom. index: 1
   prop. index: 1
     Multiplicity:                          1
     Charge:                                0
     number of atoms:                       45
     number of electrons:                   0
     number of frozen core electrons:       1
     number of correlated electrons:        0
     number of basis functions:             441
     number of aux C basis functions:       0
     number of aux J basis functions:       1407
     number of aux JK basis functions:      0
     number of aux CABS basis functions:    0
     Total Energy                           -1127.787948
# -----------------------------------------------------------
$ SCF_Electric_Properties
   description: The SCF Calculated Electric Properties
   geom. index: 1
   prop. index: 1
       Filename                          : 85.scfp 
       Do Dipole Moment Calculation      : true 
       Do Quadrupole Moment Calculation  : false 
       Do Polarizability Calculation     : true 
** Dipole moment part of electric properties **
        Magnitude of dipole moment (Debye) :        3.1170265395
        Electronic Contribution:
                  0    
      0      -1.375390
      1      -0.084852
      2       2.304347
        Nuclear Contribution:
                  0    
      0       0.778985
      1       1.149626
      2      -2.424298
        Total Dipole moment:
                  0    
      0      -0.596405
      1       1.064774
      2      -0.119952
** Polarizabilities part of electric properties **
        Isotropic polarizability :      208.9289850696
        The raw cartesian tensor (atomic units):
                  0          1          2    
      0     281.314900   2.177486  14.706220
      1       2.177486 205.256253 -19.302619
      2      14.706220 -19.302619 140.215802
        Diagonalised polarizability tensor :
                  0    
      0     133.445269
      1     210.509850
      2     282.831836
# -------------------------------------------------------------
----------------------- !GEOMETRIES! ------------------------
# -------------------------------------------------------------
------------------------ !GEOMETRY! -------------------------
    Number of atoms:    45 
    Geometry Index:     1 
    Coordinates:
               0 C      5.148175000000   -0.828381000000   -0.540827000000
               1 C      3.657269000000   -0.882687000000   -0.812696000000
               2 C      2.963861000000   -0.014618000000    0.171508000000
               3 C      1.451099000000   -0.038339000000    0.079084000000
               4 C      0.769921000000    0.956931000000    0.945130000000
               5 C     -0.087154000000    1.959286000000    0.165662000000
               6 C     -1.336977000000    1.982899000000   -0.113259000000
               7 C     -2.496994000000    1.060945000000    0.194049000000
               8 C     -2.377078000000   -0.299247000000   -0.591072000000
               9 C     -1.118923000000   -0.714404000000   -0.163594000000
              10 C     -0.310558000000   -1.800485000000    0.218503000000
              11 C      1.013109000000   -1.473027000000    0.355882000000
              12 C      1.665444000000   -2.695047000000    0.806137000000
              13 O      2.888691000000   -2.869243000000    1.080263000000
              14 O      0.701199000000   -3.691891000000    0.905371000000
              15 C     -0.515787000000   -3.193020000000    0.557060000000
              16 O     -1.649911000000   -3.764403000000    0.511400000000
              17 C     -3.509740000000   -1.185187000000   -0.096254000000
              18 C     -4.837500000000   -0.510356000000   -0.371997000000
              19 C     -1.632136000000    3.203529000000   -0.926004000000
              20 O     -2.760848000000    3.583152000000   -1.398264000000
              21 N     -0.449128000000    3.947346000000   -1.133215000000
              22 C      0.504852000000    3.164190000000   -0.450308000000
              23 O      1.734790000000    3.547301000000   -0.427013000000
              24 H      5.381068000000   -1.778579000000    0.023385000000
              25 H      5.385383000000   -0.011658000000    0.156186000000
              26 H      5.753659000000   -0.818779000000   -1.461665000000
              27 H      3.298663000000   -1.853651000000   -1.040967000000
              28 H      3.594847000000   -0.293596000000   -1.843882000000
              29 H      3.244943000000    1.053326000000   -0.076507000000
              30 H      3.312930000000   -0.148346000000    1.216816000000
              31 H      1.305738000000    0.243904000000   -0.982670000000
              32 H      0.388059000000    0.690606000000    1.919642000000
              33 H      1.654169000000    1.561093000000    1.360968000000
              34 H     -2.433656000000    0.708957000000    1.271143000000
              35 H     -3.476644000000    1.463928000000    0.088844000000
              36 H     -2.545281000000   -0.043187000000   -1.663470000000
              37 H     -0.484087000000   -0.138750000000   -0.854745000000
              38 H     -1.209492000000   -0.259736000000    0.919979000000
              39 H     -3.381646000000   -1.466364000000    0.961569000000
              40 H     -3.456620000000   -2.129340000000   -0.697001000000
              41 H     -4.763748000000    0.045793000000   -1.319221000000
              42 H     -5.629814000000   -1.293296000000   -0.395518000000
              43 H     -5.038479000000    0.170079000000    0.496605000000
              44 H     -0.315668000000    4.852351000000   -1.661255000000
