-------------------------------------------------------------
----------------------- !PROPERTIES! ------------------------
-------------------------------------------------------------
# -----------------------------------------------------------
$ SCF_Energy
   description: The SCF energy
   geom. index: 1
   prop. index: 1
        SCF Energy:    -1787.0760830789
# -----------------------------------------------------------
$ DFT_Energy
   description: The DFT energy
   geom. index: 1
   prop. index: 1
   Number of Alpha Electrons                118.9999796928 
   Number of Beta  Electrons                118.9999796928 
   Total number of  Electrons               237.9999593856 
   Exchange energy                         -173.3064100010 
   Correlation energy                        -9.9144555707 
   Correlation energy NL                      0.0000000000 
   Exchange-Correlation energy             -183.2208655717 
   Embedding correction                       0.0000000000 
   Total DFT Energy (No VdW correction)   -1787.0760830789 
# -----------------------------------------------------------
$ Mayer_Pop
   description: The Mayer population analysis
   geom. index: 1
   prop. index: 1
     Number of atoms                     : 46
     Threshold for printing              : 0.1000000
     Number of bond orders printed       : 51
  NA   - Mulliken gross atomic population
  ZA   - Total nuclear charge
  QA   - Mulliken gross atomic charge
  VA   - Mayer's total valence
  BVA  - Mayer's bonded valence
  FA   - Mayer's free valence
  ATOM       NA         ZA         QA         VA         BVA        FA
  0   0     6.0138     6.0000    -0.0138     3.8754     3.8754     0.0000
  1   0     6.0471     6.0000    -0.0471     3.7738     3.7738    -0.0000
  2   0     5.6828     6.0000     0.3172     3.8835     3.8835    -0.0000
  3   0     6.0620     6.0000    -0.0620     3.8462     3.8462    -0.0000
  4   0     5.9965     6.0000     0.0035     3.8419     3.8419     0.0000
  5   0     5.9619     6.0000     0.0381     3.8199     3.8199     0.0000
  6   0     5.9189     6.0000     0.0811     3.9463     3.9463    -0.0000
  7   0     5.7892     6.0000     0.2108     3.9768     3.9768    -0.0000
  8   0     7.1267     7.0000    -0.1267     3.4683     3.4683    -0.0000
  9   0     5.9958     6.0000     0.0042     3.8698     3.8698    -0.0000
 10   0     6.1369     6.0000    -0.1369     3.9321     3.9321     0.0000
 11   0     7.1283     7.0000    -0.1283     3.1726     3.1726     0.0000
 12   0     5.9047     6.0000     0.0953     3.9823     3.9823     0.0000
 13   0     5.3833     6.0000     0.6167     4.3468     4.3468    -0.0000
 14   0     9.1786     9.0000    -0.1786     1.1924     1.1924    -0.0000
 15   0     9.2024     9.0000    -0.2024     1.1529     1.1529    -0.0000
 16   0     9.1957     9.0000    -0.1957     1.1628     1.1628     0.0000
 17   0     7.1983     7.0000    -0.1983     3.1738     3.1738    -0.0000
 18   0     5.8901     6.0000     0.1099     4.2211     4.2211    -0.0000
 19   0     7.1617     7.0000    -0.1617     3.1463     3.1463     0.0000
 20   0     5.8767     6.0000     0.1233     3.9931     3.9931    -0.0000
 21   0     6.0729     6.0000    -0.0729     3.8074     3.8074    -0.0000
 22   0     5.9218     6.0000     0.0782     4.0209     4.0209     0.0000
 23   0     7.1134     7.0000    -0.1134     3.1167     3.1167    -0.0000
 24   0     5.8586     6.0000     0.1414     3.9855     3.9855     0.0000
 25   0     7.1053     7.0000    -0.1053     3.0042     3.0042    -0.0000
 26   0     7.0909     7.0000    -0.0909     2.9784     2.9784    -0.0000
 27   0     5.9803     6.0000     0.0197     3.9410     3.9410    -0.0000
 28   0     8.1685     8.0000    -0.1685     2.3945     2.3945    -0.0000
 29   0     5.4635     6.0000     0.5365     4.1456     4.1456    -0.0000
 30   0     9.1864     9.0000    -0.1864     1.1727     1.1727     0.0000
 31   0     9.2417     9.0000    -0.2417     1.1050     1.1050    -0.0000
 32   0     9.2027     9.0000    -0.2027     1.1646     1.1646     0.0000
 33   0     1.0278     1.0000    -0.0278     0.9886     0.9886     0.0000
 34   0     1.0039     1.0000    -0.0039     0.9897     0.9897     0.0000
 35   0     0.9991     1.0000     0.0009     0.9914     0.9914    -0.0000
 36   0     1.0243     1.0000    -0.0243     0.9881     0.9881     0.0000
 37   0     0.9696     1.0000     0.0304     1.0650     1.0650    -0.0000
 38   0     0.9747     1.0000     0.0253     0.9929     0.9929     0.0000
 39   0     0.9742     1.0000     0.0258     0.9980     0.9980    -0.0000
 40   0     1.0015     1.0000    -0.0015     1.0110     1.0110     0.0000
 41   0     0.9759     1.0000     0.0241     1.0049     1.0049     0.0000
 42   0     0.8504     1.0000     0.1496     1.0048     1.0048    -0.0000
 43   0     0.9960     1.0000     0.0040     1.0041     1.0041     0.0000
 44   0     0.9660     1.0000     0.0340     1.0088     1.0088     0.0000
 45   0     0.9797     1.0000     0.0203     0.9894     0.9894     0.0000
      Bond orders larger than 0.1000000
           Atom A     A.N. of A          Atom B    A.N. of B              Bond order
                0             6               1            6                1.360648
                0             6               5            6                1.402948
                0             6              33            1                0.983497
                1             6               2            6                1.337301
                1             6              34            1                0.991637
                2             6               3            6                1.374820
                2             6              32            9                1.085930
                3             6               4            6                1.367684
                3             6              35            1                0.987446
                4             6               5            6                1.359894
                4             6              36            1                0.989722
                5             6               6            6                0.987901
                6             6               7            6                1.060355
                6             6              17            7                0.988769
                6             6              37            1                0.861334
                7             6               8            7                0.977209
                7             6              38            1                0.929356
                7             6              39            1                0.925476
                8             7               9            6                1.265875
                8             7              12            6                1.168906
                9             6              10            6                1.436665
                9             6              12            6                0.101129
                9             6              40            1                0.985229
               10             6              11            7                1.485626
               10             6              13            6                0.950170
               11             7              12            6                1.606539
               12             6              41            1                0.980084
               13             6              14            9                1.140962
               13             6              15            9                1.118990
               13             6              16            9                1.127899
               17             7              18            6                1.161943
               17             7              42            1                0.905457
               18             6              19            7                1.361454
               18             6              23            7                1.488952
               19             7              20            6                1.574362
               19             7              37            1                0.102273
               20             6              21            6                1.294408
               20             6              43            1                0.976630
               21             6              22            6                1.416621
               21             6              24            6                1.014807
               22             6              23            7                1.492298
               22             6              44            1                0.972850
               24             6              25            7                1.657178
               24             6              28            8                1.167458
               25             7              26            7                1.233538
               26             7              27            6                1.636242
               27             6              28            8                1.144392
               27             6              29            6                0.995089
               29             6              30            9                1.121938
               29             6              31            9                1.063134
               29             6              45            1                0.942244
# -----------------------------------------------------------
$ Calculation_Info
   description: Details of the calculation
   geom. index: 1
   prop. index: 1
     Multiplicity:                          1
     Charge:                                0
     number of atoms:                       46
     number of electrons:                   0
     number of frozen core electrons:       1
     number of correlated electrons:        0
     number of basis functions:             527
     number of aux C basis functions:       0
     number of aux J basis functions:       1760
     number of aux JK basis functions:      0
     number of aux CABS basis functions:    0
     Total Energy                           -1787.076083
# -----------------------------------------------------------
$ SCF_Electric_Properties
   description: The SCF Calculated Electric Properties
   geom. index: 1
   prop. index: 1
       Filename                          : 212.scfp 
       Do Dipole Moment Calculation      : true 
       Do Quadrupole Moment Calculation  : false 
       Do Polarizability Calculation     : true 
** Dipole moment part of electric properties **
        Magnitude of dipole moment (Debye) :        6.1644237761
        Electronic Contribution:
                  0    
      0       3.674556
      1     -15.037335
      2       1.210068
        Nuclear Contribution:
                  0    
      0      -2.516487
      1      17.006041
      2      -2.025404
        Total Dipole moment:
                  0    
      0       1.158069
      1       1.968706
      2      -0.815336
** Polarizabilities part of electric properties **
        Isotropic polarizability :      262.4192822474
        The raw cartesian tensor (atomic units):
                  0          1          2    
      0     380.933591 -30.351635 -14.614995
      1     -30.351635 240.300878 -12.722344
      2     -14.614995 -12.722344 166.023377
        Diagonalised polarizability tensor :
                  0    
      0     162.106823
      1     237.320920
      2     387.830104
# -------------------------------------------------------------
----------------------- !GEOMETRIES! ------------------------
# -------------------------------------------------------------
------------------------ !GEOMETRY! -------------------------
    Number of atoms:    46 
    Geometry Index:     1 
    Coordinates:
               0 C     -1.350052000000    3.135735000000    0.080500000000
               1 C     -1.999776000000    4.189329000000    0.672462000000
               2 C     -3.047559000000    3.947088000000    1.512113000000
               3 C     -3.428723000000    2.657236000000    1.745633000000
               4 C     -2.770476000000    1.596802000000    1.145088000000
               5 C     -1.703217000000    1.797204000000    0.287732000000
               6 C     -0.982117000000    0.708489000000   -0.370308000000
               7 C     -1.632696000000    0.185930000000   -1.630025000000
               8 N     -2.952330000000   -0.305827000000   -1.460496000000
               9 C     -3.371654000000   -1.505104000000   -1.128091000000
              10 C     -4.731737000000   -1.524731000000   -1.105456000000
              11 N     -5.123549000000   -0.302276000000   -1.433451000000
              12 C     -4.061937000000    0.485472000000   -1.660224000000
              13 C     -5.678900000000   -2.640366000000   -0.781323000000
              14 F     -6.988523000000   -2.244737000000   -0.958800000000
              15 F     -5.453448000000   -3.669077000000   -1.675992000000
              16 F     -5.478436000000   -3.129857000000    0.495018000000
              17 N     -0.570382000000   -0.369829000000    0.508128000000
              18 C      0.826270000000   -0.715416000000    0.573166000000
              19 N      1.716996000000   -0.027051000000   -0.188567000000
              20 C      3.042138000000   -0.250199000000   -0.187299000000
              21 C      3.540762000000   -1.260490000000    0.655646000000
              22 C      2.640844000000   -1.940427000000    1.406415000000
              23 N      1.300231000000   -1.670546000000    1.365595000000
              24 C      4.988947000000   -1.503907000000    0.701829000000
              25 N      5.647996000000   -2.424922000000    1.364397000000
              26 N      6.955843000000   -2.293154000000    1.129361000000
              27 C      7.092527000000   -1.264708000000    0.300708000000
              28 O      5.881380000000   -0.782903000000    0.039971000000
              29 C      8.395256000000   -0.768457000000   -0.222017000000
              30 F      9.431163000000   -0.918290000000    0.661688000000
              31 F      8.723229000000   -1.476920000000   -1.392633000000
              32 F     -3.691761000000    4.986771000000    2.096206000000
              33 H     -0.512503000000    3.323769000000   -0.580983000000
              34 H     -1.668908000000    5.216339000000    0.459614000000
              35 H     -4.275780000000    2.492242000000    2.426624000000
              36 H     -3.133299000000    0.609272000000    1.375770000000
              37 H     -0.009991000000    1.162206000000   -0.761541000000
              38 H     -1.558636000000    0.994394000000   -2.397176000000
              39 H     -0.950087000000   -0.626794000000   -1.991851000000
              40 H     -2.741881000000   -2.354867000000   -0.903824000000
              41 H     -4.123692000000    1.518042000000   -1.937656000000
              42 H     -1.275479000000   -0.872327000000    1.072347000000
              43 H      3.764813000000    0.277696000000   -0.772464000000
              44 H      3.037038000000   -2.733000000000    2.053521000000
              45 H      8.282096000000    0.292166000000   -0.589356000000
