-------------------------------------------------------------
----------------------- !PROPERTIES! ------------------------
-------------------------------------------------------------
# -----------------------------------------------------------
$ SCF_Energy
   description: The SCF energy
   geom. index: 1
   prop. index: 1
        SCF Energy:    -1343.7836829650
# -----------------------------------------------------------
$ DFT_Energy
   description: The DFT energy
   geom. index: 1
   prop. index: 1
   Number of Alpha Electrons                108.0000066579 
   Number of Beta  Electrons                108.0000066579 
   Total number of  Electrons               216.0000133158 
   Exchange energy                         -142.4831215025 
   Correlation energy                        -8.6526460654 
   Correlation energy NL                      0.0000000000 
   Exchange-Correlation energy             -151.1357675678 
   Embedding correction                       0.0000000000 
   Total DFT Energy (No VdW correction)   -1343.7836829650 
# -----------------------------------------------------------
$ Mayer_Pop
   description: The Mayer population analysis
   geom. index: 1
   prop. index: 1
     Number of atoms                     : 59
     Threshold for printing              : 0.1000000
     Number of bond orders printed       : 60
  NA   - Mulliken gross atomic population
  ZA   - Total nuclear charge
  QA   - Mulliken gross atomic charge
  VA   - Mayer's total valence
  BVA  - Mayer's bonded valence
  FA   - Mayer's free valence
  ATOM       NA         ZA         QA         VA         BVA        FA
  0   0     5.9224     6.0000     0.0776     3.9634     3.9634    -0.0000
  1   0     5.8436     6.0000     0.1564     4.0321     4.0321    -0.0000
  2   0     6.1281     6.0000    -0.1281     4.2440     4.2440    -0.0000
  3   0     5.8030     6.0000     0.1970     3.9983     3.9983    -0.0000
  4   0     5.9575     6.0000     0.0425     4.0100     4.0100    -0.0000
  5   0     8.3086     8.0000    -0.3086     2.1584     2.1584    -0.0000
  6   0     5.9221     6.0000     0.0779     3.8851     3.8851     0.0000
  7   0     6.0878     6.0000    -0.0878     3.8756     3.8756    -0.0000
  8   0     6.0554     6.0000    -0.0554     4.0848     4.0848    -0.0000
  9   0     5.8936     6.0000     0.1064     3.9169     3.9169    -0.0000
 10   0     5.9490     6.0000     0.0510     3.8173     3.8173    -0.0000
 11   0     6.0302     6.0000    -0.0302     3.7997     3.7997    -0.0000
 12   0     6.1886     6.0000    -0.1886     3.6660     3.6660    -0.0000
 13   0     5.6736     6.0000     0.3264     3.3280     3.3280    -0.0000
 14   0     6.0761     6.0000    -0.0761     3.7018     3.7018    -0.0000
 15   0     6.0790     6.0000    -0.0790     3.8494     3.8494     0.0000
 16   0     5.8229     6.0000     0.1771     3.9108     3.9108     0.0000
 17   0     6.1709     6.0000    -0.1709     3.9584     3.9584     0.0000
 18   0     5.7385     6.0000     0.2615     3.8487     3.8487    -0.0000
 19   0     6.1810     6.0000    -0.1810     3.7089     3.7089    -0.0000
 20   0     5.8049     6.0000     0.1951     4.3428     4.3428    -0.0000
 21   0     8.2727     8.0000    -0.2727     2.2368     2.2368    -0.0000
 22   0     8.1562     8.0000    -0.1562     2.3303     2.3303     0.0000
 23   0     8.3455     8.0000    -0.3455     2.2104     2.2104    -0.0000
 24   0     5.8169     6.0000     0.1831     3.9188     3.9188    -0.0000
 25   0     5.8838     6.0000     0.1162     3.9316     3.9316     0.0000
 26   0     8.2506     8.0000    -0.2506     2.1757     2.1757    -0.0000
 27   0     5.9074     6.0000     0.0926     3.8956     3.8956     0.0000
 28   0     8.2675     8.0000    -0.2675     2.1373     2.1373     0.0000
 29   0     1.0298     1.0000    -0.0298     1.0044     1.0044     0.0000
 30   0     0.9814     1.0000     0.0186     1.0137     1.0137    -0.0000
 31   0     0.9879     1.0000     0.0121     0.9911     0.9911     0.0000
 32   0     1.0182     1.0000    -0.0182     0.9845     0.9845    -0.0000
 33   0     1.0556     1.0000    -0.0556     0.9935     0.9935     0.0000
 34   0     0.9956     1.0000     0.0044     1.0100     1.0100     0.0000
 35   0     0.9833     1.0000     0.0167     0.9964     0.9964     0.0000
 36   0     0.9645     1.0000     0.0355     1.0354     1.0354     0.0000
 37   0     1.0506     1.0000    -0.0506     0.9919     0.9919    -0.0000
 38   0     0.9785     1.0000     0.0215     0.9870     0.9870    -0.0000
 39   0     0.9787     1.0000     0.0213     0.9885     0.9885     0.0000
 40   0     0.9990     1.0000     0.0010     0.9925     0.9925     0.0000
 41   0     1.0148     1.0000    -0.0148     1.0336     1.0336    -0.0000
 42   0     1.0334     1.0000    -0.0334     1.0083     1.0083    -0.0000
 43   0     0.9877     1.0000     0.0123     0.9643     0.9643    -0.0000
 44   0     1.0107     1.0000    -0.0107     0.9599     0.9599    -0.0000
 45   0     0.9589     1.0000     0.0411     0.9942     0.9942     0.0000
 46   0     1.0268     1.0000    -0.0268     1.0047     1.0047     0.0000
 47   0     1.0036     1.0000    -0.0036     1.0260     1.0260    -0.0000
 48   0     0.9706     1.0000     0.0294     0.9887     0.9887    -0.0000
 49   0     0.9544     1.0000     0.0456     0.9848     0.9848     0.0000
 50   0     0.9648     1.0000     0.0352     0.9888     0.9888    -0.0000
 51   0     0.9679     1.0000     0.0321     1.0061     1.0061    -0.0000
 52   0     0.9639     1.0000     0.0361     0.9890     0.9890     0.0000
 53   0     0.9764     1.0000     0.0236     0.9919     0.9919     0.0000
 54   0     0.8122     1.0000     0.1878     0.9976     0.9976     0.0000
 55   0     0.9849     1.0000     0.0151     1.0125     1.0125     0.0000
 56   0     0.9830     1.0000     0.0170     0.9955     0.9955    -0.0000
 57   0     0.9836     1.0000     0.0164     1.0187     1.0187    -0.0000
 58   0     0.8417     1.0000     0.1583     1.0350     1.0350     0.0000
      Bond orders larger than 0.1000000
           Atom A     A.N. of A          Atom B    A.N. of B              Bond order
                0             6               1            6                1.092744
                0             6              29            1                0.944657
                0             6              30            1                0.942298
                0             6              31            1                0.948972
                1             6               2            6                0.978492
                1             6               5            8                1.015732
                1             6              32            1                0.902724
                2             6               3            6                0.982255
                2             6              27            6                1.063823
                2             6              28            8                1.104578
                3             6               4            6                0.958940
                3             6              26            8                1.148855
                3             6              33            1                0.885721
                4             6               5            8                1.039777
                4             6               6            6                1.049830
                4             6               7            6                0.922121
                6             6              34            1                0.939431
                6             6              35            1                0.956544
                6             6              36            1                0.918514
                7             6               8            6                1.811586
                7             6              37            1                0.968423
                8             6               9            6                1.087766
                8             6              10            6                1.082906
                9             6              38            1                0.936591
                9             6              39            1                0.935412
                9             6              40            1                0.951480
               10             6              11            6                1.678499
               10             6              41            1                0.970117
               11             6              12            6                1.028545
               11             6              42            1                0.977487
               12             6              13            6                1.499551
               12             6              43            1                1.001039
               13             6              14            6                0.993719
               13             6              44            1                0.848417
               14             6              15            6                1.616340
               14             6              45            1                0.981247
               15             6              16            6                1.139228
               15             6              46            1                0.982374
               16             6              17            6                1.484404
               16             6              22            8                1.140849
               17             6              18            6                1.193325
               17             6              25            6                1.120222
               18             6              19            6                1.407275
               18             6              23            8                1.145238
               19             6              20            6                1.105900
               19             6              47            1                0.997227
               20             6              21            8                2.041653
               20             6              22            8                1.098321
               23             8              24            6                0.943244
               24             6              48            1                0.969965
               24             6              49            1                0.972383
               24             6              50            1                0.964227
               25             6              51            1                0.932043
               25             6              52            1                0.939907
               25             6              53            1                0.937671
               26             8              54            1                0.952421
               27             6              55            1                0.941703
               27             6              56            1                0.953741
               27             6              57            1                0.935797
               28             8              58            1                0.964141
# -----------------------------------------------------------
$ Calculation_Info
   description: Details of the calculation
   geom. index: 1
   prop. index: 1
     Multiplicity:                          1
     Charge:                                0
     number of atoms:                       59
     number of electrons:                   0
     number of frozen core electrons:       1
     number of correlated electrons:        0
     number of basis functions:             556
     number of aux C basis functions:       0
     number of aux J basis functions:       1751
     number of aux JK basis functions:      0
     number of aux CABS basis functions:    0
     Total Energy                           -1343.783683
# -----------------------------------------------------------
$ SCF_Electric_Properties
   description: The SCF Calculated Electric Properties
   geom. index: 1
   prop. index: 1
       Filename                          : 192.scfp 
       Do Dipole Moment Calculation      : true 
       Do Quadrupole Moment Calculation  : false 
       Do Polarizability Calculation     : true 
** Dipole moment part of electric properties **
        Magnitude of dipole moment (Debye) :        7.8640487834
        Electronic Contribution:
                  0    
      0      30.947627
      1      -4.966343
      2      -3.624301
        Nuclear Contribution:
                  0    
      0     -32.076199
      1       7.548710
      2       4.900967
        Total Dipole moment:
                  0    
      0      -1.128572
      1       2.582367
      2       1.276666
** Polarizabilities part of electric properties **
        Isotropic polarizability :      367.5869114349
        The raw cartesian tensor (atomic units):
                  0          1          2    
      0     642.792032  54.961081 -33.772182
      1      54.961081 273.714101  26.742587
      2     -33.772182  26.742587 186.254601
        Diagonalised polarizability tensor :
                  0    
      0     173.745931
      1     276.328265
      2     652.686538
# -------------------------------------------------------------
----------------------- !GEOMETRIES! ------------------------
# -------------------------------------------------------------
------------------------ !GEOMETRY! -------------------------
    Number of atoms:    59 
    Geometry Index:     1 
    Coordinates:
               0 C     -5.374216000000    0.318067000000   -2.297797000000
               1 C     -5.184153000000   -0.923985000000   -1.445030000000
               2 C     -6.288671000000   -1.006426000000   -0.421070000000
               3 C     -5.676433000000   -0.368841000000    0.774870000000
               4 C     -4.195545000000   -0.593027000000    0.558769000000
               5 O     -4.021435000000   -0.961031000000   -0.739164000000
               6 C     -3.782769000000   -1.665306000000    1.556025000000
               7 C     -3.418726000000    0.619410000000    0.848732000000
               8 C     -2.123984000000    0.655969000000    0.692190000000
               9 C     -1.355882000000    1.925207000000    1.000906000000
              10 C     -1.339693000000   -0.473610000000    0.229216000000
              11 C     -0.037415000000   -0.366838000000    0.094118000000
              12 C      0.746622000000   -1.542029000000   -0.382346000000
              13 C      1.987031000000   -1.406178000000   -0.503535000000
              14 C      3.341873000000   -1.259570000000   -0.636471000000
              15 C      3.957228000000   -0.082032000000   -0.339281000000
              16 C      5.374937000000    0.078448000000   -0.475966000000
              17 C      5.997802000000    1.255374000000   -0.156511000000
              18 C      7.382389000000    1.311521000000   -0.325949000000
              19 C      8.101036000000    0.237215000000   -0.792958000000
              20 C      7.375042000000   -0.908290000000   -1.087789000000
              21 O      8.015521000000   -1.889578000000   -1.513350000000
              22 O      6.081568000000   -0.957108000000   -0.928153000000
              23 O      8.015166000000    2.509687000000    0.001790000000
              24 C      9.428158000000    2.575130000000   -0.168321000000
              25 C      5.288702000000    2.443115000000    0.351150000000
              26 O     -6.144514000000   -0.790806000000    1.992374000000
              27 C     -6.656582000000   -2.448920000000   -0.231612000000
              28 O     -7.434425000000   -0.325810000000   -0.860360000000
              29 H     -5.498106000000    1.234603000000   -1.698624000000
              30 H     -6.332792000000    0.152162000000   -2.842275000000
              31 H     -4.556293000000    0.461486000000   -3.021220000000
              32 H     -5.259973000000   -1.834389000000   -2.088197000000
              33 H     -5.900466000000    0.739712000000    0.716534000000
              34 H     -3.666413000000   -2.611984000000    1.016815000000
              35 H     -2.868735000000   -1.393384000000    2.129699000000
              36 H     -4.563040000000   -1.798837000000    2.362113000000
              37 H     -3.917094000000    1.525825000000    1.206457000000
              38 H     -0.565456000000    1.701493000000    1.751833000000
              39 H     -0.810826000000    2.171875000000    0.063172000000
              40 H     -2.023914000000    2.728162000000    1.312657000000
              41 H     -1.842818000000   -1.390332000000   -0.004287000000
              42 H      0.493033000000    0.535709000000    0.310602000000
              43 H      0.164806000000   -2.444084000000   -0.584588000000
              44 H      2.101427000000   -2.757623000000   -0.927556000000
              45 H      4.082931000000   -2.008221000000   -0.978442000000
              46 H      3.339631000000    0.711128000000   -0.002565000000
              47 H      9.181802000000    0.268379000000   -0.928993000000
              48 H      9.859001000000    1.832493000000    0.529537000000
              49 H      9.762584000000    3.597218000000    0.079026000000
              50 H      9.672811000000    2.271229000000   -1.200284000000
              51 H      5.798277000000    3.354602000000   -0.050555000000
              52 H      5.439625000000    2.466002000000    1.457535000000
              53 H      4.226500000000    2.495076000000    0.064422000000
              54 H     -6.633218000000   -0.093244000000    2.496218000000
              55 H     -7.559434000000   -2.657060000000   -0.847256000000
              56 H     -5.890452000000   -3.162669000000   -0.584394000000
              57 H     -6.976565000000   -2.671793000000    0.821696000000
              58 H     -7.315463000000    0.616707000000   -0.590594000000
