-------------------------------------------------------------
----------------------- !PROPERTIES! ------------------------
-------------------------------------------------------------
# -----------------------------------------------------------
$ SCF_Energy
   description: The SCF energy
   geom. index: 1
   prop. index: 1
        SCF Energy:    -1220.3982902904
# -----------------------------------------------------------
$ DFT_Energy
   description: The DFT energy
   geom. index: 1
   prop. index: 1
   Number of Alpha Electrons                 89.9998082283 
   Number of Beta  Electrons                 89.9998082283 
   Total number of  Electrons               179.9996164566 
   Exchange energy                         -124.6260747008 
   Correlation energy                        -7.3793448022 
   Correlation energy NL                      0.0000000000 
   Exchange-Correlation energy             -132.0054195030 
   Embedding correction                       0.0000000000 
   Total DFT Energy (No VdW correction)   -1220.3982902904 
# -----------------------------------------------------------
$ Mayer_Pop
   description: The Mayer population analysis
   geom. index: 1
   prop. index: 1
     Number of atoms                     : 41
     Threshold for printing              : 0.1000000
     Number of bond orders printed       : 44
  NA   - Mulliken gross atomic population
  ZA   - Total nuclear charge
  QA   - Mulliken gross atomic charge
  VA   - Mayer's total valence
  BVA  - Mayer's bonded valence
  FA   - Mayer's free valence
  ATOM       NA         ZA         QA         VA         BVA        FA
  0   0     5.9229     6.0000     0.0771     3.9797     3.9797    -0.0000
  1   0     5.8369     6.0000     0.1631     4.0644     4.0644    -0.0000
  2   0     6.2987     6.0000    -0.2987     4.1832     4.1832     0.0000
  3   0     6.0205     6.0000    -0.0205     3.5772     3.5772    -0.0000
  4   0     5.8973     6.0000     0.1027     3.8431     3.8431    -0.0000
  5   0     8.3479     8.0000    -0.3479     2.1592     2.1592     0.0000
  6   0     5.9246     6.0000     0.0754     3.5921     3.5921    -0.0000
  7   0     6.2555     6.0000    -0.2555     3.9576     3.9576    -0.0000
  8   0     5.9164     6.0000     0.0836     4.0736     4.0736    -0.0000
  9   0     8.2911     8.0000    -0.2911     2.2581     2.2581    -0.0000
 10   0     5.9706     6.0000     0.0294     3.9325     3.9325    -0.0000
 11   0     5.9411     6.0000     0.0589     3.8263     3.8263     0.0000
 12   0     5.8799     6.0000     0.1201     3.6683     3.6683    -0.0000
 13   0     5.8617     6.0000     0.1383     3.4275     3.4275    -0.0000
 14   0     6.0331     6.0000    -0.0331     4.1851     4.1851    -0.0000
 15   0     8.2153     8.0000    -0.2153     2.3002     2.3002    -0.0000
 16   0     6.0120     6.0000    -0.0120     3.9400     3.9400    -0.0000
 17   0     5.7927     6.0000     0.2073     3.9259     3.9259     0.0000
 18   0     8.1136     8.0000    -0.1136     2.4321     2.4321    -0.0000
 19   0     8.2885     8.0000    -0.2885     2.1615     2.1615     0.0000
 20   0     8.1961     8.0000    -0.1961     2.2626     2.2626    -0.0000
 21   0     8.2429     8.0000    -0.2429     2.2319     2.2319    -0.0000
 22   0     5.8131     6.0000     0.1869     3.8671     3.8671    -0.0000
 23   0     5.8535     6.0000     0.1465     3.9055     3.9055     0.0000
 24   0     5.8888     6.0000     0.1112     3.9306     3.9306    -0.0000
 25   0     0.9766     1.0000     0.0234     1.0031     1.0031    -0.0000
 26   0     0.9835     1.0000     0.0165     0.9835     0.9835    -0.0000
 27   0     0.9644     1.0000     0.0356     1.0051     1.0051    -0.0000
 28   0     1.0103     1.0000    -0.0103     0.9850     0.9850    -0.0000
 29   0     0.7652     1.0000     0.2348     0.9671     0.9671    -0.0000
 30   0     0.8092     1.0000     0.1908     1.0137     1.0137     0.0000
 31   0     0.7949     1.0000     0.2051     1.0160     1.0160    -0.0000
 32   0     0.9712     1.0000     0.0288     1.0071     1.0071    -0.0000
 33   0     0.9685     1.0000     0.0315     1.0072     1.0072    -0.0000
 34   0     0.9734     1.0000     0.0266     1.0319     1.0319     0.0000
 35   0     1.0218     1.0000    -0.0218     0.9952     0.9952     0.0000
 36   0     0.9682     1.0000     0.0318     1.0275     1.0275    -0.0000
 37   0     1.0001     1.0000    -0.0001     0.9961     0.9961     0.0000
 38   0     0.9956     1.0000     0.0044     1.0058     1.0058    -0.0000
 39   0     0.9981     1.0000     0.0019     0.9983     0.9983    -0.0000
 40   0     0.9842     1.0000     0.0158     0.9961     0.9961     0.0000
      Bond orders larger than 0.1000000
           Atom A     A.N. of A          Atom B    A.N. of B              Bond order
                0             6               1            6                1.125751
                0             6              25            1                0.945410
                0             6              26            1                0.948913
                0             6              27            1                0.937512
                1             6               2            6                1.007689
                1             6               5            8                0.898694
                1             6              28            1                0.918205
                2             6               3            6                0.941337
                2             6              23            6                1.071862
                2             6              24            6                1.037969
                3             6               4            6                1.511271
                3             6              14            6                1.082706
                4             6               5            8                1.102608
                4             6               6            6                1.105363
                6             6               7            6                1.378145
                6             6              12            6                1.134000
                7             6               8            6                1.081353
                7             6              22            6                1.186545
                8             6               9            8                1.854696
                8             6              10            6                1.103831
               10             6              11            6                1.401240
               10             6              21            8                1.295533
               11             6              12            6                1.155951
               11             6              18            8                1.151729
               12             6              13            6                1.414905
               13             6              14            6                0.991522
               13             6              16            6                1.152230
               14             6              15            8                2.101102
               16             6              17            6                1.359608
               16             6              20            8                1.302911
               17             6              18            8                1.162191
               17             6              19            8                1.183092
               19             8              29            1                0.919769
               20             8              30            1                0.918998
               21             8              31            1                0.906086
               22             6              32            1                0.913924
               22             6              33            1                0.913210
               22             6              34            1                0.914521
               23             6              35            1                0.941957
               23             6              36            1                0.939312
               23             6              37            1                0.950327
               24             6              38            1                0.953692
               24             6              39            1                0.947764
               24             6              40            1                0.953698
# -----------------------------------------------------------
$ Calculation_Info
   description: Details of the calculation
   geom. index: 1
   prop. index: 1
     Multiplicity:                          1
     Charge:                                0
     number of atoms:                       41
     number of electrons:                   0
     number of frozen core electrons:       1
     number of correlated electrons:        0
     number of basis functions:             430
     number of aux C basis functions:       0
     number of aux J basis functions:       1401
     number of aux JK basis functions:      0
     number of aux CABS basis functions:    0
     Total Energy                           -1220.398290
# -----------------------------------------------------------
$ SCF_Electric_Properties
   description: The SCF Calculated Electric Properties
   geom. index: 1
   prop. index: 1
       Filename                          : 175.scfp 
       Do Dipole Moment Calculation      : true 
       Do Quadrupole Moment Calculation  : false 
       Do Polarizability Calculation     : true 
** Dipole moment part of electric properties **
        Magnitude of dipole moment (Debye) :        3.7627514641
        Electronic Contribution:
                  0    
      0     -32.234271
      1      -6.474968
      2      -4.064161
        Nuclear Contribution:
                  0    
      0      32.150279
      1       5.137473
      2       4.693041
        Total Dipole moment:
                  0    
      0      -0.083992
      1      -1.337495
      2       0.628880
** Polarizabilities part of electric properties **
        Isotropic polarizability :      249.3141622271
        The raw cartesian tensor (atomic units):
                  0          1          2    
      0     284.106537  -1.113898  17.261875
      1      -1.113898 342.195344  21.873144
      2      17.261875  21.873144 121.640606
        Diagonalised polarizability tensor :
                  0    
      0     117.696252
      1     285.896900
      2     344.349335
# -------------------------------------------------------------
----------------------- !GEOMETRIES! ------------------------
# -------------------------------------------------------------
------------------------ !GEOMETRY! -------------------------
    Number of atoms:    41 
    Geometry Index:     1 
    Coordinates:
               0 C      3.898861000000    1.370970000000    0.914268000000
               1 C      2.542209000000    0.761545000000    0.973640000000
               2 C      2.397933000000   -0.507255000000    0.185635000000
               3 C      0.931055000000   -0.599714000000    0.016099000000
               4 C      0.462825000000    0.693477000000    0.098117000000
               5 O      1.549840000000    1.567495000000    0.310949000000
               6 C     -0.899239000000    0.876662000000   -0.035195000000
               7 C     -1.382375000000    2.179513000000    0.046003000000
               8 C     -2.746613000000    2.335373000000   -0.090378000000
               9 O     -3.191032000000    3.508449000000   -0.018316000000
              10 C     -3.610023000000    1.274235000000   -0.297070000000
              11 C     -3.129749000000   -0.022207000000   -0.377925000000
              12 C     -1.762408000000   -0.186918000000   -0.242116000000
              13 C     -1.295737000000   -1.488644000000   -0.325038000000
              14 C      0.066246000000   -1.666819000000   -0.191296000000
              15 O      0.488303000000   -2.853415000000   -0.267257000000
              16 C     -2.163609000000   -2.541794000000   -0.531389000000
              17 C     -3.514019000000   -2.285627000000   -0.655810000000
              18 O     -3.934948000000   -1.043803000000   -0.573995000000
              19 O     -4.403155000000   -3.356523000000   -0.866378000000
              20 O     -1.681557000000   -3.843356000000   -0.612571000000
              21 O     -4.976288000000    1.440870000000   -0.432557000000
              22 C     -0.451344000000    3.316808000000    0.268174000000
              23 C      2.988961000000   -1.708408000000    0.859875000000
              24 C      3.014581000000   -0.319347000000   -1.180276000000
              25 H      4.642647000000    0.522157000000    0.960218000000
              26 H      4.063761000000    1.932808000000    1.863113000000
              27 H      4.045498000000    1.990459000000    0.016338000000
              28 H      2.234944000000    0.579607000000    2.031611000000
              29 H     -4.840046000000   -3.762514000000   -0.038972000000
              30 H     -2.243003000000   -4.645721000000   -0.758627000000
              31 H     -5.333464000000    2.386538000000   -0.374330000000
              32 H      0.035445000000    3.260977000000    1.272276000000
              33 H      0.291713000000    3.369884000000   -0.556064000000
              34 H     -1.066167000000    4.242244000000    0.246052000000
              35 H      4.061996000000   -1.505498000000    1.030265000000
              36 H      2.940011000000   -2.551140000000    0.141409000000
              37 H      2.487200000000   -1.928810000000    1.812423000000
              38 H      2.559252000000    0.559763000000   -1.671838000000
              39 H      4.103874000000   -0.142788000000   -1.145989000000
              40 H      2.817621000000   -1.209533000000   -1.803078000000
