-------------------------------------------------------------
----------------------- !PROPERTIES! ------------------------
-------------------------------------------------------------
# -------------------------------------------------------------
----------------------- !GEOMETRIES! ------------------------
# -------------------------------------------------------------
------------------------ !GEOMETRY! -------------------------
    Number of atoms:    51 
    Geometry Index:     1 
    Coordinates:
               0  C      0.756083000000   -3.028832000000    0.707805000000
               1  C      0.344743000000   -1.729660000000   -0.002542000000
               2  C     -0.784235000000   -1.075080000000    0.705222000000
               3  C     -2.048658000000   -0.996616000000   -0.138503000000
               4  C     -2.882189000000    0.152245000000    0.312301000000
               5  C     -4.256223000000    0.192528000000   -0.221530000000
               6  C     -4.143168000000    1.215007000000   -1.359741000000
               7  C     -2.639931000000    1.494765000000   -1.481151000000
               8  N     -2.210559000000    1.385029000000   -0.130263000000
               9  C     -0.802994000000    1.266864000000    0.066723000000
              10  C     -0.508190000000    0.312869000000    1.209913000000
              11  C      0.858576000000    0.495698000000    1.768128000000
              12  C      1.841866000000    0.158558000000    0.724835000000
              13  C      1.564794000000   -0.914649000000   -0.107696000000
              14  N      2.586793000000   -1.039246000000   -0.972819000000
              15  C      3.492509000000   -0.087490000000   -0.715718000000
              16  C      4.694032000000    0.170921000000   -1.342574000000
              17  C      5.455831000000    1.224147000000   -0.882739000000
              18  C      5.006408000000    1.990517000000    0.183615000000
              19  C      3.802833000000    1.712756000000    0.793320000000
              20  C      3.048899000000    0.666185000000    0.334156000000
              21  Cl     5.954504000000    3.338357000000    0.791630000000
              22  Br     7.130733000000    1.643089000000   -1.699966000000
              23  N     -1.509049000000    0.556701000000    2.267127000000
              24  C     -2.826699000000    0.236766000000    1.818561000000
              25  O     -3.804815000000    0.050055000000    2.548363000000
              26  C     -0.050458000000   -2.156942000000   -1.411273000000
              27  H      1.548058000000   -3.521347000000    0.115607000000
              28  H      1.238176000000   -2.687262000000    1.658600000000
              29  H     -0.113539000000   -3.668110000000    0.917567000000
              30  H     -1.059563000000   -1.700822000000    1.591981000000
              31  H     -2.648601000000   -1.937373000000   -0.018230000000
              32  H     -1.812378000000   -0.906104000000   -1.209597000000
              33  H     -4.628777000000   -0.782557000000   -0.598888000000
              34  H     -4.990866000000    0.547100000000    0.526624000000
              35  H     -4.642100000000    2.172676000000   -1.044027000000
              36  H     -4.575992000000    0.852064000000   -2.290614000000
              37  H     -2.556955000000    2.574631000000   -1.800664000000
              38  H     -2.149620000000    0.844064000000   -2.200673000000
              39  H     -2.626871000000    2.172909000000    0.413664000000
              40  H     -0.265917000000    0.968335000000   -0.857100000000
              41  H     -0.410335000000    2.276587000000    0.328330000000
              42  H      0.950580000000   -0.139843000000    2.671078000000
              43  H      0.989966000000    1.569830000000    2.009804000000
              44  H      2.674241000000   -1.767019000000   -1.738041000000
              45  H      5.082057000000   -0.398962000000   -2.174769000000
              46  H      3.461535000000    2.321556000000    1.628951000000
              47  H     -1.268196000000    0.914079000000    3.207685000000
              48  H     -0.979338000000   -2.754260000000   -1.422884000000
              49  H     -0.038881000000   -1.320033000000   -2.125114000000
              50  H      0.751877000000   -2.864680000000   -1.775473000000
