-------------------------------------------------------------
----------------------- !PROPERTIES! ------------------------
-------------------------------------------------------------
# -----------------------------------------------------------
$ SCF_Energy
   description: The SCF energy
   geom. index: 1
   prop. index: 1
        SCF Energy:    -1809.3450967155
# -----------------------------------------------------------
$ DFT_Energy
   description: The DFT energy
   geom. index: 1
   prop. index: 1
   Number of Alpha Electrons                121.0000261325 
   Number of Beta  Electrons                121.0000261325 
   Total number of  Electrons               242.0000522651 
   Exchange energy                         -175.3511248474 
   Correlation energy                       -10.0519475313 
   Correlation energy NL                      0.0000000000 
   Exchange-Correlation energy             -185.4030723787 
   Embedding correction                       0.0000000000 
   Total DFT Energy (No VdW correction)   -1809.3450967155 
# -----------------------------------------------------------
$ Mayer_Pop
   description: The Mayer population analysis
   geom. index: 1
   prop. index: 1
     Number of atoms                     : 49
     Threshold for printing              : 0.1000000
     Number of bond orders printed       : 52
  NA   - Mulliken gross atomic population
  ZA   - Total nuclear charge
  QA   - Mulliken gross atomic charge
  VA   - Mayer's total valence
  BVA  - Mayer's bonded valence
  FA   - Mayer's free valence
  ATOM       NA         ZA         QA         VA         BVA        FA
  0   0     5.9539     6.0000     0.0461     3.8750     3.8750     0.0000
  1   0     5.8944     6.0000     0.1056     4.2756     4.2756    -0.0000
  2   0     8.2988     8.0000    -0.2988     2.2027     2.2027    -0.0000
  3   0     7.3103     7.0000    -0.3103     3.1370     3.1370     0.0000
  4   0     5.8498     6.0000     0.1502     3.9648     3.9648     0.0000
  5   0     5.8083     6.0000     0.1917     3.9791     3.9791     0.0000
  6   0     5.9954     6.0000     0.0046     3.8700     3.8700     0.0000
  7   0     5.9953     6.0000     0.0047     3.8104     3.8104    -0.0000
  8   0     6.0463     6.0000    -0.0463     3.7949     3.7949    -0.0000
  9   0     5.6873     6.0000     0.3127     3.8560     3.8560    -0.0000
 10   0     6.0518     6.0000    -0.0518     3.8189     3.8189    -0.0000
 11   0     5.9803     6.0000     0.0197     3.8276     3.8276     0.0000
 12   0     9.2010     9.0000    -0.2010     1.1619     1.1619     0.0000
 13   0     7.2000     7.0000    -0.2000     3.1399     3.1399     0.0000
 14   0     5.9201     6.0000     0.0799     4.2486     4.2486     0.0000
 15   0     7.1383     7.0000    -0.1383     3.1125     3.1125     0.0000
 16   0     5.8962     6.0000     0.1038     4.0135     4.0135     0.0000
 17   0     6.0487     6.0000    -0.0487     3.7740     3.7740     0.0000
 18   0     5.9083     6.0000     0.0917     3.9908     3.9908     0.0000
 19   0     7.1241     7.0000    -0.1241     3.1201     3.1201    -0.0000
 20   0     5.8570     6.0000     0.1430     3.9738     3.9738     0.0000
 21   0     7.1376     7.0000    -0.1376     2.9688     2.9688     0.0000
 22   0     7.1070     7.0000    -0.1070     2.9735     2.9735    -0.0000
 23   0     6.0087     6.0000    -0.0087     3.9480     3.9480     0.0000
 24   0     8.1392     8.0000    -0.1392     2.4294     2.4294    -0.0000
 25   0     5.4295     6.0000     0.5705     4.1501     4.1501     0.0000
 26   0     9.2263     9.0000    -0.2263     1.1236     1.1236    -0.0000
 27   0     9.1861     9.0000    -0.1861     1.1709     1.1709     0.0000
 28   0     5.9211     6.0000     0.0789     3.9499     3.9499     0.0000
 29   0     5.4650     6.0000     0.5350     4.3559     4.3559     0.0000
 30   0     9.1637     9.0000    -0.1637     1.1987     1.1987    -0.0000
 31   0     9.2017     9.0000    -0.2017     1.1513     1.1513     0.0000
 32   0     9.1990     9.0000    -0.1990     1.1609     1.1609     0.0000
 33   0     0.9545     1.0000     0.0455     0.9910     0.9910    -0.0000
 34   0     0.9608     1.0000     0.0392     1.0129     1.0129    -0.0000
 35   0     0.9418     1.0000     0.0582     1.0168     1.0168     0.0000
 36   0     0.9535     1.0000     0.0465     1.0161     1.0161     0.0000
 37   0     0.9971     1.0000     0.0029     1.0347     1.0347     0.0000
 38   0     0.9972     1.0000     0.0028     1.0215     1.0215     0.0000
 39   0     1.0370     1.0000    -0.0370     1.0016     1.0016     0.0000
 40   0     1.0220     1.0000    -0.0220     0.9903     0.9903     0.0000
 41   0     1.0209     1.0000    -0.0209     0.9918     0.9918    -0.0000
 42   0     1.0114     1.0000    -0.0114     0.9897     0.9897     0.0000
 43   0     0.8696     1.0000     0.1304     1.0193     1.0193     0.0000
 44   0     0.9760     1.0000     0.0240     1.0154     1.0154    -0.0000
 45   0     0.9974     1.0000     0.0026     0.9998     0.9998     0.0000
 46   0     0.9922     1.0000     0.0078     0.9932     0.9932     0.0000
 47   0     0.9632     1.0000     0.0368     1.0084     1.0084    -0.0000
 48   0     0.9551     1.0000     0.0449     1.0290     1.0290     0.0000
      Bond orders larger than 0.1000000
           Atom A     A.N. of A          Atom B    A.N. of B              Bond order
                0             6               1            6                1.064219
                0             6              33            1                0.930691
                0             6              34            1                0.933818
                0             6              35            1                0.940048
                1             6               2            8                1.983085
                1             6               3            7                1.081604
                3             7               4            6                0.949963
                3             7              28            6                1.016741
                4             6               5            6                1.065579
                4             6              36            1                0.916137
                4             6              37            1                0.912438
                5             6               6            6                0.996364
                5             6              13            7                0.960720
                5             6              38            1                0.895739
                6             6               7            6                1.378428
                6             6              11            6                1.391672
                7             6               8            6                1.347095
                7             6              39            1                0.981120
                8             6               9            6                1.332348
                8             6              40            1                0.998336
                9             6              10            6                1.374250
                9             6              12            9                1.074998
               10             6              11            6                1.337892
               10             6              41            1                0.993075
               11             6              42            1                0.992822
               13             7              14            6                1.151000
               13             7              43            1                0.903269
               14             6              15            7                1.423629
               14             6              19            7                1.465605
               15             7              16            6                1.531205
               16             6              17            6                1.345374
               16             6              44            1                0.978467
               17             6              18            6                1.338056
               17             6              20            6                1.032421
               18             6              19            7                1.524644
               18             6              45            1                0.982785
               20             6              21            7                1.565235
               20             6              23            6                0.112895
               20             6              24            8                1.197602
               21             7              22            7                1.281463
               22             7              23            6                1.584218
               23             6              24            8                1.160154
               23             6              25            6                0.993301
               25             6              26            9                1.075563
               25             6              27            9                1.121422
               25             6              46            1                0.935470
               28             6              29            6                1.012396
               28             6              47            1                0.919733
               28             6              48            1                0.907208
               29             6              30            9                1.125177
               29             6              31            9                1.086984
               29             6              32            9                1.079202
# -----------------------------------------------------------
$ Calculation_Info
   description: Details of the calculation
   geom. index: 1
   prop. index: 1
     Multiplicity:                          1
     Charge:                                0
     number of atoms:                       49
     number of electrons:                   0
     number of frozen core electrons:       1
     number of correlated electrons:        0
     number of basis functions:             542
     number of aux C basis functions:       0
     number of aux J basis functions:       1793
     number of aux JK basis functions:      0
     number of aux CABS basis functions:    0
     Total Energy                           -1809.345097
# -----------------------------------------------------------
$ SCF_Electric_Properties
   description: The SCF Calculated Electric Properties
   geom. index: 1
   prop. index: 1
       Filename                          : 223.scfp 
       Do Dipole Moment Calculation      : true 
       Do Quadrupole Moment Calculation  : false 
       Do Polarizability Calculation     : true 
** Dipole moment part of electric properties **
        Magnitude of dipole moment (Debye) :        7.0417147857
        Electronic Contribution:
                  0    
      0      24.059807
      1       1.850110
      2       7.793961
        Nuclear Contribution:
                  0    
      0     -24.299356
      1      -4.329304
      2      -6.581050
        Total Dipole moment:
                  0    
      0      -0.239549
      1      -2.479194
      2       1.212910
** Polarizabilities part of electric properties **
        Isotropic polarizability :      261.2705795581
        The raw cartesian tensor (atomic units):
                  0          1          2    
      0     338.011135   6.083340 -16.605104
      1       6.083340 236.169841 -13.877800
      2     -16.605104 -13.877800 209.630763
        Diagonalised polarizability tensor :
                  0    
      0     202.441716
      1     240.658831
      2     340.711192
# -------------------------------------------------------------
----------------------- !GEOMETRIES! ------------------------
# -------------------------------------------------------------
------------------------ !GEOMETRY! -------------------------
    Number of atoms:    49 
    Geometry Index:     1 
    Coordinates:
               0 C     -4.176078000000   -3.167121000000   -1.454979000000
               1 C     -3.864496000000   -1.793784000000   -1.045521000000
               2 O     -4.153468000000   -0.845562000000   -1.853206000000
               3 N     -3.251574000000   -1.547208000000    0.218657000000
               4 C     -2.912474000000   -0.176407000000    0.499287000000
               5 C     -1.585718000000    0.304199000000    0.006843000000
               6 C     -1.508816000000    1.753449000000    0.392021000000
               7 C     -1.283863000000    2.083246000000    1.708310000000
               8 C     -1.215350000000    3.425543000000    2.055131000000
               9 C     -1.377497000000    4.386753000000    1.054174000000
              10 C     -1.601235000000    4.034591000000   -0.254042000000
              11 C     -1.669073000000    2.700976000000   -0.597214000000
              12 F     -1.313772000000    5.689366000000    1.374729000000
              13 N     -0.509016000000   -0.421988000000    0.648865000000
              14 C      0.858961000000   -0.200451000000    0.236753000000
              15 N      1.149688000000    0.676788000000   -0.741223000000
              16 C      2.453292000000    0.852488000000   -1.095444000000
              17 C      3.466322000000    0.157033000000   -0.478201000000
              18 C      3.119508000000   -0.727520000000    0.514692000000
              19 N      1.811188000000   -0.899435000000    0.865435000000
              20 C      4.853106000000    0.361782000000   -0.873325000000
              21 N      5.288678000000    1.210583000000   -1.838001000000
              22 N      6.601117000000    1.123138000000   -1.910506000000
              23 C      7.018265000000    0.224235000000   -1.000166000000
              24 O      5.935718000000   -0.207168000000   -0.400824000000
              25 C      8.439740000000   -0.194473000000   -0.731494000000
              26 F      9.069511000000    0.927105000000   -0.204879000000
              27 F      9.061782000000   -0.585527000000   -1.876919000000
              28 C     -3.105591000000   -2.612576000000    1.157197000000
              29 C     -4.235686000000   -2.675037000000    2.172401000000
              30 F     -5.472531000000   -2.848219000000    1.636675000000
              31 F     -4.002149000000   -3.743111000000    3.028681000000
              32 F     -4.222747000000   -1.540816000000    2.983589000000
              33 H     -3.190021000000   -3.719496000000   -1.455535000000
              34 H     -4.836339000000   -3.653772000000   -0.729083000000
              35 H     -4.607932000000   -3.180175000000   -2.485234000000
              36 H     -3.749448000000    0.517662000000    0.180752000000
              37 H     -2.978266000000   -0.100118000000    1.632886000000
              38 H     -1.557532000000    0.236219000000   -1.083808000000
              39 H     -1.167933000000    1.282089000000    2.428706000000
              40 H     -1.039497000000    3.684107000000    3.083944000000
              41 H     -1.719654000000    4.809676000000   -0.987760000000
              42 H     -1.848193000000    2.438105000000   -1.645299000000
              43 H     -0.634215000000   -1.097112000000    1.415020000000
              44 H      2.680328000000    1.553266000000   -1.876094000000
              45 H      3.920765000000   -1.268772000000    0.993406000000
              46 H      8.408329000000   -0.940084000000    0.066557000000
              47 H     -2.137263000000   -2.706425000000    1.637082000000
              48 H     -3.208869000000   -3.580040000000    0.559495000000
