-------------------------------------------------------------
----------------------- !PROPERTIES! ------------------------
-------------------------------------------------------------
# -----------------------------------------------------------
$ SCF_Energy
   description: The SCF energy
   geom. index: 1
   prop. index: 1
        SCF Energy:    -2283.5782116135
# -----------------------------------------------------------
$ DFT_Energy
   description: The DFT energy
   geom. index: 1
   prop. index: 1
   Number of Alpha Electrons                134.0000744875 
   Number of Beta  Electrons                134.0000744875 
   Total number of  Electrons               268.0001489751 
   Exchange energy                         -202.4298315296 
   Correlation energy                       -11.2562262526 
   Correlation energy NL                      0.0000000000 
   Exchange-Correlation energy             -213.6860577822 
   Embedding correction                       0.0000000000 
   Total DFT Energy (No VdW correction)   -2283.5782116135 
# -----------------------------------------------------------
$ Mayer_Pop
   description: The Mayer population analysis
   geom. index: 1
   prop. index: 1
     Number of atoms                     : 53
     Threshold for printing              : 0.1000000
     Number of bond orders printed       : 55
  NA   - Mulliken gross atomic population
  ZA   - Total nuclear charge
  QA   - Mulliken gross atomic charge
  VA   - Mayer's total valence
  BVA  - Mayer's bonded valence
  FA   - Mayer's free valence
  ATOM       NA         ZA         QA         VA         BVA        FA
  0   0     6.0421     6.0000    -0.0421     3.9723     3.9723     0.0000
  1   0     6.0490     6.0000    -0.0490     3.9785     3.9785     0.0000
  2   0    15.1922    16.0000     0.8078     5.1445     5.1445    -0.0000
  3   0     8.4342     8.0000    -0.4342     1.9532     1.9532    -0.0000
  4   0     8.4738     8.0000    -0.4738     1.9129     1.9129    -0.0000
  5   0     7.4249     7.0000    -0.4249     2.9978     2.9978    -0.0000
  6   0     5.8488     6.0000     0.1512     3.9746     3.9746     0.0000
  7   0     5.7895     6.0000     0.2105     3.8958     3.8958     0.0000
  8   0     5.9817     6.0000     0.0183     3.8914     3.8914    -0.0000
  9   0     5.9794     6.0000     0.0206     3.8498     3.8498    -0.0000
 10   0     6.0303     6.0000    -0.0303     3.8042     3.8042    -0.0000
 11   0     5.6935     6.0000     0.3065     3.8834     3.8834    -0.0000
 12   0     6.0384     6.0000    -0.0384     3.7960     3.7960    -0.0000
 13   0     5.9799     6.0000     0.0201     3.8973     3.8973    -0.0000
 14   0     9.2150     9.0000    -0.2150     1.1515     1.1515    -0.0000
 15   0     7.2027     7.0000    -0.2027     3.1706     3.1706     0.0000
 16   0     5.9341     6.0000     0.0659     4.2623     4.2623     0.0000
 17   0     7.1554     7.0000    -0.1554     3.0954     3.0954    -0.0000
 18   0     5.8874     6.0000     0.1126     4.0162     4.0162    -0.0000
 19   0     6.0504     6.0000    -0.0504     3.7339     3.7339    -0.0000
 20   0     5.9207     6.0000     0.0793     4.0034     4.0034     0.0000
 21   0     7.1060     7.0000    -0.1060     3.1314     3.1314    -0.0000
 22   0     5.8435     6.0000     0.1565     3.9913     3.9913     0.0000
 23   0     7.1475     7.0000    -0.1475     2.9782     2.9782    -0.0000
 24   0     7.0927     7.0000    -0.0927     2.9715     2.9715    -0.0000
 25   0     6.0103     6.0000    -0.0103     3.9884     3.9884    -0.0000
 26   0     8.1393     8.0000    -0.1393     2.4395     2.4395     0.0000
 27   0     5.4412     6.0000     0.5588     4.1227     4.1227     0.0000
 28   0     9.2062     9.0000    -0.2062     1.1458     1.1458    -0.0000
 29   0     9.2360     9.0000    -0.2360     1.1094     1.1094     0.0000
 30   0     5.9035     6.0000     0.0965     3.8929     3.8929     0.0000
 31   0     5.4600     6.0000     0.5400     4.4286     4.4286     0.0000
 32   0     9.1606     9.0000    -0.1606     1.2072     1.2072    -0.0000
 33   0     9.1911     9.0000    -0.1911     1.1649     1.1649     0.0000
 34   0     9.2102     9.0000    -0.2102     1.1436     1.1436     0.0000
 35   0     0.9338     1.0000     0.0662     1.0183     1.0183     0.0000
 36   0     0.9749     1.0000     0.0251     0.9857     0.9857     0.0000
 37   0     0.9592     1.0000     0.0408     0.9849     0.9849     0.0000
 38   0     0.9076     1.0000     0.0924     0.9945     0.9945     0.0000
 39   0     0.9447     1.0000     0.0553     0.9936     0.9936    -0.0000
 40   0     1.0028     1.0000    -0.0028     1.0217     1.0217     0.0000
 41   0     0.9750     1.0000     0.0250     0.9937     0.9937     0.0000
 42   0     0.9927     1.0000     0.0073     1.0095     1.0095     0.0000
 43   0     1.0415     1.0000    -0.0415     0.9971     0.9971    -0.0000
 44   0     1.0280     1.0000    -0.0280     0.9913     0.9913    -0.0000
 45   0     1.0201     1.0000    -0.0201     0.9904     0.9904    -0.0000
 46   0     1.0360     1.0000    -0.0360     0.9943     0.9943    -0.0000
 47   0     0.8701     1.0000     0.1299     1.0105     1.0105     0.0000
 48   0     0.9816     1.0000     0.0184     1.0169     1.0169    -0.0000
 49   0     0.9977     1.0000     0.0023     0.9978     0.9978    -0.0000
 50   0     0.9667     1.0000     0.0333     1.0035     1.0035     0.0000
 51   0     0.9406     1.0000     0.0594     1.0257     1.0257    -0.0000
 52   0     0.9558     1.0000     0.0442     1.0088     1.0088    -0.0000
      Bond orders larger than 0.1000000
           Atom A     A.N. of A          Atom B    A.N. of B              Bond order
                0             6               1            6                1.068483
                0             6              35            1                0.955089
                0             6              36            1                0.963221
                0             6              37            1                0.950597
                1             6               2           16                0.861147
                1             6              38            1                0.923922
                1             6              39            1                0.928294
                2            16               3            8                1.668500
                2            16               4            8                1.616165
                2            16               5            7                0.868556
                5             7               6            6                0.986274
                5             7              30            6                0.950841
                6             6               7            6                1.050475
                6             6              40            1                0.901327
                6             6              41            1                0.922594
                7             6               8            6                0.986326
                7             6              15            7                0.956525
                7             6              42            1                0.896418
                8             6               9            6                1.375666
                8             6              13            6                1.415751
                9             6              10            6                1.363931
                9             6              43            1                0.969433
               10             6              11            6                1.353922
               10             6              44            1                0.986490
               11             6              12            6                1.357927
               11             6              14            9                1.077556
               12             6              13            6                1.343642
               12             6              45            1                0.989689
               13             6              46            1                0.982341
               15             7              16            6                1.166127
               15             7              47            1                0.909231
               16             6              17            7                1.400253
               16             6              21            7                1.463840
               17             7              18            6                1.538262
               18             6              19            6                1.335207
               18             6              48            1                0.982625
               19             6              20            6                1.323338
               19             6              22            6                1.030231
               20             6              21            7                1.547669
               20             6              49            1                0.988549
               22             6              23            7                1.606382
               22             6              26            8                1.204402
               23             7              24            7                1.249417
               24             7              25            6                1.611746
               25             6              26            8                1.170552
               25             6              27            6                1.003770
               27             6              28            9                1.096087
               27             6              29            9                1.052264
               27             6              50            1                0.944236
               30             6              31            6                1.024762
               30             6              51            1                0.911732
               30             6              52            1                0.914631
               31             6              32            9                1.155947
               31             6              33            9                1.100129
               31             6              34            9                1.078948
# -----------------------------------------------------------
$ Calculation_Info
   description: Details of the calculation
   geom. index: 1
   prop. index: 1
     Multiplicity:                          1
     Charge:                                0
     number of atoms:                       53
     number of electrons:                   0
     number of frozen core electrons:       1
     number of correlated electrons:        0
     number of basis functions:             584
     number of aux C basis functions:       0
     number of aux J basis functions:       1915
     number of aux JK basis functions:      0
     number of aux CABS basis functions:    0
     Total Energy                           -2283.578212
# -----------------------------------------------------------
$ SCF_Electric_Properties
   description: The SCF Calculated Electric Properties
   geom. index: 1
   prop. index: 1
       Filename                          : 230.scfp 
       Do Dipole Moment Calculation      : true 
       Do Quadrupole Moment Calculation  : false 
       Do Polarizability Calculation     : true 
** Dipole moment part of electric properties **
        Magnitude of dipole moment (Debye) :        9.0375420094
        Electronic Contribution:
                  0    
      0      31.834791
      1     -13.195279
      2     -12.614674
        Nuclear Contribution:
                  0    
      0     -32.182018
      1      16.674257
      2      13.261380
        Total Dipole moment:
                  0    
      0      -0.347227
      1       3.478978
      2       0.646706
** Polarizabilities part of electric properties **
        Isotropic polarizability :      280.7200402615
        The raw cartesian tensor (atomic units):
                  0          1          2    
      0     384.934590 -26.356312  11.936411
      1     -26.356312 250.171219   1.299674
      2      11.936411   1.299674 207.054312
        Diagonalised polarizability tensor :
                  0    
      0     206.025666
      1     245.509276
      2     390.625179
# -------------------------------------------------------------
----------------------- !GEOMETRIES! ------------------------
# -------------------------------------------------------------
------------------------ !GEOMETRY! -------------------------
    Number of atoms:    53 
    Geometry Index:     1 
    Coordinates:
               0 C     -5.520348000000    2.347038000000    0.876598000000
               1 C     -4.729132000000    1.228890000000    1.484572000000
               2 S     -4.230292000000    0.034439000000    0.247069000000
               3 O     -3.538486000000   -1.064125000000    0.979299000000
               4 O     -5.533982000000   -0.488852000000   -0.340002000000
               5 N     -3.260197000000    0.730203000000   -0.955466000000
               6 C     -2.062151000000    1.269490000000   -0.468994000000
               7 C     -0.806210000000    0.500107000000   -0.638968000000
               8 C     -0.721640000000   -0.817264000000   -0.016457000000
               9 C     -0.391035000000   -0.942838000000    1.339024000000
              10 C     -0.304187000000   -2.183050000000    1.925928000000
              11 C     -0.531960000000   -3.352037000000    1.232126000000
              12 C     -0.858113000000   -3.241320000000   -0.102580000000
              13 C     -0.946502000000   -2.002750000000   -0.695383000000
              14 F     -0.438408000000   -4.574528000000    1.842649000000
              15 N      0.302840000000    1.311535000000   -0.116546000000
              16 C      1.628188000000    0.848058000000   -0.138610000000
              17 N      1.898193000000   -0.386427000000   -0.657260000000
              18 C      3.181714000000   -0.835421000000   -0.678702000000
              19 C      4.213996000000   -0.068051000000   -0.187018000000
              20 C      3.874459000000    1.166931000000    0.322050000000
              21 N      2.609108000000    1.619527000000    0.347681000000
              22 C      5.578122000000   -0.567970000000   -0.220058000000
              23 N      5.952389000000   -1.761281000000   -0.705397000000
              24 N      7.266640000000   -1.903010000000   -0.583945000000
              25 C      7.719922000000   -0.783460000000   -0.015149000000
              26 O      6.686249000000   -0.003699000000    0.190693000000
              27 C      9.152006000000   -0.466121000000    0.329939000000
              28 F      9.522314000000    0.733144000000   -0.220045000000
              29 F      9.158625000000   -0.294338000000    1.715357000000
              30 C     -3.934072000000    1.416367000000   -1.988815000000
              31 C     -4.197909000000    0.543091000000   -3.197355000000
              32 F     -4.972442000000   -0.529355000000   -2.843109000000
              33 F     -3.028870000000    0.161395000000   -3.816880000000
              34 F     -4.924845000000    1.256098000000   -4.152106000000
              35 H     -6.311975000000    1.975708000000    0.211701000000
              36 H     -4.835714000000    3.083209000000    0.407604000000
              37 H     -6.059107000000    2.922358000000    1.675386000000
              38 H     -5.411050000000    0.688822000000    2.189096000000
              39 H     -3.873102000000    1.569180000000    2.072539000000
              40 H     -2.182449000000    1.432510000000    0.644423000000
              41 H     -1.843555000000    2.308592000000   -0.869932000000
              42 H     -0.531418000000    0.364861000000   -1.723641000000
              43 H     -0.210481000000   -0.016664000000    1.889086000000
              44 H     -0.049321000000   -2.283244000000    2.971518000000
              45 H     -1.040206000000   -4.150079000000   -0.662163000000
              46 H     -1.204509000000   -1.914077000000   -1.751404000000
              47 H      0.101969000000    2.252234000000    0.279387000000
              48 H      3.351520000000   -1.802765000000   -1.091007000000
              49 H      4.647790000000    1.797888000000    0.715687000000
              50 H      9.783186000000   -1.311926000000    0.037654000000
              51 H     -4.872662000000    1.940020000000   -1.690700000000
              52 H     -3.272901000000    2.242957000000   -2.363270000000
