-------------------------------------------------------------
----------------------- !PROPERTIES! ------------------------
-------------------------------------------------------------
# -----------------------------------------------------------
$ SCF_Energy
   description: The SCF energy
   geom. index: 1
   prop. index: 1
        SCF Energy:    -2106.7161191380
# -----------------------------------------------------------
$ DFT_Energy
   description: The DFT energy
   geom. index: 1
   prop. index: 1
   Number of Alpha Electrons                109.9998808621 
   Number of Beta  Electrons                109.9998808621 
   Total number of  Electrons               219.9997617242 
   Exchange energy                         -168.6183233190 
   Correlation energy                        -9.1855961061 
   Correlation energy NL                      0.0000000000 
   Exchange-Correlation energy             -177.8039194251 
   Embedding correction                       0.0000000000 
   Total DFT Energy (No VdW correction)   -2106.7161191380 
# -----------------------------------------------------------
$ Mayer_Pop
   description: The Mayer population analysis
   geom. index: 1
   prop. index: 1
     Number of atoms                     : 48
     Threshold for printing              : 0.1000000
     Number of bond orders printed       : 50
  NA   - Mulliken gross atomic population
  ZA   - Total nuclear charge
  QA   - Mulliken gross atomic charge
  VA   - Mayer's total valence
  BVA  - Mayer's bonded valence
  FA   - Mayer's free valence
  ATOM       NA         ZA         QA         VA         BVA        FA
  0   0     5.9191     6.0000     0.0809     3.9100     3.9100     0.0000
  1   0     6.1701     6.0000    -0.1701     4.2974     4.2974    -0.0000
  2   0     5.9620     6.0000     0.0380     3.7721     3.7721    -0.0000
  3   0     5.8834     6.0000     0.1166     4.0937     4.0937    -0.0000
  4   0     6.0605     6.0000    -0.0605     3.6724     3.6724    -0.0000
  5   0     5.8995     6.0000     0.1005     4.0752     4.0752    -0.0000
  6   0     5.9621     6.0000     0.0379     3.8691     3.8691    -0.0000
  7   0    17.0752    17.0000    -0.0752     1.1920     1.1920    -0.0000
  8   0     8.3449     8.0000    -0.3449     2.1779     2.1779    -0.0000
  9   0     5.7948     6.0000     0.2052     3.8892     3.8892    -0.0000
 10   0     5.9182     6.0000     0.0818     3.8275     3.8275    -0.0000
 11   0     6.0298     6.0000    -0.0298     4.0140     4.0140     0.0000
 12   0     5.7665     6.0000     0.2335     3.8777     3.8777     0.0000
 13   0     6.1660     6.0000    -0.1660     3.9120     3.9120     0.0000
 14   0     5.9461     6.0000     0.0539     3.9288     3.9288    -0.0000
 15   0     6.0531     6.0000    -0.0531     3.4461     3.4461    -0.0000
 16   0     5.8421     6.0000     0.1579     4.0102     4.0102    -0.0000
 17   0     6.1070     6.0000    -0.1070     3.6982     3.6982    -0.0000
 18   0     5.8330     6.0000     0.1670     3.9294     3.9294    -0.0000
 19   0     8.2684     8.0000    -0.2684     2.1930     2.1930    -0.0000
 20   0     8.2052     8.0000    -0.2052     2.2679     2.2679    -0.0000
 21   0     5.8322     6.0000     0.1678     4.0369     4.0369     0.0000
 22   0     8.2947     8.0000    -0.2947     2.1869     2.1869     0.0000
 23   0     6.1065     6.0000    -0.1065     4.1939     4.1939     0.0000
 24   0     6.0328     6.0000    -0.0328     3.9449     3.9449     0.0000
 25   0     5.9126     6.0000     0.0874     3.9165     3.9165     0.0000
 26   0     8.2558     8.0000    -0.2558     2.2231     2.2231     0.0000
 27   0    17.0908    17.0000    -0.0908     1.1954     1.1954    -0.0000
 28   0     0.9629     1.0000     0.0371     0.9924     0.9924    -0.0000
 29   0     0.9721     1.0000     0.0279     1.0125     1.0125    -0.0000
 30   0     0.9649     1.0000     0.0351     1.0170     1.0170    -0.0000
 31   0     0.9787     1.0000     0.0213     0.9930     0.9930    -0.0000
 32   0     0.9665     1.0000     0.0335     0.9826     0.9826    -0.0000
 33   0     1.0053     1.0000    -0.0053     1.0113     1.0113     0.0000
 34   0     0.9924     1.0000     0.0076     1.0177     1.0177    -0.0000
 35   0     0.9769     1.0000     0.0231     1.0089     1.0089    -0.0000
 36   0     1.0232     1.0000    -0.0232     0.9957     0.9957     0.0000
 37   0     1.0035     1.0000    -0.0035     0.9922     0.9922     0.0000
 38   0     1.0447     1.0000    -0.0447     1.0123     1.0123     0.0000
 39   0     0.8048     1.0000     0.1952     1.0056     1.0056    -0.0000
 40   0     0.8119     1.0000     0.1881     1.0544     1.0544    -0.0000
 41   0     1.0100     1.0000    -0.0100     0.9996     0.9996    -0.0000
 42   0     1.0084     1.0000    -0.0084     0.9787     0.9787     0.0000
 43   0     0.9959     1.0000     0.0041     0.9813     0.9813     0.0000
 44   0     0.9798     1.0000     0.0202     0.9959     0.9959     0.0000
 45   0     0.9825     1.0000     0.0175     0.9916     0.9916     0.0000
 46   0     0.9914     1.0000     0.0086     0.9992     0.9992     0.0000
 47   0     0.7916     1.0000     0.2084     1.0135     1.0135    -0.0000
      Bond orders larger than 0.1000000
           Atom A     A.N. of A          Atom B    A.N. of B              Bond order
                0             6               1            6                1.092846
                0             6              28            1                0.941174
                0             6              29            1                0.935953
                0             6              30            1                0.932552
                1             6               2            6                1.437999
                1             6               6            6                1.410672
                2             6               3            6                1.329562
                2             6              27           17                0.982832
                3             6               4            6                1.284556
                3             6              26            8                1.263439
                4             6               5            6                1.332131
                4             6              10            6                0.980792
                5             6               6            6                1.378639
                5             6               8            8                1.140629
                6             6               7           17                1.025605
                8             8               9            6                0.939488
                9             6              31            1                0.964650
                9             6              32            1                0.971411
                9             6              33            1                0.956460
               10             6              11            6                0.994933
               10             6              14            6                0.990768
               10             6              34            1                0.834628
               11             6              12            6                1.051533
               11             6              23            6                0.994032
               11             6              35            1                0.883946
               12             6              13            6                1.038566
               12             6              36            1                0.891604
               12             6              37            1                0.858173
               13             6              14            6                1.422699
               13             6              18            6                1.313493
               14             6              15            6                1.260057
               15             6              16            6                1.238861
               15             6              21            6                1.030364
               16             6              17            6                1.285286
               16             6              20            8                1.273925
               17             6              18            6                1.301553
               17             6              38            1                1.028968
               18             6              19            8                1.183300
               19             8              39            1                0.935328
               20             8              40            1                0.911820
               21             6              22            8                1.992390
               21             6              41            1                0.984052
               23             6              24            6                2.030927
               23             6              25            6                1.037396
               24             6              42            1                0.921160
               24             6              43            1                0.925695
               25             6              44            1                0.957159
               25             6              45            1                0.954278
               25             6              46            1                0.953371
               26             8              47            1                0.894506
# -----------------------------------------------------------
$ Calculation_Info
   description: Details of the calculation
   geom. index: 1
   prop. index: 1
     Multiplicity:                          1
     Charge:                                0
     number of atoms:                       48
     number of electrons:                   0
     number of frozen core electrons:       1
     number of correlated electrons:        0
     number of basis functions:             500
     number of aux C basis functions:       0
     number of aux J basis functions:       1596
     number of aux JK basis functions:      0
     number of aux CABS basis functions:    0
     Total Energy                           -2106.716119
# -----------------------------------------------------------
$ SCF_Electric_Properties
   description: The SCF Calculated Electric Properties
   geom. index: 1
   prop. index: 1
       Filename                          : 87.scfp 
       Do Dipole Moment Calculation      : true 
       Do Quadrupole Moment Calculation  : false 
       Do Polarizability Calculation     : true 
** Dipole moment part of electric properties **
        Magnitude of dipole moment (Debye) :        5.2224544148
        Electronic Contribution:
                  0    
      0      19.258785
      1      14.504939
      2     -13.048391
        Nuclear Contribution:
                  0    
      0     -19.733670
      1     -16.498046
      2      12.895052
        Total Dipole moment:
                  0    
      0      -0.474885
      1      -1.993107
      2      -0.153338
** Polarizabilities part of electric properties **
        Isotropic polarizability :      261.4306758406
        The raw cartesian tensor (atomic units):
                  0          1          2    
      0     306.164523 -12.954735 -36.357537
      1     -12.954735 247.248187   0.712533
      2     -36.357537   0.712533 230.879317
        Diagonalised polarizability tensor :
                  0    
      0     215.606105
      1     245.831824
      2     322.854099
# -------------------------------------------------------------
----------------------- !GEOMETRIES! ------------------------
# -------------------------------------------------------------
------------------------ !GEOMETRY! -------------------------
    Number of atoms:    48 
    Geometry Index:     1 
    Coordinates:
               0 C      4.555124000000   -0.703709000000   -2.518219000000
               1 C      3.271730000000   -0.516776000000   -1.776437000000
               2 C      2.077254000000   -0.443466000000   -2.458955000000
               3 C      0.904596000000   -0.272045000000   -1.769781000000
               4 C      0.815861000000   -0.161739000000   -0.386983000000
               5 C      2.052896000000   -0.240564000000    0.277316000000
               6 C      3.231082000000   -0.412148000000   -0.405199000000
               7 Cl     4.781619000000   -0.510148000000    0.439623000000
               8 O      2.100235000000   -0.144924000000    1.638247000000
               9 C      2.028239000000   -1.145223000000    2.592862000000
              10 C     -0.378576000000    0.003575000000    0.364809000000
              11 C     -1.556530000000   -0.846639000000   -0.014924000000
              12 C     -2.417281000000   -0.462650000000    1.230021000000
              13 C     -2.264816000000    1.039252000000    1.085156000000
              14 C     -1.018289000000    1.326714000000    0.512284000000
              15 C     -0.631646000000    2.647726000000    0.240318000000
              16 C     -1.506282000000    3.659245000000    0.551223000000
              17 C     -2.768962000000    3.361032000000    1.133621000000
              18 C     -3.119496000000    2.065888000000    1.386662000000
              19 O     -4.365109000000    1.741060000000    1.963401000000
              20 O     -1.247034000000    4.975888000000    0.336350000000
              21 C      0.669964000000    2.925644000000   -0.361587000000
              22 O      0.986158000000    4.118836000000   -0.594813000000
              23 C     -1.409628000000   -2.286147000000   -0.027105000000
              24 C     -0.329806000000   -3.014324000000    0.011017000000
              25 C     -2.737857000000   -3.059754000000   -0.094025000000
              26 O     -0.270208000000   -0.202758000000   -2.479850000000
              27 Cl     2.072110000000   -0.572122000000   -4.224225000000
              28 H      4.731985000000   -1.797866000000   -2.586551000000
              29 H      4.487761000000   -0.293434000000   -3.551650000000
              30 H      5.400482000000   -0.219665000000   -1.974758000000
              31 H      3.002915000000   -1.615833000000    2.835719000000
              32 H      1.526581000000   -0.753014000000    3.522277000000
              33 H      1.374879000000   -1.962137000000    2.231995000000
              34 H     -0.160147000000   -0.306853000000    1.441097000000
              35 H     -2.150218000000   -0.427364000000   -0.855068000000
              36 H     -3.470270000000   -0.707274000000    1.058025000000
              37 H     -1.985593000000   -0.845244000000    2.149109000000
              38 H     -3.442794000000    4.151838000000    1.372814000000
              39 H     -4.594724000000    0.785195000000    2.137203000000
              40 H     -0.493462000000    5.427833000000   -0.031865000000
              41 H      1.405515000000    2.215000000000   -0.634830000000
              42 H     -0.398504000000   -4.102746000000   -0.005656000000
              43 H      0.662147000000   -2.619966000000    0.055093000000
              44 H     -3.316784000000   -2.718654000000    0.778855000000
              45 H     -3.226180000000   -2.672523000000   -1.011606000000
              46 H     -2.560966000000   -4.135140000000   -0.088013000000
              47 H     -0.317971000000   -0.271877000000   -3.492996000000
