-------------------------------------------------------------
----------------------- !PROPERTIES! ------------------------
-------------------------------------------------------------
# -------------------------------------------------------------
----------------------- !GEOMETRIES! ------------------------
# -------------------------------------------------------------
------------------------ !GEOMETRY! -------------------------
    Number of atoms:    124 
    Geometry Index:     1 
    Coordinates:
               0  C     -2.334649000000    3.560706000000    4.217922000000
               1  O     -2.617611000000    2.389258000000    3.485880000000
               2  C     -1.857648000000    1.998994000000    2.389420000000
               3  C     -0.779006000000    2.743719000000    1.957797000000
               4  C     -0.009363000000    2.379967000000    0.874628000000
               5  C     -0.357915000000    1.217932000000    0.216184000000
               6  C     -1.430817000000    0.427991000000    0.602687000000
               7  C     -2.171256000000    0.844481000000    1.702528000000
               8  P     -1.917794000000   -1.067714000000   -0.217464000000
               9  O     -0.792042000000   -1.929589000000   -0.662362000000
              10  C     -2.932113000000   -2.051425000000    0.883103000000
              11  C     -2.496015000000   -3.159216000000    1.533106000000
              12  C     -3.372169000000   -3.842197000000    2.361020000000
              13  C     -4.676477000000   -3.435073000000    2.548941000000
              14  C     -5.127818000000   -2.309961000000    1.891903000000
              15  C     -4.245005000000   -1.639443000000    1.070659000000
              16  C     -2.936639000000   -0.737620000000   -1.663786000000
              17  C     -2.890246000000   -1.546241000000   -2.782699000000
              18  C     -3.665646000000   -1.304603000000   -3.899530000000
              19  C     -4.525314000000   -0.229571000000   -3.932686000000
              20  C     -4.589683000000    0.592147000000   -2.828446000000
              21  C     -3.805848000000    0.334638000000   -1.719154000000
              22  C      0.394814000000    0.771187000000   -0.926219000000
              23  C      0.040321000000    1.149716000000   -2.203845000000
              24  C      0.813003000000    0.681923000000   -3.240948000000
              25  C      1.911428000000   -0.141628000000   -3.020924000000
              26  C      2.241307000000   -0.504222000000   -1.720558000000
              27  C      1.482653000000   -0.049198000000   -0.654191000000
              28  P      1.950781000000   -0.537837000000    0.991310000000
              29  O      0.832887000000   -0.575661000000    1.962457000000
              30  C      3.232748000000    0.520562000000    1.659224000000
              31  C      3.875642000000    1.483384000000    0.910635000000
              32  C      4.868856000000    2.280988000000    1.484095000000
              33  C      5.237161000000    2.134421000000    2.805827000000
              34  C      4.591088000000    1.169481000000    3.551335000000
              35  C      3.597027000000    0.372359000000    2.974574000000
              36  C      2.640472000000   -2.184199000000    0.909687000000
              37  C      3.973714000000   -2.306099000000    0.528671000000
              38  C      4.564543000000   -3.548181000000    0.446609000000
              39  C      3.858072000000   -4.703807000000    0.737644000000
              40  C      2.531170000000   -4.550294000000    1.114489000000
              41  C      1.930859000000   -3.319982000000    1.200186000000
              42  O      2.683444000000   -0.610450000000   -4.045299000000
              43  C      2.495390000000   -0.346568000000   -5.400031000000
              44  O     -1.064753000000    1.971550000000   -2.354263000000
              45  C     -1.562072000000    2.447548000000   -3.558754000000
              46  O      1.077987000000    3.116559000000    0.427348000000
              47  C      1.528917000000    4.298860000000    1.001621000000
              48  C     -6.799683000000   -0.022485000000    0.438062000000
              49  C     -6.313317000000    1.263604000000    0.507734000000
              50  C     -4.970971000000    1.518500000000    0.295165000000
              51  C     -4.088303000000    0.504949000000    0.010239000000
              52  C     -4.569880000000   -0.784095000000   -0.060667000000
              53  C     -5.924783000000   -1.045527000000    0.153385000000
              54  C     -2.664667000000    0.779163000000   -0.214721000000
              55  O     -2.268697000000    1.971051000000   -0.139997000000
              56  O     -1.764352000000   -0.232110000000   -0.502786000000
              57  C     -0.398262000000    0.061603000000   -0.714911000000
              58  C      0.459713000000   -0.688686000000    0.292055000000
              59  C      0.119824000000   -2.125067000000    0.328391000000
              60  O     -1.063130000000   -2.528093000000    0.467703000000
              61  O      1.090783000000   -3.135113000000    0.210284000000
              62  O      1.819105000000   -0.439025000000    0.131609000000
              63  C      2.613999000000    0.208527000000    1.066706000000
              64  O      2.057502000000    0.584261000000    2.112836000000
              65  C      4.030736000000    0.415614000000    0.790496000000
              66  C      4.833049000000    1.056529000000    1.707372000000
              67  C      6.193676000000    1.265569000000    1.462980000000
              68  C      6.725798000000    0.813245000000    0.272766000000
              69  C      5.942875000000    0.170132000000   -0.658202000000
              70  C      4.585226000000   -0.019411000000   -0.375327000000
              71  C      0.014896000000   -0.239187000000   -2.105767000000
              72  O      1.191495000000   -0.039943000000   -2.471207000000
              73  O     -0.895508000000   -0.742292000000   -3.011282000000
              74  H     -2.532361000000    4.468481000000    3.597462000000
              75  H     -3.041869000000    3.582875000000    5.071491000000
              76  H     -1.297588000000    3.512725000000    4.579475000000
              77  H     -0.526443000000    3.654756000000    2.494484000000
              78  H     -3.032982000000    0.264510000000    2.060193000000
              79  H     -1.479554000000   -3.486147000000    1.393563000000
              80  H     -3.043366000000   -4.726080000000    2.886631000000
              81  H     -5.366743000000   -3.960037000000    3.191727000000
              82  H     -6.158889000000   -1.987092000000    2.039655000000
              83  H     -4.641063000000   -0.756556000000    0.570823000000
              84  H     -2.237042000000   -2.401911000000   -2.815262000000
              85  H     -3.602240000000   -1.971094000000   -4.774594000000
              86  H     -5.136288000000   -0.047116000000   -4.824651000000
              87  H     -5.262445000000    1.442240000000   -2.841571000000
              88  H     -3.888455000000    1.012337000000   -0.865243000000
              89  H      0.530061000000    0.982009000000   -4.240056000000
              90  H      3.096900000000   -1.144093000000   -1.568588000000
              91  H      3.592453000000    1.603700000000   -0.124692000000
              92  H      5.378634000000    3.045980000000    0.885425000000
              93  H      6.007577000000    2.756318000000    3.243526000000
              94  H      4.876437000000    1.045168000000    4.601690000000
              95  H      3.129962000000   -0.360428000000    3.601692000000
              96  H      4.589364000000   -1.450092000000    0.286249000000
              97  H      5.617739000000   -3.611580000000    0.143010000000
              98  H      4.311697000000   -5.679739000000    0.676068000000
              99  H      1.942046000000   -5.423026000000    1.350709000000
             100  H      0.902662000000   -3.226486000000    1.493998000000
             101  H      1.457927000000   -0.121070000000   -5.683505000000
             102  H      3.228502000000    0.412448000000   -5.783247000000
             103  H      2.764604000000   -1.291706000000   -5.955505000000
             104  H     -2.582274000000    2.882293000000   -3.349037000000
             105  H     -0.913718000000    3.170113000000   -4.083328000000
             106  H     -1.754204000000    1.557593000000   -4.221472000000
             107  H      1.961405000000    4.927127000000    0.171799000000
             108  H      0.649566000000    4.903833000000    1.366372000000
             109  H      2.263608000000    4.162152000000    1.814377000000
             110  H     -7.840835000000   -0.231583000000    0.601526000000
             111  H     -6.981945000000    2.077111000000    0.729190000000
             112  H     -4.569470000000    2.537807000000    0.347489000000
             113  H     -3.884680000000   -1.604028000000   -0.285931000000
             114  H     -6.287804000000   -2.061709000000    0.094502000000
             115  H     -0.281045000000    1.159635000000   -0.601005000000
             116  H      0.173295000000   -0.269705000000    1.293897000000
             117  H      0.901261000000   -3.935383000000   -0.411308000000
             118  H      4.392439000000    1.398227000000    2.625607000000
             119  H      6.823278000000    1.773604000000    2.192831000000
             120  H      7.782408000000    0.984551000000    0.101391000000
             121  H      6.399807000000   -0.163901000000   -1.568768000000
             122  H      4.025738000000   -0.527309000000   -1.139650000000
             123  H     -0.609569000000   -0.854556000000   -3.972687000000
