-------------------------------------------------------------
----------------------- !PROPERTIES! ------------------------
-------------------------------------------------------------
# -----------------------------------------------------------
$ SCF_Energy
   description: The SCF energy
   geom. index: 1
   prop. index: 1
        SCF Energy:    -1775.8308698217
# -----------------------------------------------------------
$ DFT_Energy
   description: The DFT energy
   geom. index: 1
   prop. index: 1
   Number of Alpha Electrons                113.9999228260 
   Number of Beta  Electrons                113.9999228260 
   Total number of  Electrons               227.9998456520 
   Exchange energy                         -168.8065416484 
   Correlation energy                        -9.5547111988 
   Correlation energy NL                      0.0000000000 
   Exchange-Correlation energy             -178.3612528472 
   Embedding correction                       0.0000000000 
   Total DFT Energy (No VdW correction)   -1775.8308698217 
# -----------------------------------------------------------
$ Mayer_Pop
   description: The Mayer population analysis
   geom. index: 1
   prop. index: 1
     Number of atoms                     : 43
     Threshold for printing              : 0.1000000
     Number of bond orders printed       : 46
  NA   - Mulliken gross atomic population
  ZA   - Total nuclear charge
  QA   - Mulliken gross atomic charge
  VA   - Mayer's total valence
  BVA  - Mayer's bonded valence
  FA   - Mayer's free valence
  ATOM       NA         ZA         QA         VA         BVA        FA
  0   0     6.0526     6.0000    -0.0526     3.7891     3.7891    -0.0000
  1   0     5.9849     6.0000     0.0151     3.8138     3.8138     0.0000
  2   0     6.0288     6.0000    -0.0288     3.7883     3.7883     0.0000
  3   0     5.7352     6.0000     0.2648     3.9010     3.9010     0.0000
  4   0     6.1359     6.0000    -0.1359     3.7616     3.7616     0.0000
  5   0     5.6991     6.0000     0.3009     3.8648     3.8648     0.0000
  6   0     9.1792     9.0000    -0.1792     1.1931     1.1931    -0.0000
  7   0     9.2124     9.0000    -0.2124     1.1651     1.1651     0.0000
  8   0     5.8987     6.0000     0.1013     3.9588     3.9588    -0.0000
  9   0     5.7545     6.0000     0.2455     3.8858     3.8858     0.0000
 10   0     8.3390     8.0000    -0.3390     2.1471     2.1471    -0.0000
 11   0     5.8158     6.0000     0.1842     3.9755     3.9755    -0.0000
 12   0     5.5076     6.0000     0.4924     4.3365     4.3365     0.0000
 13   0     9.2193     9.0000    -0.2193     1.1312     1.1312     0.0000
 14   0     9.1862     9.0000    -0.1862     1.1689     1.1689    -0.0000
 15   0     9.1900     9.0000    -0.1900     1.1616     1.1616     0.0000
 16   0     7.1560     7.0000    -0.1560     3.1782     3.1782     0.0000
 17   0     5.9061     6.0000     0.0939     4.2267     4.2267    -0.0000
 18   0     7.1741     7.0000    -0.1741     3.1041     3.1041    -0.0000
 19   0     5.9097     6.0000     0.0903     4.0244     4.0244     0.0000
 20   0     6.0603     6.0000    -0.0603     3.7674     3.7674     0.0000
 21   0     5.9440     6.0000     0.0560     4.0133     4.0133     0.0000
 22   0     7.1141     7.0000    -0.1141     3.1490     3.1490    -0.0000
 23   0     5.8506     6.0000     0.1494     3.9652     3.9652    -0.0000
 24   0     7.1418     7.0000    -0.1418     2.9621     2.9621    -0.0000
 25   0     7.1246     7.0000    -0.1246     2.9525     2.9525    -0.0000
 26   0     5.9949     6.0000     0.0051     3.9448     3.9448     0.0000
 27   0     8.1357     8.0000    -0.1357     2.4256     2.4256     0.0000
 28   0     5.4402     6.0000     0.5598     4.1477     4.1477    -0.0000
 29   0     9.1990     9.0000    -0.1990     1.1563     1.1563     0.0000
 30   0     9.2125     9.0000    -0.2125     1.1396     1.1396    -0.0000
 31   0     1.0067     1.0000    -0.0067     0.9904     0.9904    -0.0000
 32   0     1.0171     1.0000    -0.0171     1.0040     1.0040     0.0000
 33   0     0.9992     1.0000     0.0008     1.0039     1.0039     0.0000
 34   0     0.9912     1.0000     0.0088     1.0211     1.0211     0.0000
 35   0     0.9779     1.0000     0.0221     1.0397     1.0397     0.0000
 36   0     0.9838     1.0000     0.0162     1.0180     1.0180     0.0000
 37   0     0.9838     1.0000     0.0162     0.9974     0.9974     0.0000
 38   0     0.9608     1.0000     0.0392     0.9964     0.9964     0.0000
 39   0     0.8360     1.0000     0.1640     0.9903     0.9903     0.0000
 40   0     0.9690     1.0000     0.0310     1.0056     1.0056     0.0000
 41   0     0.9828     1.0000     0.0172     0.9957     0.9957     0.0000
 42   0     0.9890     1.0000     0.0110     0.9912     0.9912    -0.0000
      Bond orders larger than 0.1000000
           Atom A     A.N. of A          Atom B    A.N. of B              Bond order
                0             6               1            6                1.384359
                0             6               5            6                1.323861
                0             6              31            1                0.987523
                1             6               2            6                1.343971
                1             6              32            1                0.986253
                2             6               3            6                1.368739
                2             6               8            6                0.980991
                3             6               4            6                1.333417
                3             6               7            9                1.068617
                4             6               5            6                1.328377
                4             6              33            1                0.990454
                5             6               6            9                1.106084
                8             6               9            6                1.036583
                8             6              16            7                0.978033
                8             6              34            1                0.918530
                9             6              10            8                0.960904
                9             6              35            1                0.916024
                9             6              36            1                0.936078
               10             8              11            6                1.074877
               11             6              12            6                1.006930
               11             6              37            1                0.919928
               11             6              38            1                0.923472
               12             6              13            9                1.056868
               12             6              14            9                1.083767
               12             6              15            9                1.105159
               16             7              17            6                1.206369
               16             7              39            1                0.900933
               17             6              18            7                1.330779
               17             6              22            7                1.453033
               18             7              19            6                1.564821
               19             6              20            6                1.353621
               19             6              40            1                0.968973
               20             6              21            6                1.313843
               20             6              23            6                1.027809
               21             6              22            7                1.569733
               21             6              41            1                0.982850
               23             6              24            7                1.594084
               23             6              26            6                0.104977
               23             6              27            8                1.177448
               24             7              25            7                1.253750
               25             7              26            6                1.587854
               26             6              27            8                1.174680
               26             6              28            6                0.987647
               28             6              29            9                1.108103
               28             6              30            9                1.088692
               28             6              42            1                0.938864
# -----------------------------------------------------------
$ Calculation_Info
   description: Details of the calculation
   geom. index: 1
   prop. index: 1
     Multiplicity:                          1
     Charge:                                0
     number of atoms:                       43
     number of electrons:                   0
     number of frozen core electrons:       1
     number of correlated electrons:        0
     number of basis functions:             494
     number of aux C basis functions:       0
     number of aux J basis functions:       1651
     number of aux JK basis functions:      0
     number of aux CABS basis functions:    0
     Total Energy                           -1775.830870
# -----------------------------------------------------------
$ SCF_Electric_Properties
   description: The SCF Calculated Electric Properties
   geom. index: 1
   prop. index: 1
       Filename                          : 231.scfp 
       Do Dipole Moment Calculation      : true 
       Do Quadrupole Moment Calculation  : false 
       Do Polarizability Calculation     : true 
** Dipole moment part of electric properties **
        Magnitude of dipole moment (Debye) :        4.8618400713
        Electronic Contribution:
                  0    
      0       6.626099
      1      -8.648974
      2       0.362562
        Nuclear Contribution:
                  0    
      0      -6.889960
      1      10.177108
      2       0.757179
        Total Dipole moment:
                  0    
      0      -0.263861
      1       1.528134
      2       1.119741
** Polarizabilities part of electric properties **
        Isotropic polarizability :      238.9587195598
        The raw cartesian tensor (atomic units):
                  0          1          2    
      0     351.045825 -46.273768 -23.468771
      1     -46.273768 194.014066   5.402392
      2     -23.468771   5.402392 171.816268
        Diagonalised polarizability tensor :
                  0    
      0     168.771664
      1     181.465054
      2     366.639441
# -------------------------------------------------------------
----------------------- !GEOMETRIES! ------------------------
# -------------------------------------------------------------
------------------------ !GEOMETRY! -------------------------
    Number of atoms:    43 
    Geometry Index:     1 
    Coordinates:
               0 C     -2.163580000000    3.285268000000   -1.315080000000
               1 C     -1.796138000000    2.130081000000   -0.707735000000
               2 C     -2.503826000000    1.537234000000    0.344317000000
               3 C     -3.662868000000    2.227617000000    0.753857000000
               4 C     -4.042761000000    3.393399000000    0.143147000000
               5 C     -3.327338000000    3.963894000000   -0.896682000000
               6 F     -3.699906000000    5.095918000000   -1.501828000000
               7 F     -4.492832000000    1.726406000000    1.728105000000
               8 C     -2.084131000000    0.403333000000    1.163721000000
               9 C     -2.101543000000   -0.834488000000    0.207750000000
              10 O     -3.433472000000   -0.867496000000   -0.140446000000
              11 C     -3.948869000000   -1.899014000000   -0.816009000000
              12 C     -3.936754000000   -3.244391000000   -0.107144000000
              13 F     -4.537211000000   -4.164530000000   -0.979109000000
              14 F     -2.640057000000   -3.660538000000    0.094546000000
              15 F     -4.726641000000   -3.267503000000    1.024463000000
              16 N     -0.757877000000    0.546251000000    1.698289000000
              17 C      0.476100000000    0.149721000000    1.171940000000
              18 N      0.652310000000   -0.530026000000   -0.005921000000
              19 C      1.870938000000   -0.860661000000   -0.442266000000
              20 C      3.016318000000   -0.537568000000    0.259305000000
              21 C      2.832485000000    0.151370000000    1.437602000000
              22 N      1.599752000000    0.456275000000    1.831804000000
              23 C      4.374275000000   -0.889524000000   -0.125771000000
              24 N      4.725545000000   -1.766535000000   -1.080361000000
              25 N      6.081157000000   -1.825705000000   -1.150990000000
              26 C      6.556667000000   -0.969568000000   -0.218778000000
              27 O      5.513923000000   -0.448291000000    0.355998000000
              28 C      8.018152000000   -0.715737000000    0.028777000000
              29 F      8.614601000000   -1.896361000000    0.369976000000
              30 F      8.570225000000   -0.204145000000   -1.134484000000
              31 H     -1.578286000000    3.751981000000   -2.115395000000
              32 H     -0.900224000000    1.657625000000   -1.055299000000
              33 H     -4.971997000000    3.888422000000    0.458583000000
              34 H     -2.800373000000    0.189005000000    1.939171000000
              35 H     -1.471785000000   -0.620004000000   -0.669822000000
              36 H     -1.720568000000   -1.712022000000    0.732695000000
              37 H     -3.621750000000   -2.055690000000   -1.862695000000
              38 H     -5.070219000000   -1.684939000000   -0.922787000000
              39 H     -0.721741000000    1.049012000000    2.660559000000
              40 H      2.014475000000   -1.413141000000   -1.391296000000
              41 H      3.689194000000    0.476341000000    2.048655000000
              42 H      8.106630000000   -0.011273000000    0.868541000000
