-------------------------------------------------------------
----------------------- !PROPERTIES! ------------------------
-------------------------------------------------------------
# -----------------------------------------------------------
$ SCF_Energy
   description: The SCF energy
   geom. index: 1
   prop. index: 1
        SCF Energy:    -1510.7108746743
# -----------------------------------------------------------
$ DFT_Energy
   description: The DFT energy
   geom. index: 1
   prop. index: 1
   Number of Alpha Electrons                107.9997711543 
   Number of Beta  Electrons                107.9997711543 
   Total number of  Electrons               215.9995423087 
   Exchange energy                         -151.6230684204 
   Correlation energy                        -8.8639000209 
   Correlation energy NL                      0.0000000000 
   Exchange-Correlation energy             -160.4869684412 
   Embedding correction                       0.0000000000 
   Total DFT Energy (No VdW correction)   -1510.7108746743 
# -----------------------------------------------------------
$ Mayer_Pop
   description: The Mayer population analysis
   geom. index: 1
   prop. index: 1
     Number of atoms                     : 47
     Threshold for printing              : 0.1000000
     Number of bond orders printed       : 51
  NA   - Mulliken gross atomic population
  ZA   - Total nuclear charge
  QA   - Mulliken gross atomic charge
  VA   - Mayer's total valence
  BVA  - Mayer's bonded valence
  FA   - Mayer's free valence
  ATOM       NA         ZA         QA         VA         BVA        FA
  0   0     6.0549     6.0000    -0.0549     3.9774     3.9774     0.0000
  1   0     6.0010     6.0000    -0.0010     3.9733     3.9733    -0.0000
  2   0     6.0739     6.0000    -0.0739     3.8603     3.8603     0.0000
  3   0     5.8382     6.0000     0.1618     4.2805     4.2805    -0.0000
  4   0     8.2953     8.0000    -0.2953     2.2131     2.2131     0.0000
  5   0     7.1770     7.0000    -0.1770     3.1894     3.1894    -0.0000
  6   0     5.8171     6.0000     0.1829     4.0077     4.0077     0.0000
  7   0     5.8667     6.0000     0.1333     3.9233     3.9233    -0.0000
  8   0     5.9382     6.0000     0.0618     3.8174     3.8174    -0.0000
  9   0     6.0311     6.0000    -0.0311     3.8489     3.8489    -0.0000
 10   0     6.0409     6.0000    -0.0409     3.8052     3.8052    -0.0000
 11   0     5.7065     6.0000     0.2935     3.9006     3.9006     0.0000
 12   0     6.0374     6.0000    -0.0374     3.7895     3.7895     0.0000
 13   0     6.0291     6.0000    -0.0291     3.8329     3.8329    -0.0000
 14   0     9.2057     9.0000    -0.2057     1.1597     1.1597    -0.0000
 15   0     7.1541     7.0000    -0.1541     3.2196     3.2196    -0.0000
 16   0     5.8824     6.0000     0.1176     4.2236     4.2236    -0.0000
 17   0     7.1247     7.0000    -0.1247     3.1333     3.1333    -0.0000
 18   0     5.9213     6.0000     0.0787     4.0078     4.0078    -0.0000
 19   0     6.0536     6.0000    -0.0536     3.7601     3.7601    -0.0000
 20   0     5.9178     6.0000     0.0822     4.0123     4.0123    -0.0000
 21   0     7.1686     7.0000    -0.1686     3.1183     3.1183    -0.0000
 22   0     5.8684     6.0000     0.1316     3.9822     3.9822     0.0000
 23   0     7.1207     7.0000    -0.1207     2.9732     2.9732     0.0000
 24   0     7.1225     7.0000    -0.1225     2.9754     2.9754    -0.0000
 25   0     5.9993     6.0000     0.0007     3.9363     3.9363    -0.0000
 26   0     8.1400     8.0000    -0.1400     2.4259     2.4259    -0.0000
 27   0     5.4507     6.0000     0.5493     4.1592     4.1592     0.0000
 28   0     9.2043     9.0000    -0.2043     1.1490     1.1490     0.0000
 29   0     9.2110     9.0000    -0.2110     1.1411     1.1411     0.0000
 30   0     0.9645     1.0000     0.0355     0.9776     0.9776     0.0000
 31   0     0.9416     1.0000     0.0584     0.9973     0.9973     0.0000
 32   0     0.9674     1.0000     0.0326     0.9781     0.9781     0.0000
 33   0     0.9392     1.0000     0.0608     0.9959     0.9959     0.0000
 34   0     1.0016     1.0000    -0.0016     0.9840     0.9840     0.0000
 35   0     0.8718     1.0000     0.1282     0.9880     0.9880    -0.0000
 36   0     0.9760     1.0000     0.0240     1.0366     1.0366    -0.0000
 37   0     1.0004     1.0000    -0.0004     0.9888     0.9888    -0.0000
 38   0     0.9919     1.0000     0.0081     1.0170     1.0170     0.0000
 39   0     1.0165     1.0000    -0.0165     0.9876     0.9876     0.0000
 40   0     1.0213     1.0000    -0.0213     0.9912     0.9912    -0.0000
 41   0     1.0132     1.0000    -0.0132     0.9916     0.9916     0.0000
 42   0     1.0266     1.0000    -0.0266     0.9984     0.9984    -0.0000
 43   0     0.8564     1.0000     0.1436     1.0141     1.0141     0.0000
 44   0     0.9975     1.0000     0.0025     0.9986     0.9986     0.0000
 45   0     0.9734     1.0000     0.0266     1.0076     1.0076    -0.0000
 46   0     0.9886     1.0000     0.0114     0.9911     0.9911    -0.0000
      Bond orders larger than 0.1000000
           Atom A     A.N. of A          Atom B    A.N. of B              Bond order
                0             6               1            6                1.043497
                0             6               2            6                0.961604
                0             6              30            1                0.955121
                0             6              31            1                0.949806
                1             6               2            6                0.975060
                1             6              32            1                0.949566
                1             6              33            1                0.943602
                2             6               3            6                0.992727
                2             6              34            1                0.926938
                3             6               4            8                1.988523
                3             6               5            7                1.170504
                5             7               6            6                1.030672
                5             7              35            1                0.917219
                6             6               7            6                1.047012
                6             6              36            1                0.899586
                6             6              37            1                0.927156
                7             6               8            6                0.959279
                7             6              15            7                0.974357
                7             6              38            1                0.885884
                8             6               9            6                1.392321
                8             6              13            6                1.388269
                9             6              10            6                1.350097
                9             6              39            1                0.986666
               10             6              11            6                1.367324
               10             6              40            1                0.992924
               11             6              12            6                1.361291
               11             6              14            9                1.078763
               12             6              13            6                1.340848
               12             6              41            1                0.992837
               13             6              42            1                0.992401
               15             7              16            6                1.213029
               15             7              43            1                0.906208
               16             6              17            7                1.425137
               16             6              21            7                1.350324
               17             7              18            6                1.566719
               18             6              19            6                1.324023
               18             6              44            1                0.983230
               19             6              20            6                1.340249
               19             6              22            6                1.024100
               20             6              21            7                1.551871
               20             6              45            1                0.976500
               22             6              23            7                1.592140
               22             6              25            6                0.105020
               22             6              26            8                1.192462
               23             7              24            7                1.266882
               24             7              25            6                1.597297
               25             6              26            8                1.158464
               25             6              27            6                0.992374
               27             6              28            9                1.104906
               27             6              29            9                1.097393
               27             6              46            1                0.937167
# -----------------------------------------------------------
$ Calculation_Info
   description: Details of the calculation
   geom. index: 1
   prop. index: 1
     Multiplicity:                          1
     Charge:                                0
     number of atoms:                       47
     number of electrons:                   0
     number of frozen core electrons:       1
     number of correlated electrons:        0
     number of basis functions:             505
     number of aux C basis functions:       0
     number of aux J basis functions:       1657
     number of aux JK basis functions:      0
     number of aux CABS basis functions:    0
     Total Energy                           -1510.710875
# -----------------------------------------------------------
$ SCF_Electric_Properties
   description: The SCF Calculated Electric Properties
   geom. index: 1
   prop. index: 1
       Filename                          : 222.scfp 
       Do Dipole Moment Calculation      : true 
       Do Quadrupole Moment Calculation  : false 
       Do Polarizability Calculation     : true 
** Dipole moment part of electric properties **
        Magnitude of dipole moment (Debye) :        6.2183356145
        Electronic Contribution:
                  0    
      0      32.029931
      1      30.895115
      2       0.517029
        Nuclear Contribution:
                  0    
      0     -33.803465
      1     -32.459377
      2      -1.143680
        Total Dipole moment:
                  0    
      0      -1.773533
      1      -1.564262
      2      -0.626651
** Polarizabilities part of electric properties **
        Isotropic polarizability :      267.9024375100
        The raw cartesian tensor (atomic units):
                  0          1          2    
      0     239.555022  65.339667  45.493017
      1      65.339667 364.884030  46.643694
      2      45.493017  46.643694 199.268261
        Diagonalised polarizability tensor :
                  0    
      0     169.567492
      1     223.678115
      2     410.461706
# -------------------------------------------------------------
----------------------- !GEOMETRIES! ------------------------
# -------------------------------------------------------------
------------------------ !GEOMETRY! -------------------------
    Number of atoms:    47 
    Geometry Index:     1 
    Coordinates:
               0 C     -4.981128000000   -0.873045000000   -0.340429000000
               1 C     -4.971012000000   -0.026745000000    0.895434000000
               2 C     -4.107436000000   -1.232766000000    0.858450000000
               3 C     -2.634235000000   -1.075815000000    0.699618000000
               4 O     -2.154794000000   -0.111022000000    0.072971000000
               5 N     -1.696187000000   -1.981716000000    1.231315000000
               6 C     -0.321145000000   -1.880930000000    1.111323000000
               7 C      0.325570000000   -1.878585000000   -0.221127000000
               8 C      0.090870000000   -3.057657000000   -1.038591000000
               9 C      0.870946000000   -4.183766000000   -0.899683000000
              10 C      0.657728000000   -5.317538000000   -1.673977000000
              11 C     -0.351196000000   -5.335439000000   -2.606782000000
              12 C     -1.146757000000   -4.216273000000   -2.763497000000
              13 C     -0.903743000000   -3.113209000000   -1.977561000000
              14 F     -0.578473000000   -6.429616000000   -3.373760000000
              15 N      0.288593000000   -0.619348000000   -0.933960000000
              16 C      0.958593000000    0.532322000000   -0.423994000000
              17 N      0.942735000000    1.717858000000   -1.057809000000
              18 C      1.569706000000    2.816214000000   -0.598629000000
              19 C      2.274592000000    2.755734000000    0.581935000000
              20 C      2.305378000000    1.552505000000    1.249111000000
              21 N      1.654906000000    0.497251000000    0.729468000000
              22 C      2.966737000000    3.938965000000    1.103853000000
              23 N      3.680764000000    3.999096000000    2.236889000000
              24 N      4.133971000000    5.239721000000    2.340043000000
              25 C      3.713698000000    5.959884000000    1.286073000000
              26 O      3.008581000000    5.136381000000    0.558661000000
              27 C      4.001343000000    7.412432000000    1.010892000000
              28 F      5.355660000000    7.624072000000    0.924683000000
              29 F      3.481970000000    8.186796000000    2.026753000000
              30 H     -5.864304000000   -1.487776000000   -0.552572000000
              31 H     -4.429478000000   -0.514770000000   -1.256277000000
              32 H     -5.886651000000   -0.055488000000    1.499084000000
              33 H     -4.522513000000    0.999069000000    0.777613000000
              34 H     -4.446278000000   -2.113449000000    1.425773000000
              35 H     -2.089717000000   -2.811974000000    1.768998000000
              36 H     -0.004744000000   -0.920579000000    1.622777000000
              37 H      0.189602000000   -2.661047000000    1.740886000000
              38 H      1.443226000000   -1.944133000000    0.039477000000
              39 H      1.693521000000   -4.231621000000   -0.170907000000
              40 H      1.266968000000   -6.191773000000   -1.563186000000
              41 H     -1.938811000000   -4.256583000000   -3.509134000000
              42 H     -1.529804000000   -2.252587000000   -2.110764000000
              43 H     -0.211202000000   -0.476693000000   -1.833819000000
              44 H      1.537267000000    3.758285000000   -1.134604000000
              45 H      2.850152000000    1.442657000000    2.194260000000
              46 H      3.506531000000    7.682698000000    0.054721000000
