-------------------------------------------------------------
----------------------- !PROPERTIES! ------------------------
-------------------------------------------------------------
# -----------------------------------------------------------
$ SCF_Energy
   description: The SCF energy
   geom. index: 1
   prop. index: 1
        SCF Energy:    -1148.4943767887
# -----------------------------------------------------------
$ DFT_Energy
   description: The DFT energy
   geom. index: 1
   prop. index: 1
   Number of Alpha Electrons                 90.9997841038 
   Number of Beta  Electrons                 90.9997841038 
   Total number of  Electrons               181.9995682076 
   Exchange energy                         -121.9287671630 
   Correlation energy                        -7.3492824844 
   Correlation energy NL                      0.0000000000 
   Exchange-Correlation energy             -129.2780496474 
   Embedding correction                       0.0000000000 
   Total DFT Energy (No VdW correction)   -1148.4943767887 
# -----------------------------------------------------------
$ Mayer_Pop
   description: The Mayer population analysis
   geom. index: 1
   prop. index: 1
     Number of atoms                     : 44
     Threshold for printing              : 0.1000000
     Number of bond orders printed       : 48
  NA   - Mulliken gross atomic population
  ZA   - Total nuclear charge
  QA   - Mulliken gross atomic charge
  VA   - Mayer's total valence
  BVA  - Mayer's bonded valence
  FA   - Mayer's free valence
  ATOM       NA         ZA         QA         VA         BVA        FA
  0   0     5.9211     6.0000     0.0789     3.8967     3.8967    -0.0000
  1   0     6.0138     6.0000    -0.0138     3.8925     3.8925    -0.0000
  2   0     6.0832     6.0000    -0.0832     3.7727     3.7727     0.0000
  3   0     5.7733     6.0000     0.2267     3.9449     3.9449    -0.0000
  4   0     6.0921     6.0000    -0.0921     3.7834     3.7834     0.0000
  5   0     5.7721     6.0000     0.2279     3.8749     3.8749     0.0000
  6   0     6.0361     6.0000    -0.0361     3.8126     3.8126     0.0000
  7   0     8.2831     8.0000    -0.2831     2.1786     2.1786    -0.0000
  8   0     5.6721     6.0000     0.3279     3.7577     3.7577     0.0000
  9   0     6.1747     6.0000    -0.1747     3.7477     3.7477    -0.0000
 10   0     5.7517     6.0000     0.2483     3.7920     3.7920     0.0000
 11   0     6.0580     6.0000    -0.0580     3.8436     3.8436     0.0000
 12   0     5.7717     6.0000     0.2283     3.9820     3.9820    -0.0000
 13   0     6.1003     6.0000    -0.1003     3.9588     3.9588     0.0000
 14   0     6.1174     6.0000    -0.1174     3.9490     3.9490     0.0000
 15   0     5.5352     6.0000     0.4648     3.8082     3.8082     0.0000
 16   0     8.3638     8.0000    -0.3638     2.1221     2.1221     0.0000
 17   0     6.0894     6.0000    -0.0894     3.8218     3.8218     0.0000
 18   0     5.9379     6.0000     0.0621     3.7465     3.7465     0.0000
 19   0     6.0851     6.0000    -0.0851     3.8371     3.8371     0.0000
 20   0     5.7557     6.0000     0.2443     3.7613     3.7613     0.0000
 21   0     8.2896     8.0000    -0.2896     2.2435     2.2435    -0.0000
 22   0     6.1111     6.0000    -0.1111     4.0400     4.0400    -0.0000
 23   0     6.1158     6.0000    -0.1158     3.7837     3.7837    -0.0000
 24   0     5.8336     6.0000     0.1664     3.8697     3.8697     0.0000
 25   0     8.2648     8.0000    -0.2648     2.1663     2.1663    -0.0000
 26   0     0.9769     1.0000     0.0231     0.9901     0.9901    -0.0000
 27   0     0.9663     1.0000     0.0337     0.9873     0.9873    -0.0000
 28   0     0.9943     1.0000     0.0057     0.9979     0.9979     0.0000
 29   0     1.0743     1.0000    -0.0743     0.9971     0.9971    -0.0000
 30   0     1.0335     1.0000    -0.0335     1.0063     1.0063     0.0000
 31   0     1.0575     1.0000    -0.0575     1.0002     1.0002     0.0000
 32   0     1.0267     1.0000    -0.0267     1.0082     1.0082     0.0000
 33   0     1.0113     1.0000    -0.0113     0.9659     0.9659     0.0000
 34   0     0.9998     1.0000     0.0002     0.9902     0.9902     0.0000
 35   0     0.9832     1.0000     0.0168     0.9945     0.9945     0.0000
 36   0     1.0422     1.0000    -0.0422     0.9816     0.9816    -0.0000
 37   0     1.0187     1.0000    -0.0187     0.9792     0.9792     0.0000
 38   0     1.0285     1.0000    -0.0285     0.9883     0.9883    -0.0000
 39   0     1.0476     1.0000    -0.0476     1.0010     1.0010     0.0000
 40   0     0.9520     1.0000     0.0480     1.0096     1.0096    -0.0000
 41   0     1.0030     1.0000    -0.0030     0.9938     0.9938    -0.0000
 42   0     0.9882     1.0000     0.0118     0.9989     0.9989    -0.0000
 43   0     0.7935     1.0000     0.2065     0.9853     0.9853    -0.0000
      Bond orders larger than 0.1000000
           Atom A     A.N. of A          Atom B    A.N. of B              Bond order
                0             6               1            6                1.054286
                0             6              26            1                0.956863
                0             6              27            1                0.951412
                0             6              28            1                0.956624
                1             6               2            6                1.359523
                1             6               6            6                1.335533
                2             6               3            6                1.317790
                2             6              29            1                0.997234
                3             6               4            6                1.322969
                3             6              25            8                1.145973
                4             6               5            6                1.339550
                4             6              30            1                1.014931
                5             6               6            6                1.366128
                5             6               7            8                0.998211
                6             6              31            1                1.006881
                7             8               8            6                1.051298
                8             6               9            6                1.309185
                8             6              23            6                1.292846
                9             6              10            6                1.280461
                9             6              32            1                1.007853
               10             6              11            6                1.345585
               10             6              21            8                1.072970
               11             6              12            6                1.008078
               11             6              22            6                1.356746
               12             6              13            6                0.948417
               12             6              16            8                1.047492
               12             6              33            1                0.836601
               13             6              14            6                1.387984
               13             6              20            6                1.366449
               14             6              15            6                1.009940
               14             6              17            6                1.387994
               15             6              16            8                0.963307
               15             6              34            1                0.877112
               15             6              35            1                0.925762
               17             6              18            6                1.328077
               17             6              36            1                0.996378
               18             6              19            6                1.371877
               18             6              37            1                0.994522
               19             6              20            6                1.320173
               19             6              38            1                0.992884
               20             6              21            8                1.056697
               22             6              23            6                1.374394
               22             6              24            6                1.109186
               23             6              39            1                1.003272
               24             6              40            1                0.933988
               24             6              41            1                0.943234
               24             6              42            1                0.920041
               25             8              43            1                0.931769
# -----------------------------------------------------------
$ Calculation_Info
   description: Details of the calculation
   geom. index: 1
   prop. index: 1
     Multiplicity:                          1
     Charge:                                0
     number of atoms:                       44
     number of electrons:                   0
     number of frozen core electrons:       1
     number of correlated electrons:        0
     number of basis functions:             454
     number of aux C basis functions:       0
     number of aux J basis functions:       1472
     number of aux JK basis functions:      0
     number of aux CABS basis functions:    0
     Total Energy                           -1148.494377
# -----------------------------------------------------------
$ SCF_Electric_Properties
   description: The SCF Calculated Electric Properties
   geom. index: 1
   prop. index: 1
       Filename                          : 78.scfp 
       Do Dipole Moment Calculation      : true 
       Do Quadrupole Moment Calculation  : false 
       Do Polarizability Calculation     : true 
** Dipole moment part of electric properties **
        Magnitude of dipole moment (Debye) :        2.0594603498
        Electronic Contribution:
                  0    
      0       2.521408
      1      -4.268660
      2       1.973426
        Nuclear Contribution:
                  0    
      0      -2.631278
      1       3.635710
      2      -2.467176
        Total Dipole moment:
                  0    
      0      -0.109871
      1      -0.632949
      2      -0.493750
** Polarizabilities part of electric properties **
        Isotropic polarizability :      246.8717217169
        The raw cartesian tensor (atomic units):
                  0          1          2    
      0     329.461831  12.934027  -6.966390
      1      12.934027 211.013591  36.806976
      2      -6.966390  36.806976 200.139744
        Diagonalised polarizability tensor :
                  0    
      0     167.206753
      1     242.476415
      2     330.931997
# -------------------------------------------------------------
----------------------- !GEOMETRIES! ------------------------
# -------------------------------------------------------------
------------------------ !GEOMETRY! -------------------------
    Number of atoms:    44 
    Geometry Index:     1 
    Coordinates:
               0 C     -5.733751000000    0.775321000000   -1.909302000000
               1 C     -5.037852000000    0.345383000000   -0.670738000000
               2 C     -5.517579000000   -0.747321000000    0.004185000000
               3 C     -4.881935000000   -1.174238000000    1.173152000000
               4 C     -3.781250000000   -0.491949000000    1.632884000000
               5 C     -3.278248000000    0.613498000000    0.969536000000
               6 C     -3.927769000000    1.008668000000   -0.179755000000
               7 O     -2.185150000000    1.306031000000    1.409652000000
               8 C     -0.875961000000    1.026991000000    1.046946000000
               9 C     -0.503024000000    0.021148000000    0.199976000000
              10 C      0.811205000000   -0.235977000000   -0.145645000000
              11 C      1.815103000000    0.576553000000    0.405848000000
              12 C      3.216165000000    0.319881000000    0.211259000000
              13 C      3.369402000000   -0.701117000000   -0.854633000000
              14 C      4.710331000000   -0.740473000000   -1.093130000000
              15 C      5.334528000000    0.401391000000   -0.326306000000
              16 O      4.157054000000    1.241245000000   -0.088344000000
              17 C      5.120724000000   -1.717007000000   -1.974533000000
              18 C      4.196629000000   -2.585655000000   -2.564669000000
              19 C      2.846114000000   -2.454532000000   -2.254919000000
              20 C      2.405554000000   -1.479287000000   -1.371634000000
              21 O      1.053284000000   -1.283973000000   -1.036132000000
              22 C      1.456140000000    1.614195000000    1.273908000000
              23 C      0.130183000000    1.807913000000    1.567237000000
              24 C      2.521224000000    2.493663000000    1.866801000000
              25 O     -5.354524000000   -2.278747000000    1.868918000000
              26 H     -6.815298000000    0.876197000000   -1.765407000000
              27 H     -5.499594000000    0.116641000000   -2.769353000000
              28 H     -5.354929000000    1.788543000000   -2.188816000000
              29 H     -6.372063000000   -1.320949000000   -0.304344000000
              30 H     -3.313817000000   -0.852302000000    2.543587000000
              31 H     -3.561610000000    1.857992000000   -0.711737000000
              32 H     -1.288970000000   -0.597665000000   -0.213543000000
              33 H      3.578401000000   -0.228825000000    1.182250000000
              34 H      5.782624000000    0.105166000000    0.610539000000
              35 H      5.937039000000    0.997235000000   -1.019766000000
              36 H      6.181067000000   -1.787798000000   -2.193670000000
              37 H      4.539609000000   -3.350003000000   -3.255206000000
              38 H      2.128095000000   -3.124241000000   -2.710587000000
              39 H     -0.128663000000    2.620615000000    2.244860000000
              40 H      3.028641000000    3.091349000000    1.081855000000
              41 H      2.035939000000    3.115065000000    2.644871000000
              42 H      3.224336000000    1.815956000000    2.399320000000
              43 H     -6.167406000000   -2.784580000000    1.531528000000
